0 1.0000000000000000 0.0000000000000000
1 0.9848465756020066 0.0151534243979862
2 0.9699761328618619 0.0300238671381342
3 0.9553749244022288 0.0446250755977670
4 0.9410298993270800 0.0589701006729099
5 0.9269286571204483 0.0730713428795708
6 0.9130594046768895 0.0869405953231089
7 0.8994109162556411 0.1005890837443615
8 0.8859724961575366 0.1140275038424730
9 0.8727339439330428 0.1272660560669603
10 0.8596855219393864 0.1403144780606091
11 0.8468179250745709 0.1531820749254438
12 0.8341222525252587 0.1658777474747448
13 0.8215899813776822 0.1784100186223178
14 0.8092129419480353 0.1907870580519727
15 0.7969832947022419 0.2030167052977526
16 0.7848935086401134 0.2151064913598938
17 0.7729363410349087 0.2270636589650689
18 0.7611048184186691 0.2388951815813264
19 0.7493922187242688 0.2506077812757351
20 0.7377920544863268 0.2622079455136852
21 0.7262980570306410 0.2737019429693517
22 0.7149041615621538 0.2850958384378350
23 0.7036044930975310 0.2963955069024786
24 0.6923933531567336 0.3076066468432594
25 0.6812652071752379 0.3187347928247813
26 0.6702146725530587 0.3297853274469463
27 0.6592365073151658 0.3407634926848440
28 0.6483255993015991 0.3516744006983978
29 0.6374769558726952 0.3625230441272855
30 0.6266856940499572 0.3733143059500120
31 0.6159470310895262 0.3840529689104747
32 0.6052562754109450 0.3947437245890617
33 0.5946088178849622 0.4053911821150314
34 0.5840001234052052 0.4159998765948031
35 0.5734257227505748 0.4265742772494326
36 0.5628812046684994 0.4371187953314907
37 0.5523622081865223 0.4476377918134757
38 0.5418644150885212 0.4581355849114712
39 0.5313835425604466 0.4686164574395414
40 0.5209153359508538 0.4790846640491671
41 0.5104555616437092 0.4895444383562745
42 0.5000000000000000 0.5000000000000000
43 0.9698666656943129 0.0150666671528468
44 0.9551620062539761 0.0298540896256505
45 0.9407192177697742 0.0443758380085417
46 0.9265255930011032 0.0586447971005363
47 0.9125690525482962 0.0726732115192448
48 0.8988381034305228 0.0864727281708717
49 0.8853218004702382 0.1000544357979656
50 0.8720097102910822 0.1134289018130428
51 0.8588918777451459 0.1266062066151344
52 0.8459587945945624 0.1395959755754241
53 0.8332013702821820 0.1524074088676771
54 0.8206109046351518 0.1650493093067286
55 0.8081790623562705 0.1775301083493174
56 0.7958978491653019 0.1898578903970833
57 0.7837595894658046 0.2020404155366621
58 0.7717569054165208 0.2140851408329401
59 0.7598826973037973 0.2259992402942902
60 0.7481301251080607 0.2377896236034835
61 0.7364925911808505 0.2494629537207086
62 0.7249637239359248 0.2610256634320416
63 0.7135373624896927 0.2724839709416292
64 0.7022075421608580 0.2838438945622231
65 0.6909684807818876 0.2951112665984054
66 0.6798145657349615 0.3062917464600334
67 0.6687403416809200 0.3173908330986197
68 0.6577404988943099 0.3284138767891496
69 0.6468098621869631 0.3393660903493897
70 0.6359433803332426 0.3502525598053773
71 0.6251361159915505 0.3610782545948093
72 0.6143832360352064 0.3718480373026377
73 0.6036800022999329 0.3825666730195110
74 0.5930217626626479 0.3932388383094382
75 0.5824039424655599 0.4038691298759142
76 0.5718220362015382 0.4144620729078198
77 0.5612715994782315 0.4250221291898703
78 0.5507482411821544 0.4355537049580887
79 0.5402476158592876 0.4460611585774432
80 0.5297654162413880 0.4565488080260476
81 0.5192973659296982 0.4670209382523798
82 0.5088392121761764 0.4774818083983505
83 0.4983867187641899 0.4879356589421066
84 0.9406157569128017 0.0296921215436068
85 0.9263243476242948 0.0441380588812946
86 0.9122753912645620 0.0583344467249711
87 0.8984571078503663 0.0722933848290878
88 0.8848582844922546 0.0860263841433294
89 0.8714682380544111 0.0995444059211969
90 0.8582767803343923 0.1128578981198942
91 0.8452741855842267 0.1259768292941450
92 0.8324511602037932 0.1389107201746925
93 0.8197988144466607 0.1516686731088133
94 0.8073086359877922 0.1642593995299557
95 0.7949724652125399 0.1766912456080497
96 0.7827824720941373 0.1889722162259501
97 0.7707311345391984 0.2011099974080058
98 0.7588112180847990 0.2131119773278366
99 0.7470157568464323 0.2249852659974442
100 0.7353380356147602 0.2367367137504170
101 0.7237715730188675 0.2483729285998273
102 0.7123101056654174 0.2599002925736797
103 0.7009475731880478 0.2713249770893630
104 0.6896781041241117 0.2826529574640529
105 0.6784960025684761 0.2938900266055894
106 0.6673957355254951 0.3050418079774465
107 0.6563719209225185 0.3161137678673931
108 0.6454193162081495 0.3271112270513579
109 0.6345328075100073 0.3380393718686793
110 0.6237073992768662 0.3489032647981613
111 0.6129382043895875 0.3597078545376056
112 0.6022204346670952 0.3704579856730857
113 0.5915493917630401 0.3811584079332230
114 0.5809204583822900 0.3918137851123338
115 0.5703290898180893 0.4024287036528691
116 0.5597708057406424 0.4130076809658697
117 0.5492411822412636 0.4235551734786129
118 0.5387358440673681 0.4340755844808240
119 0.5282504570520975 0.4445732717611189
120 0.5177807206806134 0.4550525550957257
121 0.5073223607933648 0.4655177235873830
122 0.4968711223770855 0.4759730429058198
123 0.4864227624365349 0.4864227624365349
124 0.9121775956646647 0.0439112021676701
125 0.8982668733053388 0.0580383575257093
126 0.8845806800410625 0.0719310245989889
127 0.8711080646252244 0.0856005878119940
128 0.8578385888700759 0.0990578897035628
129 0.8447622938862909 0.1123132669417009
130 0.8318696685878749 0.1253765838413654
131 0.8191516202979793 0.1382572635787712
132 0.8065994473002662 0.1509643172844602
133 0.7942048131892872 0.1635063711800148
134 0.7819597228835223 0.1758916919165882
135 0.7698565001718807 0.1881282102521616
136 0.7578877666768732 0.2002235432050928
137 0.7460464221210014 0.2121850147944878
138 0.7343256257997417 0.2240196754893145
139 0.7227187791604219 0.2357343204526571
140 0.7112195094099080 0.2473355066923925
141 0.6998216540601507 0.2588295691833091
142 0.6885192463520627 0.2702226360657066
143 0.6773065014731423 0.2815206429664296
144 0.6661778035252741 0.2927293465445135
145 0.6551276931608101 0.3038543372900704
146 0.6441508558576824 0.3149010516775094
147 0.6332421107521949 0.3258747836859563
148 0.6223964000125065 0.3367806957869399
149 0.6116087786711031 0.3476238293967365
150 0.6008744049099899 0.3584091148911525
151 0.5901885307171394 0.3691413811703561
152 0.5795464929198704 0.3798253648699820
153 0.5689437045159389 0.3904657191999362
154 0.5583756463130481 0.4010670225025534
155 0.5478378587990801 0.4116337865093453
156 0.5373259342563221 0.4221704643804884
157 0.5268355090472265 0.4326814585087217
158 0.5163622560830878 0.4431711281614364
159 0.5059018774117010 0.4536437969497629
160 0.4954500969294022 0.4641037601860301
161 0.4850026531647855 0.4745552921288296
162 0.8844882292611672 0.0577558853694174
163 0.8709282197541967 0.0715853502571932
164 0.8575761381641189 0.0851944304365238
165 0.8444217754505394 0.0985938578468470
166 0.8314553873454026 0.1117938654355933
167 0.8186676637449332 0.1248042203398914
168 0.8060497001402622 0.1376342547767825
169 0.7935929709345880 0.1502928948226434
170 0.7812893045040444 0.1627886872543836
171 0.7691308598687497 0.1751298246022333
172 0.7571101048481997 0.1873241685635083
173 0.7452197955867321 0.1993792718983369
174 0.7334529573391411 0.2113023989384741
175 0.7218028664213236 0.2231005448043098
176 0.7102630332297061 0.2347804534482758
177 0.6988271862523490 0.2463486345969717
178 0.6874892569864717 0.2578113797022801
179 0.6762433657010039 0.2691747769537458
180 0.6650838079668323 0.2804447254580631
181 0.6540050419069673 0.2916269486204050
182 0.6430016760936910 0.3027270068306983
183 0.6320684580569462 0.3137503094740666
184 0.6212002633329312 0.3247021263659175
185 0.6103920850271306 0.3355875986159146
186 0.5996390238217221 0.3464117490175963
187 0.5889362784106904 0.3571794919582044
188 0.5782791362939584 0.3678956429421550
189 0.5676629649247571 0.3785649277167809
190 0.5570832031442708 0.3891919910885980
191 0.5465353529021606 0.3997814054164023
192 0.5360149711983100 0.4103376788615061
193 0.5255176622470912 0.4208652633833804
194 0.5150390698038250 0.4313685625508196
195 0.5045748696538876 0.4418519391626957
196 0.4941207622109829 0.4523197227372153
197 0.4836724652207151 0.4627762168721455
198 0.4732257065252807 0.4732257065252807
199 0.8574887318221384 0.0712556340889362
200 0.8442517385298017 0.0848070644978765
201 0.8312072453554573 0.0981513500784024
202 0.8183457090224064 0.1112986270867853
203 0.8056580076924909 0.1242585720558031
204 0.7931354131438346 0.1370404323924606
205 0.7807695647832189 0.1496530548796129
206 0.7685524453526672 0.1621049122461918
207 0.7564763581995412 0.1744041279691789
208 0.7445339059863768 0.1865584994400140
209 0.7327179707291908 0.1985755196380298
210 0.7210216950558335 0.2104623974147240
211 0.7094384645929550 0.2222260765168219
212 0.6979618913857303 0.2338732534264993
213 0.6865857982779996 0.2454103941377244
214 0.6753042041665739 0.2568437499247289
215 0.6641113100741597 0.2681793722167681
216 0.6530014859609780 0.2794231266154564
217 0.6419692582342448 0.2905807061663741
218 0.6310092978783429 0.3016576439036228
219 0.6201164091776318 0.3126593247770997
220 0.6092855189550133 0.3235909969642992
221 0.5985116663089363 0.3344577826733974
222 0.5877899927716256 0.3452646884278320
223 0.5771157328812015 0.3560166149363403
224 0.5664842050909273 0.3667183665305329
225 0.5558908030193822 0.3773746602694704
226 0.5453309869674883 0.3879901346900108
227 0.5348002757097503 0.3985693582947019
228 0.5242942384875953 0.4091168377570905
229 0.5138084872135363 0.4196370259258853
230 0.5033386688197088 0.4301343296135401
231 0.4928804577566736 0.4406131172384075
232 0.4824295485849373 0.4510777263154059
233 0.4719816486584187 0.4615324708526369
234 0.8311246023643281 0.0844376988178401
235 0.8181849361001295 0.0977294697102583
236 0.8054233847872709 0.1108265557585482
237 0.7928310030138011 0.1237385490200051
238 0.7803992277615466 0.1364746178396624
239 0.7681198530504905 0.1490435350971548
240 0.7559850062333848 0.1614537045399187
241 0.7439871258114378 0.1737131853493563
242 0.7321189406500261 0.1858297150950780
243 0.7203734504841456 0.1978107311920562
244 0.7087439076086294 0.2096633909985760
245 0.6972237996618639 0.2213945906419272
246 0.6858068334116436 0.2330109826986055
247 0.6744869194697404 0.2445189927919572
248 0.6632581578546360 0.2559248352273302
249 0.6521148243441824 0.2672345277070690
250 0.6410513575453409 0.2784539052413721
251 0.6300623466354329 0.2895886332792995
252 0.6191425197062530 0.3006442201727045
253 0.6082867326759486 0.3116260289805616
254 0.5974899587016946 0.3225392887220984
255 0.5867472780669467 0.3333891050746449
256 0.5760538684773683 0.3441804706203160
257 0.5654049957476122 0.3549182746294560
258 0.5547960048143410 0.3656073124787864
259 0.5442223110682204 0.3762522946889810
260 0.5336793919428714 0.3868578556714687
261 0.5231627787570557 0.3974285621700142
262 0.5126680487493827 0.4079689214762780
263 0.5021908173037445 0.4184833894097291
264 0.4917267303092382 0.4289763781293452
265 0.4812714566511838 0.4394522637754144
266 0.4708206807843426 0.4499153939980232
267 0.4603700953798054 0.4603700953798054
268 0.8053452424723986 0.0973273787638030
269 0.7926789860641255 0.1103767203518276
270 0.7801773868492322 0.1232431322648822
271 0.7678320366577631 0.1359357091644090
272 0.7556348743954805 0.1484631550872255
273 0.7435781628742696 0.1608338095555479
274 0.7316544671258332 0.1730556719420352
275 0.7198566340784152 0.1851364242168450
276 0.7081777734891217 0.1970834522267325
277 0.6966112400271931 0.2089038656020886
278 0.6851506164204960 0.2206045164288494
279 0.6737896975736249 0.2321920167543517
280 0.6625224755885195 0.2436727550563683
281 0.6513431256056257 0.2550529117211893
282 0.6402459924128475 0.2663384736555988
283 0.6292255777464588 0.2775352480585973
284 0.6182765282447937 0.2886488754743557
285 0.6073936239814554 0.2996848421338944
286 0.5965717675501588 0.3106484917029064
287 0.5858059736282341 0.3215450364297791
288 0.5750913590006936 0.3323795678073207
289 0.5644231329718972 0.3431570667325163
290 0.5537965881554221 0.3538824132720617
291 0.5432070915700885 0.3645603960128058
292 0.5326500760431997 0.3751957210971923
293 0.5221210318517602 0.3857930209227851
294 0.5116154986053433 0.3963568625954197
295 0.5011290573035245 0.4068917561193860
296 0.4906573225719703 0.4174021624017153
297 0.4801959350161146 0.4278925010622414
298 0.4697405536930279 0.4383671581142939
299 0.4592868486495727 0.4488304935178306
300 0.7801035000003138 0.1099482499998455
301 0.7676883016463548 0.1227713686274400
302 0.7554251279885152 0.1354226754942706
303 0.7433060536962530 0.1479108105447093
304 0.7313234684409324 0.1602440535614122
305 0.7194700556636940 0.1724303483330834
306 0.7077387726735842 0.1844773252325261
307 0.6961228319687204 0.1963923223118894
308 0.6846156836789590 0.2081824050627012
309 0.6732109990420355 0.2198543849182877
310 0.6619026548255331 0.2314148366361054
311 0.6506847186242246 0.2428701146127174
312 0.6395514349561117 0.2542263682626814
313 0.6284972121013114 0.2654895564929983
314 0.6175166096145620 0.2766654613996510
315 0.6066043264671164 0.2877597011990932
316 0.5957551897526367 0.2987777425158453
317 0.5849641439222297 0.3097249120253163
318 0.5742262404850190 0.3206064075677835
319 0.5635366281475457 0.3314273087227118
320 0.5528905433292370 0.3421925869524864
321 0.5422833010349789 0.3529071152992977
322 0.5317102860233630 0.3635756777352577
323 0.5211669442617115 0.3742029781492815
324 0.5106487746091686 0.3847936490599584
325 0.5001513207217320 0.3953522600418349
326 0.4896701631217318 0.4058833259416302
327 0.4792009114269582 0.4163913148792828
328 0.4687391966867442 0.4268806560983273
329 0.4582806638178204 0.4373557476694379
330 0.4478209640941950 0.4478209640941950
331 0.7553552678846696 0.1223223660576655
332 0.7431701586248392 0.1349345520137155
333 0.7311251757294165 0.1473854679271823
334 0.7192128276333293 0.1596833380646890
335 0.7074259085254588 0.1718360546357826
336 0.6957574788310479 0.1838512001948804
337 0.6842008468884928 0.1957360685969038
338 0.6727495517189830 0.2074976845931538
339 0.6613973468040339 0.2191428222156943
340 0.6501381847827254 0.2306780220091033
341 0.6389662030020975 0.2421096072502538
342 0.6278757098423267 0.2534436991916784
343 0.6168611717658198 0.2646862314638355
344 0.6059172010176268 0.2758429636512331
345 0.5950385439389072 0.2869194941723390
346 0.5842200698232213 0.2979212724625235
347 0.5734567602877585 0.3088536105849047
348 0.5627436990898964 0.3197216942567183
349 0.5520760623697351 0.3305305934093644
350 0.5414491092493988 0.3412852722629041
351 0.5308581727771901 0.3519905990241817
352 0.5202986511489633 0.3626513551874715
353 0.5097659992043130 0.3732722445362116
354 0.4992557201332237 0.3838579018278519
355 0.4887633573924574 0.3944129012476056
356 0.4782844867695622 0.4049417646200778
357 0.4678147085936377 0.4154489694518356
358 0.4573496400369366 0.4259389568031453
359 0.4468849075016137 0.4364161390434239
360 0.7310591291675664 0.1344704354162170
361 0.7190843606125912 0.1468861596216541
362 0.7072384725202607 0.1591506347332655
363 0.6955143625841506 0.1712717051627485
364 0.6839051874625791 0.1832569092491684
365 0.6724043447793694 0.1951135000562980
366 0.6610054561924665 0.2068484648564643
367 0.6497023514449315 0.2184685433681235
368 0.6384890533137458 0.2299802448968709
369 0.6273597633881807 0.2413898644218803
370 0.6163088486042557 0.2527034977704416
371 0.6053308284808825 0.2639270559009629
372 0.5944203629914062 0.2750662784303170
373 0.5835722410268288 0.2861267464094514
374 0.5727813693882703 0.2971138944766984
375 0.5620427622737525 0.3080330223807445
376 0.5513515311982836 0.3188893059947759
377 0.5407028753199589 0.3296878078065612
378 0.5300920721116623 0.3404334869960384
379 0.5195144683581313 0.3511312090829080
380 0.5089654714195221 0.3617857552439022
381 0.4984405407507330 0.3724018312851468
382 0.4879351796206595 0.3829840763561992
383 0.4774449270225289 0.3935370713976388
384 0.4669653497209665 0.4040653473957141
385 0.4564920344275663 0.4145733934445195
386 0.4460205800549408 0.4250656646712179
387 0.4355465900380343 0.4355465900380343
388 0.7071760408664138 0.1464119795667947
389 0.6953929399672357 0.1586449807720428
390 0.6837280522489136 0.1707362836023980
391 0.6721746240665716 0.1826933855925987
392 0.6607261360901471 0.1945235022841632
393 0.6493762866447634 0.2062335865666901
394 0.6381189760115414 0.2178303468294665
395 0.6269482916035640 0.2293202639716715
396 0.6158584939521888 0.2407096074235753
397 0.6048440034283353 0.2520044502032219
398 0.5938993876486170 0.2632106831535951
399 0.5830193494968161 0.2743340283662626
400 0.5721987157223146 0.2853800519297228
401 0.5614324260486424 0.2963541759948253
402 0.5507155227630446 0.3072616902875012
403 0.5400431407209477 0.3181077630524594
404 0.5294104977439699 0.3288974515481504
405 0.5188128853456530 0.3396357120729711
406 0.5082456597703191 0.3503274096311133
407 0.4977042332810314 0.3609773272194030
408 0.4871840656909723 0.3715901748303315
409 0.4766806560780020 0.3821705981586571
410 0.4661895346774322 0.3927231870932666
411 0.4557062548953356 0.4032524839899801
412 0.4452263854359124 0.4137629917885040
413 0.4347455024915772 0.4242591819826828
414 0.6836690505257944 0.1581654747371119
415 0.6720598886660758 0.1702288386199411
416 0.6605587842150955 0.1821596309153798
417 0.6491592949354172 0.1939650327454144
418 0.6378551901090783 0.2056519656099930
419 0.6266404350645594 0.2172271094106420
420 0.6155091765597231 0.2286969193993361
421 0.6044557289543644 0.2400676420834779
422 0.5934745611009228 0.2513453302399294
423 0.5825602839001592 0.2625358570491884
424 0.5717076384576084 0.2736449294943732
425 0.5609114847978058 0.2846781010216791
426 0.5501667910757418 0.2956407835977708
427 0.5394686232506112 0.3065382591515466
428 0.5288121351627283 0.3173756905247005
429 0.5181925589853966 0.3281581319144014
430 0.5076051959933878 0.3388905389195910
431 0.4970454076260480 0.3495777781751968
432 0.4865086067883930 0.3602246366713683
433 0.4759902493774423 0.3708358307476324
434 0.4654858259804653 0.3814160148452261
435 0.4549908537334550 0.3919697900154669
436 0.4445008682877208 0.4025017122489011
437 0.4340114158725414 0.4130163006355073
438 0.4235180454069266 0.4235180454069266
439 0.6605030402354524 0.1697484798822815
440 0.6490509143342441 0.1816547112392419
441 0.6376971401178840 0.1934371164890531
442 0.6264355523486109 0.2051025885904318
443 0.6152601761223848 0.2166577817251649
444 0.6041652124378942 0.2281091281325914
445 0.5931450245376717 0.2394628539753750
446 0.5821941249484868 0.2507249942514510
447 0.5713071631713004 0.2619014069062858
448 0.5604789139538671 0.2729977861441391
449 0.5497042661072764 0.2840196750827790
450 0.5389782118022192 0.2949724777395480
451 0.5282958363146936 0.3058614704819488
452 0.5176523081577448 0.3166918129252353
453 0.5070428695756746 0.3274685583969282
454 0.4964628273379845 0.3381966639504956
455 0.4859075438153548 0.3488810000335238
456 0.4753724282769561 0.3595263597968941
457 0.4648529283999934 0.3701374681359270
458 0.4543445219350149 0.3807189904578486
459 0.4438427085171620 0.3912755412477893
460 0.4333430015694497 0.4018116924397075
461 0.4228409202864853 0.4123319816495430
462 0.6376444936651927 0.1811777531674040
463 0.6263332173113308 0.1929388422334667
464 0.6151109802423012 0.2045845088196377
465 0.6039718622297217 0.2161213840295049
466 0.5929101135773071 0.2275558796765627
467 0.5819201416116080 0.2388942040489939
468 0.5709964978563816 0.2501423768026507
469 0.5601338658387892 0.2613062429858569
470 0.5493270494641954 0.2723914863474089
471 0.5385709619175989 0.2834036419196027
472 0.5278606150320944 0.2943481080153101
473 0.5171911090894228 0.3052301576248121
474 0.5065576229947016 0.3160549493371944
475 0.4959554047960711 0.3268275377711595
476 0.4853797624925239 0.3375528836244704
477 0.4748260551060655 0.3482358633306735
478 0.4642896839633548 0.3588812784167879
479 0.4537660841720138 0.3694938645579876
480 0.4432507162399842 0.3800783004042474
481 0.4327390578230423 0.3906392161864191
482 0.4222265955505332 0.4011812021612555
483 0.4117088169133530 0.4117088169133530
484 0.6150612823035958 0.1924693588482047
485 0.6038752852118766 0.2040968426516773
486 0.5927693555517801 0.2156170024876067
487 0.5817377881438399 0.2270362322205516
488 0.5707750297298456 0.2383607247091989
489 0.5598756662638517 0.2495964866123526
490 0.5490344108202747 0.2607493524129963
491 0.5382460920541384 0.2718249976544855
492 0.5275056431743833 0.2828289515367255
493 0.5168080913679370 0.2937666088589296
494 0.5061485476429651 0.3046432414421699
495 0.4955221970301069 0.3154640090161567
496 0.4849242891157493 0.3262339696875124
497 0.4743501288473161 0.3369580899766318
498 0.4637950675895465 0.3476412545242565
499 0.4532544943742357 0.3582882754613030
500 0.4427238273302172 0.3689039015241227
501 0.4321985052403133 0.3794928269197044
502 0.4216739792109032 0.3900597000068692
503 0.4111457044032684 0.4006091318084614
504 0.5927224675959319 0.2036387662020345
505 0.5816467018979283 0.2151437857590158
506 0.5706423227880740 0.2265493091777211
507 0.5597038118658102 0.2378615162383005
508 0.5488257850438918 0.2490864029416173
509 0.5380029805423130 0.2602297954613513
510 0.5272302474205781 0.2712973633957300
511 0.5165025346068994 0.2822946323087576
512 0.5058148803653679 0.2932269957008156
513 0.4951624021659273 0.3040997263956291
514 0.4845402868999525 0.3149179874663772
515 0.4739437814111246 0.3256868426901293
516 0.4633681832859024 0.3364112666360999
517 0.4528088318778998 0.3470961543828723
518 0.4422610995125317 0.3577463309503028
519 0.4317203828543389 0.3683665604517154
520 0.4211820943873009 0.3789615550353856
521 0.4106416539896017 0.3895359836311341
522 0.4000944805546781 0.4000944805546781
523 0.5705981160946140 0.2147009419527051
524 0.5596179681359352 0.2260942960229857
525 0.5487007700070324 0.2373957436038232
526 0.5378411631855459 0.2486112722990713
527 0.5270339066981173 0.2597467022396552
528 0.5162738657093773 0.2708076992798493
529 0.5055560005940978 0.2817997875684932
530 0.4948753564320627 0.2927283614831400
531 0.4842270528922102 0.3035986970582399
532 0.4736062744469731 0.3144159628962891
533 0.4630082608882133 0.3251852306751237
534 0.4524282980871244 0.3359114852454604
535 0.4418617089734123 0.3465996344116417
536 0.4313038446786239 0.3572545183989673
537 0.4207500758265548 0.3678809190831732
538 0.4101957839201094 0.3784835689957656
539 0.3996363528053771 0.3890671601634793
540 0.5486591250330677 0.2256704374834670
541 0.5377603314874939 0.2369626335474064
542 0.5269162502010075 0.2481703055145381
543 0.5161216567142454 0.2592992696779094
544 0.5053714280295440 0.2703551903735274
545 0.4946605317111848 0.2813435925143045
546 0.4839840153950581 0.2922698735674033
547 0.4733369966718513 0.3031393149662852
548 0.4627146532873289 0.3139570930763512
549 0.4521122136278805 0.3247282897100910
550 0.4415249474364015 0.3354579022896904
551 0.4309481567302447 0.3461508536616050
552 0.4203771668688726 0.3568120016423616
553 0.4098073177506250 0.3674461483101216
554 0.3992339550902411 0.3780580491038102
555 0.3886524217544912 0.3886524217544912
556 0.5268770559948813 0.2365614720025707
557 0.5160456231920841 0.2477627750700251
558 0.5052608208635413 0.2588867588552991
559 0.4945175335979450 0.2699390883576726
560 0.4838107318938750 0.2809252914700245
561 0.4731354616696758 0.2918507709389893
562 0.4624868341325369 0.3027208158330532
563 0.4518600159496189 0.3135406125147605
564 0.4412502196895913 0.3243152552224228
565 0.4306526944786498 0.3350497562650863
566 0.4200627168427970 0.3457490559166072
567 0.4094755816831735 0.3564180320219675
568 0.3988865933633332 0.3670615093833971
569 0.3882910568596548 0.3776842689497794
570 0.5052239745086369 0.2473880127456876
571 0.4944460999549996 0.2585084925746194
572 0.4837068874477929 0.2695587091084903
573 0.4730013061509847 0.2805441954106983
574 0.4623243959636974 0.2914703617449133
575 0.4516712573604757 0.3023425070484043
576 0.4410370415194389 0.3131658299724015
577 0.4304169407041873 0.3239454394946216
578 0.4198061788453907 0.3346863651949361
579 0.4092000022909127 0.3453935672082282
580 0.3985936706729310 0.3560719459261728
581 0.3879824478679591 0.3667263514718995
582 0.3773615930023267 0.3773615930023267
583 0.4836722935496778 0.2581638532251627
584 0.4729342886478389 0.2692134305052349
585 0.4622270487739270 0.2801996797852558
586 0.4515456034625469 0.2911280210783451
587 0.4408850380479826 0.3020037654816386
588 0.4302404837340053 0.3128321262459995
589 0.4196071079014675 0.3236182294703776
590 0.4089801045991337 0.3343671244346526
591 0.3983546851856773 0.3450837936487533
592 0.3877260690709408 0.3557731626413295
593 0.3770894745308605 0.3664401095479509
594 0.4621946189720714 0.2689026905139670
595 0.4514828319813970 0.2798911825617511
596 0.4407939424353509 0.2908231890447495
597 0.4301230160456995 0.3017040355274408
598 0.4194651594662767 0.3125389522391900
599 0.4088155105101620 0.3233330848241062
600 0.3981692285336771 0.3340915047710526
601 0.3875214849527134 0.3448192195479253
602 0.3768674538402725 0.3555211825045149
603 0.3662023025768479 0.3662023025768479
604 0.4407635949554738 0.2796182025222644
605 0.4300643332158808 0.2905553690365614
606 0.4193800882738919 0.3014428274083307
607 0.4087059375506618 0.3122858272632924
608 0.3980369844823778 0.3230895362938479
609 0.3873683487800074 0.3338590507725825
610 0.3766951568020602 0.3445994058013451
611 0.3660125319890337 0.3553155853286367
612 0.4193517475019931 0.2903241262490149
613 0.4086511979353098 0.3012197156881750
614 0.3979577278934661 0.3120723375848548
615 0.3872664014844007 0.3228871842454979
616 0.3765722936599073 0.3336693793934231
617 0.3658704804254989 0.3444239885307423
618 0.3551560290914835 0.3551560290914835
619 0.3979313239879351 0.3010343380060388
620 0.3872154708242279 0.3118981351762338
621 0.3764986581089892 0.3227256974656756
622 0.3657759107401069 0.3335221788026758
623 0.3550422488725752 0.3442926779642014
624 0.3764741266332431 0.3117629366833902
625 0.3657286652535894 0.3226048121652378
626 0.3549740560311669 0.3334172074404718
627 0.3442052575485380 0.3442052575485380
628 0.3549513376203680 0.3225243311898230
629 0.3441615832844850 0.3333542932852390
630 0.3333333333333334 0.3333333333333333
