0 1.0000000000000000 0.0000000000000000
1 0.9732001477772008 0.0267998522228027
2 0.9480505252295278 0.0519494747704852
3 0.9243590831374544 0.0756409168625428
4 0.9019616494004425 0.0980383505995639
5 0.8807170035865943 0.1192829964134076
6 0.8605029375429771 0.1394970624570253
7 0.8412130860616037 0.1587869139383938
8 0.8227543611389282 0.1772456388610791
9 0.8050448617071837 0.1949551382928166
10 0.7880121600161710 0.2119878399838390
11 0.7715918881368223 0.2284081118631819
12 0.7557265650227480 0.2442734349772520
13 0.7403646175088143 0.2596353824911726
14 0.7254595585412706 0.2745404414587208
15 0.7109692935673122 0.2890307064326858
16 0.6968555319180670 0.3031444680819378
17 0.6830832846163215 0.3169167153836544
18 0.6696204336341351 0.3303795663658675
19 0.6564373604553323 0.3435626395446579
20 0.6435066240313652 0.3564933759686260
21 0.6308026799970607 0.3691973200029414
22 0.6183016344266359 0.3816983655733547
23 0.6059810265498129 0.3940189734501762
24 0.5938196357551347 0.4061803642448584
25 0.5817973089492300 0.4182026910507636
26 0.5698948049277568 0.4301051950722469
27 0.5580936528991391 0.4419063471008517
28 0.5463760226821134 0.4536239773178943
29 0.5347246044129365 0.4652753955870619
30 0.5231224958387186 0.4768775041612797
31 0.5115530954690829 0.4884469045309087
32 0.5000000000000000 0.5000000000000000
33 0.9471835218140433 0.0264082390929814
34 0.9227502433330114 0.0511963554377717
35 0.8997159628505935 0.0745529760828195
36 0.8779230762173349 0.0966392806432361
37 0.8572359883397324 0.1175938887223250
38 0.8375373299364197 0.1375367544735971
39 0.8187249162199396 0.1565722917458184
40 0.8007092859141151 0.1747918993577625
41 0.7834116967808086 0.1922760156378458
42 0.7667624824262370 0.2090958011037057
43 0.7506996967869688 0.2253145254482453
44 0.7351679890894530 0.2409887178844771
45 0.7201176645510061 0.2561691269366763
46 0.7055038956260500 0.2709015258833673
47 0.6912860559341610 0.2852273924834874
48 0.6774271546719931 0.2991844857699460
49 0.6638933537203046 0.3128073381614743
50 0.6506535530987692 0.3261276775975870
51 0.6376790331339020 0.3391747916252770
52 0.6249431438392926 0.3519758431642607
53 0.6124210337130743 0.3645561459427650
54 0.6000894115037058 0.3769394061988184
55 0.5879263355886352 0.3891479361398804
56 0.5759110264707470 0.4012028437508474
57 0.5640236986091454 0.4131242028336540
58 0.5522454083530440 0.4249312065713538
59 0.5405579152127106 0.4366423074549992
60 0.5289435540539676 0.4482753460259932
61 0.5173851161024098 0.4598476705983313
62 0.5058657368617755 0.4713762498804145
63 0.4943687892330027 0.4828777802423974
64 0.8989730438473416 0.0505134780763310
65 0.8765412657018118 0.0735659442147210
66 0.8553030499825364 0.0953694148559117
67 0.8351277515238089 0.1160602672658252
68 0.8159022804268558 0.1357565017102876
69 0.7975281647975087 0.1545608324215313
70 0.7799191761029584 0.1725631808907379
71 0.7629993962225627 0.1898427016899770
72 0.7467016335296648 0.2064694399382369
73 0.7309661165779167 0.2225056964281610
74 0.7157394099859984 0.2380071591535575
75 0.7009735092608452 0.2530238469608411
76 0.6866250805617973 0.2676009011738894
77 0.6726548185139161 0.2817792534940271
78 0.6590269006620882 0.2955961926745451
79 0.6457085214172424 0.3090858479704588
80 0.6326694916693349 0.3222796038647897
81 0.6198818928556121 0.3352064578214879
82 0.6073197763312269 0.3478933306553177
83 0.5949589005272273 0.3603653373869600
84 0.5827764996795564 0.3726460250920398
85 0.5707510789572899 0.3847575831531343
86 0.5588622316491051 0.3967210304563034
87 0.5470904747414682 0.4085563833617900
88 0.5354170997548650 0.4202828077206441
89 0.5238240361400034 0.4319187577461054
90 0.5122937248747922 0.4434821041925412
91 0.5008090001779962 0.4549902539988136
92 0.4893529774613498 0.4664602633335642
93 0.4779089458030255 0.4779089458030255
94 0.8546632103192606 0.0726683948403759
95 0.8339350134070369 0.0942142746987456
96 0.8142304216856936 0.1146648607608404
97 0.7954401563654536 0.1341364505568586
98 0.7774690627224488 0.1527302717885883
99 0.7602338081882799 0.1705349497672439
100 0.7436610101343518 0.1876285097341341
101 0.7276857026294526 0.2040800134759056
102 0.7122500724346771 0.2199509062107472
103 0.6973024102566948 0.2352961322886052
104 0.6827962351862107 0.2501650651766005
105 0.6686895593008593 0.2646022873144218
106 0.6549442663424372 0.2786482478974716
107 0.6415255837154629 0.2923398208623811
108 0.6284016311949626 0.3057107808879749
109 0.6155430329559456 0.3187922117440425
110 0.6029225820727060 0.3316128586073093
111 0.5905149486266924 0.3441994338141711
112 0.5782964241487729 0.3565768838337516
113 0.5662446963719912 0.3687686238864509
114 0.5543386492825627 0.3807967455682807
115 0.5425581842514502 0.3926822019678931
116 0.5308840586811751 0.4044449740838648
117 0.5192977391071426 0.4161042217829705
118 0.5077812661120126 0.4276784221071690
119 0.4963171287273522 0.4391854973725345
120 0.4848881462578388 0.4506429352338830
121 0.4734773556488499 0.4620679026647758
122 0.8136767078007207 0.0931616460996418
123 0.7944058066265667 0.1133930713454776
124 0.7760164474778705 0.1326597954709604
125 0.7584164559096452 0.1510617421131255
126 0.7415251060619386 0.1686863968487737
127 0.7252713009158755 0.1856107899933127
128 0.7095920830230764 0.2019031157644256
129 0.6944314073506791 0.2176240637961780
130 0.6797391234409429 0.2328279214227899
131 0.6654701257990652 0.2475634920183986
132 0.6515836403083618 0.2618748647842854
133 0.6380426212583838 0.2758020638479921
134 0.6248132387894036 0.2893815987816084
135 0.6118644405969991 0.3026469341954609
136 0.5991675748848013 0.3156288926169038
137 0.5866960640185448 0.3283560021567997
138 0.5744251202726582 0.3408547983516362
139 0.5623314965969817 0.3531500878817597
140 0.5503932665475377 0.3652651805430886
141 0.5385896284985776 0.3772220947767747
142 0.5269007300254858 0.3890417412218273
143 0.5153075089701709 0.4007440880652855
144 0.5037915481893612 0.4123483114294215
145 0.4923349413804667 0.4238729335918764
146 0.4809201676819682 0.4353359514983871
147 0.4695299729846288 0.4467549577517766
148 0.4581472560618609 0.4581472560618609
149 0.7755351155295798 0.1122324422352112
150 0.7575155672764124 0.1313121791607716
151 0.7402576791766284 0.1495391102091572
152 0.7236830823642582 0.1669997175360516
153 0.7077227481182596 0.1837701544344482
154 0.6923155372778167 0.1999178497474747
155 0.6774070055725978 0.2155028263278630
156 0.6629484130734263 0.2305787918766911
157 0.6488958975257223 0.2451940473168087
158 0.6352097800690855 0.2593922479378050
159 0.6218539785128656 0.2732130450349153
160 0.6087955084510237 0.2866926300075442
161 0.5960040564563260 0.2998641984611909
162 0.5834516126647085 0.3127583484112904
163 0.5711121524697682 0.3254034240139117
164 0.5589613589331272 0.3378258141298264
165 0.5469763790152553 0.3500502133756981
166 0.5351356079091886 0.3620998519837753
167 0.5234184967078023 0.3739966997528272
168 0.5118053793772278 0.3857616485211051
169 0.5002773156135857 0.3974146769345777
170 0.4888159466235790 0.4089750007361429
171 0.4774033612497156 0.4204612113881410
172 0.4660219701410093 0.4318914054955118
173 0.4546543858949531 0.4432833072476799
174 0.7398375294820132 0.1300812352589941
175 0.7228952945700531 0.1481484710601915
176 0.7066126339446649 0.1654595594208070
177 0.6909223972875885 0.1820898807833659
178 0.6757650964442777 0.1981061894303763
179 0.6610877397116878 0.2135679207889914
180 0.6468428656254266 0.2285282724667862
181 0.6329877367555451 0.2430351040675445
182 0.6194836626369613 0.2571316909128754
183 0.6062954275173738 0.2708573592695936
184 0.5933908036300947 0.2842480249488678
185 0.5807401345778981 0.2973366527170730
186 0.5683159764246934 0.3101536505445585
187 0.5560927864449269 0.3227272100380412
188 0.5440466513264942 0.3350836023185959
189 0.5321550480805037 0.3472474369430097
190 0.5203966320624689 0.3592418901689535
191 0.5087510474252768 0.3710889078114015
192 0.4971987560481792 0.3828093871200416
193 0.4857208815634485 0.3944233414355073
194 0.4742990655517784 0.4059500508665950
195 0.4629153333337223 0.4174082018064047
196 0.4515519670511994 0.4288160177891975
197 0.4401913839351137 0.4401913839351137
198 0.7062444902718256 0.1468777548640880
199 0.6902309888474036 0.1640525927569028
200 0.6747893516116117 0.1805554482927397
201 0.6598615935835803 0.1964524823950362
202 0.6453960438520532 0.2118026144040383
203 0.6313464012594938 0.2266585946901034
204 0.6176709465900533 0.2410678971182796
205 0.6043318809466194 0.2550734663914772
206 0.5912947664613590 0.2687143477882332
207 0.5785280504247537 0.2820262210667761
208 0.5660026577296672 0.2950418559095326
209 0.5536916394782412 0.3077915028585367
210 0.5415698679076987 0.3203032310456792
211 0.5296137695929959 0.3326032219242845
212 0.5178010903127533 0.3447160265802369
213 0.5061106860814666 0.3566647928870060
214 0.4945223357468946 0.3684714677513996
215 0.4830165712476815 0.3801569788632734
216 0.4715745221875711 0.3917413997233156
217 0.4601777718084715 0.4032441011953351
218 0.4488082217855052 0.4146838924349993
219 0.4374479635117411 0.4260791537243052
220 0.6744656548856901 0.1627671725571551
221 0.6592527577868412 0.1791541720814252
222 0.6445356844360647 0.1949430575708116
223 0.6302639669428578 0.2101922967787325
224 0.6163923581879175 0.2249542499864988
225 0.6028800606597694 0.2392760561525293
226 0.5896900787788422 0.2532003747970401
227 0.5767886712725754 0.2667660110557525
228 0.5641448850305288 0.2800084456170499
229 0.5517301556137959 0.2929602868453864
230 0.5395179624940011 0.3056516590032636
231 0.5274835293576549 0.3181105378215895
232 0.5156035615803956 0.3303630426068306
233 0.5038560143671953 0.3424336924268680
234 0.4922198861493541 0.3543456326401467
235 0.4806750326948003 0.3661208369972265
236 0.4692019980678347 0.3777802897446724
237 0.4577818591103295 0.3893441515081300
238 0.4463960805269168 0.4008319122350540
239 0.4350263779738519 0.4122625340748246
240 0.4236545867784031 0.4236545867784031
241 0.6442501752920894 0.1778749123539570
242 0.6297262456258430 0.1935659131085267
243 0.6156315980870736 0.2087241472119864
244 0.6019219434726526 0.2234016371124543
245 0.5885573180794543 0.2376452336379559
246 0.5755014486860516 0.2514973532270335
247 0.5627212154658126 0.2649965990286627
248 0.5501861945733441 0.2781782875203367
249 0.5378682658341064 0.2910748979136820
250 0.5257412738148931 0.3037164582078661
251 0.5137807327744327 0.3161308791243195
252 0.5019635677238297 0.3283442450756373
253 0.4902678851906993 0.3403810697111470
254 0.4786727683458612 0.3522645222858570
255 0.4671580919965271 0.3640166300985759
256 0.4557043536047633 0.3756584614311006
257 0.4442925170074878 0.3872102927989687
258 0.4329038659019124 0.3986917638188919
259 0.4215198644579985 0.4101220226231040
260 0.6153790679677592 0.1923104660161209
261 0.6014457822900743 0.2073868677483439
262 0.5878829698195033 0.2219887791419334
263 0.5746514200748370 0.2361628062006487
264 0.5617155073859500 0.2499511615598305
265 0.5490426633531054 0.2633922822821213
266 0.5366029272797744 0.2765213537627307
267 0.5243685602407073 0.2893707569645098
268 0.5123137112490496 0.3019704528294780
269 0.5004141261655692 0.3143483150655511
270 0.4886468916915554 0.3265304204630888
271 0.4769902081192650 0.3385413042656070
272 0.4654231855553401 0.3504041868586384
273 0.4539256591512059 0.3621411770234613
274 0.4424780195096056 0.3737734562214116
275 0.4310610549297675 0.3853214477426332
276 0.4196558025213348 0.3968049740768703
277 0.4082434054899590 0.4082434054899590
278 0.5876590648911791 0.2061704675544105
279 0.5742288173817089 0.2207050948552716
280 0.5611165080757996 0.2348176333978697
281 0.5482870891832317 0.2485501289085769
282 0.5357084779309438 0.2619408864067862
283 0.5233511140410245 0.2750249919469072
284 0.5111875794411826 0.2878347582121524
285 0.4991922688392907 0.3004001077732466
286 0.4873411019353561 0.3127489052144938
287 0.4756112697071971 0.3249072472633537
288 0.4639810085120270 0.3368997184662724
289 0.4524293967588205 0.3487496186746427
290 0.4409361697034128 0.3604791676220124
291 0.4294815485278652 0.3721096910802548
292 0.4180460803375976 0.3836617924811697
293 0.4066104860521167 0.3951555134127983
294 0.5609175739106558 0.2195412130446724
295 0.5479113172299213 0.2335998617909798
296 0.5351755119766874 0.2472839477313525
297 0.5226784985891562 0.2606316763736435
298 0.5103910570925169 0.2736780651149404
299 0.4982860317619422 0.2864553876847378
300 0.4863380054472958 0.2989935567399001
301 0.4745230144465405 0.3113204557955921
302 0.4628182964473692 0.3234622296480836
303 0.4512020653305297 0.3354435408314115
304 0.4396533076170909 0.3472877984067207
305 0.4281515961114967 0.3590173643863584
306 0.4166769168793745 0.3706537423333550
307 0.4052095061437225 0.3822177520725346
308 0.3937296940007718 0.3937296940007718
309 0.5349984698012584 0.2325007650993729
310 0.5223438807889282 0.2461435058970067
311 0.5099162540387414 0.2594551807202100
312 0.4976866516506211 0.2724707682273302
313 0.4856281229350857 0.2852225321706688
314 0.4737153818458514 0.2977404037937253
315 0.4619245238764995 0.3100523140476506
316 0.4502327750074753 0.3221844847818522
317 0.4386182665356807 0.3341616864863740
318 0.4270598305788479 0.3460074689051297
319 0.4155368117910004 0.3577443698751077
320 0.4040288913847284 0.3693941069806160
321 0.3925159199739393 0.3809777560367569
322 0.5097585015240300 0.2451207492379889
323 0.4973883835199569 0.2584030477180638
324 0.4852048139123890 0.2713944781229726
325 0.4731809902454659 0.2841273231268188
326 0.4612917003721643 0.2966315613902806
327 0.4495130407227324 0.3089352005362698
328 0.4378221655805158 0.3210645696121546
329 0.4261970612191630 0.3330445786356945
330 0.4146163396874256 0.3448989515972994
331 0.4030590477423257 0.3566504383209541
332 0.3915044869625015 0.3683210098505746
333 0.3799320414587106 0.3799320414587106
334 0.4850641451329927 0.2574679274335054
335 0.4729149945215279 0.2704416305857654
336 0.4609142204911469 0.2831620089237628
337 0.4490366267290099 0.2956591179652771
338 0.4372582507658141 0.3079610722789697
339 0.4255561128609894 0.3200943397334951
340 0.4139079886700368 0.3320840034093474
341 0.4022922004544392 0.3439539975920475
342 0.3906874222782054 0.3557273233266822
343 0.3790724951328583 0.3674262482819206
344 0.4607887609275513 0.2696056195362258
345 0.4487994353656420 0.2823198502283589
346 0.4369217777113764 0.2948162297003500
347 0.4251317044195008 0.3071230110948154
348 0.4134060362396544 0.3192668345617264
349 0.4017222685579007 0.3312729921333701
350 0.3900583590767704 0.3431656673751444
351 0.3783925281951971 0.3549681553720097
352 0.3667030679106554 0.3667030679106554
353 0.4368099311175868 0.2815950344412119
354 0.4249203618257358 0.2940970322217438
355 0.4131064575307223 0.3064151328028920
356 0.4013447699276546 0.3185761842995343
357 0.3896124394257071 0.3306057263859134
358 0.3778869782178609 0.3425282343351077
359 0.3661460646091005 0.3543673442695091
360 0.4130068622040161 0.2934965688979951
361 0.4011567530762343 0.3058325138243758
362 0.3893462424799708 0.3180175351613872
363 0.3775520349592706 0.3300774622170449
364 0.3657511087879697 0.3420371084296628
365 0.3539205028194611 0.3539205028194611
366 0.3892577350183501 0.3053711324908250
367 0.3773851869535915 0.3175869900952942
368 0.3655152892120288 0.3296844707272341
369 0.3536243888084073 0.3416887771515004
370 0.3654368742581688 0.3172815628709193
371 0.3534768632305342 0.3294239928559870
372 0.3414807616496432 0.3414807616496432
373 0.3414115864412039 0.3292942067794021
