0 1.0000000000000000 0.0000000000000000
1 0.9646414137051215 0.0353585862948741
2 0.9321008948583762 0.0678991051416274
3 0.9019564756233335 0.0980435243766724
4 0.8738640052012572 0.1261359947987461
5 0.8475397615542540 0.1524602384457456
6 0.8227474477178885 0.1772525522821067
7 0.7992883589741471 0.2007116410258479
8 0.7769938638631312 0.2230061361368685
9 0.7557195909776281 0.2442804090223715
10 0.7353408865111278 0.2646591134888706
11 0.7157492282188528 0.2842507717811510
12 0.6968493662505956 0.3031506337494055
13 0.6785570214370319 0.3214429785629694
14 0.6607970146434632 0.3392029853565312
15 0.6435017319104723 0.3564982680895267
16 0.6266098527838007 0.3733901472161983
17 0.6100652859339981 0.3899347140660043
18 0.5938162685378326 0.4061837314621718
19 0.5778145951385757 0.4221854048614248
20 0.5620149486203855 0.4379850513796153
21 0.5463743111422524 0.4536256888577486
22 0.5308514367684590 0.4691485632315398
23 0.5154063704362015 0.4845936295638065
24 0.5000000000000000 0.5000000000000000
25 0.9306355182454780 0.0346822408772627
26 0.8992977663856174 0.0666138434489436
27 0.8702282606569056 0.0962068689580680
28 0.8431007858621493 0.1237972208909761
29 0.8176463032153346 0.1496617989859175
30 0.7936406265751902 0.1740312672337883
31 0.7708951114283935 0.1970996791168656
32 0.7492495371764367 0.2190318231179094
33 0.7285666039520309 0.2399688942572978
34 0.7087276310384691 0.2600329219717451
35 0.6896291590443381 0.2793302637732524
36 0.6711802385716211 0.2979543899008045
37 0.6533002451248422 0.3159881248204301
38 0.6359171007465815 0.3335054691172569
39 0.6189658122801065 0.3505730948533560
40 0.6023872575818153 0.3672515852829498
41 0.5861271667647373 0.3835964735461225
42 0.5701352572032711 0.3996591229009281
43 0.5543644897266989 0.4154874820939706
44 0.5387704199041579 0.4311267427435259
45 0.5233106231874369 0.4466199205995055
46 0.5079441762680392 0.4620083787831943
47 0.4926311796581566 0.4773323083656577
48 0.8690317108927674 0.0654841445536169
49 0.8409212829048495 0.0945912685072068
50 0.8146554176672888 0.1217388900595462
51 0.7899775833747633 0.1471982537395431
52 0.7666739790569620 0.1711953188518656
53 0.7445646325981130 0.1939202302436974
54 0.7234966029187704 0.2155345315063412
55 0.7033387272936731 0.2361767263187043
56 0.6839775165254016 0.2559666157629732
57 0.6653139122065083 0.2750087179971898
58 0.6472606980376824 0.2933949926128992
59 0.6297404119744712 0.3112070330513680
60 0.6126836450388010 0.3285178486039241
61 0.5960276407717431 0.3453933274573312
62 0.5797151297635614 0.3618934504393450
63 0.5636933487079878 0.3780733091284740
64 0.5479132045085732 0.3939839702012976
65 0.5323285522005364 0.4096732191111261
66 0.5168955615683185 0.4251862096641121
67 0.5015721518887695 0.4405660411730560
68 0.4863174775648666 0.4558542812696501
69 0.4710914498209954 0.4710914498209954
70 0.8136698144182207 0.0931650927908918
71 0.7881757791886197 0.1199213037572155
72 0.7641934258979900 0.1450226006139164
73 0.7415179444155049 0.1686909910406674
74 0.7199768959913002 0.1911133231747811
75 0.6994236778015352 0.2124483953413442
76 0.6797324774022289 0.2328324300341472
77 0.6607943316818929 0.2523833386091957
78 0.6425140138941660 0.2712040810918694
79 0.6248075479865478 0.2893853414282117
80 0.6076002025822872 0.3070076797963187
81 0.5908248547374536 0.3241432820272145
82 0.5744206407371624 0.3408573964287364
83 0.5583318308750076 0.3572095267402255
84 0.5425068795710627 0.3732544342043513
85 0.5268976127814281 0.3890429901183443
86 0.5114585225084027 0.4046229116398015
87 0.4961461440115875 0.4200394072131919
88 0.4809184956014301 0.4353357532580390
89 0.4657345639795553 0.4505538202666535
90 0.7633750779738019 0.1183124610130992
91 0.7400169563038297 0.1430968748262342
92 0.7179044571277821 0.1664748364262907
93 0.6968717327087678 0.1886304090764155
94 0.6767777300123633 0.2097200686228659
95 0.6575013201583207 0.2298781072189725
96 0.6389374961518408 0.2492208391893909
97 0.6209943700975346 0.2678499120803962
98 0.6035907750541836 0.2858549418186562
99 0.5866543284786456 0.3033156323065744
100 0.5701198509163556 0.3203034984370465
101 0.5539280599060387 0.3368832819434208
102 0.5380244781036131 0.3531141281576514
103 0.5223585085234477 0.3690505761564969
104 0.5068826399871031 0.3847434033369934
105 0.4915517533792707 0.4002403569857383
106 0.4763225048192438 0.4155867991577902
107 0.4611527658723156 0.4308262865568689
108 0.4460011037727223 0.4460011037727223
109 0.7172200827086957 0.1413899586456580
110 0.6956127632866754 0.1645112123928156
111 0.6750349548381031 0.1864316422692555
112 0.6553504884074834 0.2073057636164769
113 0.6364423494794301 0.2272662416351167
114 0.6182089952314818 0.2464280492977278
115 0.6005614465547175 0.2648917386006707
116 0.5834209650547245 0.2827460430429648
117 0.5667171758795277 0.3000699707325225
118 0.5503865330163894 0.3169345062980891
119 0.5343710492991537 0.3334040104057298
120 0.5186172318374845 0.3495373844617630
121 0.5030751770261707 0.3653890526655578
122 0.4876977891108866 0.3810098022386620
123 0.4724400934897582 0.3964475143373274
124 0.4572586211597635 0.4117478120031858
125 0.4421108444829113 0.4269546470395421
126 0.6744589553281700 0.1627705223359164
127 0.6542881321606518 0.1844839334961690
128 0.6349684419380272 0.2051691259247515
129 0.6163864943467660 0.2249574029692126
130 0.5984437822923355 0.2439626219668190
131 0.5810538564613839 0.2622844330768135
132 0.5641400674113062 0.2800108553273087
133 0.5476337394266165 0.2972203485748274
134 0.5314726753631976 0.3139834989938695
135 0.5155999166572063 0.3303644064312189
136 0.4999627006411693 0.3464218409036701
137 0.4845115703404514 0.3622102201890989
138 0.4691996014037655 0.3777804492779755
139 0.4539817177217394 0.3931806542226193
140 0.4388140722509660 0.4084568369260758
141 0.4236534730585595 0.4236534730585595
142 0.6344809424100685 0.1827595287949681
143 0.6154853634236394 0.2032796810832566
144 0.5971912028862285 0.2229185667243453
145 0.5795026124120554 0.2417891288169056
146 0.5623353346864092 0.2599902906888773
147 0.5456145023141316 0.2776095108753369
148 0.5292728556328485 0.2947248386434449
149 0.5132492809724003 0.3114065872593024
150 0.4974875952070758 0.3277187130507271
151 0.4819355199368739 0.3437199673395152
152 0.4665438012800048 0.3594648731363140
153 0.4512654404054975 0.3750045673909175
154 0.4360550065428651 0.3903875415162814
155 0.4208680088853427 0.4056603070178392
156 0.5967766370719887 0.2016116814640060
157 0.5787348939706218 0.2211218664164559
158 0.5612666087612744 0.2398777208823641
159 0.5442894111061108 0.2579776013846075
160 0.5277299342434443 0.2755085490808535
161 0.5115220706195123 0.2925483330791326
162 0.4956055380843538 0.3091671153744789
163 0.4799246839399087 0.3254288252718636
164 0.4644274711677749 0.3413923103207255
165 0.4490646034293916 0.3571123156794554
166 0.4337887542518448 0.3726403328809709
167 0.4185538721112370 0.3880253509987592
168 0.4033145375054568 0.4033145375054568
169 0.5609126888803999 0.2195436555598002
170 0.5436330824282531 0.2382031219210555
171 0.5268153117405409 0.2562195766239156
172 0.5103872483992843 0.2736797783894259
173 0.4942836864075832 0.2906613417540325
174 0.4784449312606418 0.3072343973424274
175 0.4628156186528640 0.3234629652247278
176 0.4473437079453185 0.3394061084134166
177 0.4319796074068908 0.3551189185976091
178 0.4166753967203237 0.3706533753614354
179 0.4013841182164120 0.3860591123391869
180 0.5265122710544023 0.2367438644728010
181 0.5098247588411258 0.2546935352605132
182 0.4934994067928178 0.2720994134777190
183 0.4774716679539991 0.2890390820255947
184 0.4616821945067033 0.3055827604359832
185 0.4460756663172085 0.3217946807212470
186 0.4305997866632180 0.3377342471215973
187 0.4152044023708495 0.3534570321210506
188 0.3998407137067970 0.3690156504277228
189 0.3844605449766355 0.3844605449766355
190 0.4932394366534915 0.2533802816732578
191 0.4769889547038805 0.2707474167878118
192 0.4610091854466847 0.2876607849166676
193 0.4452408845652116 0.3041908172554472
194 0.4296285243675620 0.3204020845429003
195 0.4141192864192234 0.3363544669481405
196 0.3986621706327922 0.3521041646424062
197 0.3832071857511823 0.3677045913475941
198 0.4607860121503362 0.2696069939248348
199 0.4448266291214185 0.2865091644094055
200 0.4290514140782697 0.3030409102708765
201 0.4134043668423468 0.3192672757605750
202 0.3978318621826432 0.3352487633412029
203 0.3822817410564367 0.3510423635703991
204 0.3667024737142880 0.3667024737142880
205 0.4288599770770155 0.2855700114614930
206 0.4130494266178934 0.3021186885556745
207 0.3973382206739935 0.3183759010063894
208 0.3816716155396800 0.3344029347381762
209 0.3659959462901784 0.3502577529709912
210 0.3971744249111951 0.3014127875444027
211 0.3813685839887653 0.3177168253554721
212 0.3655756950923607 0.3338062473303035
213 0.3497401957275648 0.3497401957275648
214 0.3654362180032557 0.3172818909983744
215 0.3494830575605390 0.3334511942049803
216 0.3333333333333334 0.3333333333333333
