0 -27.3380178301949464 -15.7836119533738426 41.3220325591718378
1 -26.3555854877672004 -15.9949580907440954 41.8753439301975732
2 -25.3643066339589964 -16.1977262347334445 42.4061978229967167
3 -24.3646853323018711 -16.3919349776794014 42.9146429129434068
4 -23.3572053682215284 -16.5776062105062785 43.4007365112172536
5 -22.3423316622484194 -16.7547643312648908 43.8645424927453789
6 -21.3205115485761745 -16.9234355775346330 44.3061295484052025
7 -20.2921759430364119 -17.0836474591869560 44.7255696999721764
8 -19.2577404201911193 -17.2354282729922055 45.1229370293543468
9 -18.2176062157364136 -17.3788066844469000 45.4983065837948004
10 -17.1721611675742594 -17.5138113652034662 45.8517534266566997
11 -16.1217806066567668 -17.6404706768731323 46.1833518095991451
12 -15.0668282068055586 -17.7588123938276219 46.4931744468738373
13 -14.0076568012759832 -17.8688634591226254 46.7812918763141710
14 -12.9446091724428047 -17.9706497688347113 47.0477718947304595
15 -11.8780188200971235 -18.0641959810530324 47.2926790578364873
16 -10.8082107126918441 -18.1495253465289466 47.5160742368911997
17 -9.7355020253898594 -18.2266595585862241 47.7180142257515527
18 -8.6602028677243048 -18.2956186203975868 47.8985513934066702
19 -7.5826170035442741 -18.3564207281122869 48.0577333779912053
20 -6.5030425649646766 -18.4090821686445132 48.1956028192028327
21 -5.4217727621995575 -18.4536172311791340 48.3121971266076713
22 -4.3390965902002501 -18.4900381316584763 48.4075482819645373
23 -3.2552995333448806 -18.5183549496923554 48.4816826740307008
24 -2.1706642685933946 -18.5385755774437939 48.5346209647552129
25 -1.0854713678949763 -18.5507056801704842 48.5663779859808997
26 0.0000000000000000 -18.5547486682006735 48.5769626660612062
27 1.0854713678949763 -18.5507056801704842 48.5663779859808997
28 2.1706642685933946 -18.5385755774437939 48.5346209647552129
29 3.2552995333448806 -18.5183549496923554 48.4816826740307008
30 4.3390965902002501 -18.4900381316584763 48.4075482819645373
31 5.4217727621995575 -18.4536172311791340 48.3121971266076713
32 6.5030425649646766 -18.4090821686445132 48.1956028192028327
33 7.5826170035442741 -18.3564207281122869 48.0577333779912053
34 8.6602028677243048 -18.2956186203975868 47.8985513934066702
35 9.7355020253898594 -18.2266595585862241 47.7180142257515527
36 10.8082107126918441 -18.1495253465289466 47.5160742368911997
37 11.8780188200971235 -18.0641959810530324 47.2926790578364873
38 12.9446091724428065 -17.9706497688347113 47.0477718947304737
39 14.0076568012759832 -17.8688634591226254 46.7812918763141710
40 15.0668282068055586 -17.7588123938276219 46.4931744468738373
41 16.1217806066567668 -17.6404706768731323 46.1833518095991451
42 17.1721611675742594 -17.5138113652034662 45.8517534266566997
43 18.2176062157364171 -17.3788066844469000 45.4983065837948075
44 19.2577404201911193 -17.2354282729922055 45.1229370293543468
45 20.2921759430364119 -17.0836474591869560 44.7255696999721764
46 21.3205115485761745 -16.9234355775346330 44.3061295484052096
47 22.3423316622484265 -16.7547643312648944 43.8645424927453789
48 23.3572053682215319 -16.5776062105062785 43.4007365112172607
49 24.3646853323018711 -16.3919349776794014 42.9146429129434068
50 25.3643066339589929 -16.1977262347334445 42.4061978229967167
51 26.3555854877672004 -15.9949580907440971 41.8753439301975732
52 27.3380178301949464 -15.7836119533738426 41.3220325591718378
53 -27.0298327829354257 -14.8271275186468330 41.8753439301975661
54 -26.0380373542969998 -15.0330678756726783 42.4267307364313879
55 -25.0373795229831764 -15.2304267123651833 42.9553690332346605
56 -24.0283637387895581 -15.4192342331863639 43.4613040726869713
57 -23.0114750428982333 -15.5995221769714014 43.9445892482823126
58 -21.9871803702329665 -15.7713233389459919 44.4052841394496483
59 -20.9559297389075283 -15.9346711524507469 44.8434528559211643
60 -19.9181573466105171 -16.0895993204993033 45.2591626261628193
61 -18.8742825902754419 -16.2361414892116009 45.6524825857775909
62 -17.8247110225455465 -16.3743309566778841 46.0234827309268582
63 -16.7698352562732147 -16.5042004120382835 46.3722330089540762
64 -15.7100358264054236 -16.6257817006134907 46.6988025240112847
65 -14.6456820171198547 -16.7391056116400492 47.0032588399546185
66 -13.5771326607556517 -16.8442016860269419 47.2856673662610874
67 -12.5047369140861360 -16.9410980418406467 47.5460908156100004
68 -11.4288350164841113 -17.0298212160973037 47.7845887239154621
69 -10.3497590338416092 -17.1103960212672135 48.0012170255798480
70 -9.2678335913206773 -17.1828454159067903 48.1960276779802470
71 -8.1833765975487900 -17.2471903882129212 48.3690683306534908
72 -7.0966999622696187 -17.3034498524227267 48.5203820352871276
73 -6.0081103091969084 -17.3516405570653340 48.6500069937397512
74 -4.9179096853354354 -17.3917770053737009 48.7579763415406688
75 -3.8263962678490264 -17.4238713870322499 48.8443179652408404
76 -2.7338650692112751 -17.4479335217087375 48.9090543519845511
77 -1.6406086412603018 -17.4639708136891336 48.9522024704183778
78 -0.5469177785663686 -17.4719882180745572 48.9737736819509450
79 0.5469177785663686 -17.4719882180745572 48.9737736819509450
80 1.6406086412603018 -17.4639708136891336 48.9522024704183778
81 2.7338650692112751 -17.4479335217087375 48.9090543519845511
82 3.8263962678490264 -17.4238713870322499 48.8443179652408404
83 4.9179096853354354 -17.3917770053737009 48.7579763415406688
84 6.0081103091969084 -17.3516405570653376 48.6500069937397512
85 7.0966999622696187 -17.3034498524227267 48.5203820352871276
86 8.1833765975487900 -17.2471903882129212 48.3690683306534908
87 9.2678335913206755 -17.1828454159067867 48.1960276779802541
88 10.3497590338416092 -17.1103960212672135 48.0012170255798480
89 11.4288350164841113 -17.0298212160973037 47.7845887239154621
90 12.5047369140861360 -16.9410980418406467 47.5460908156100004
91 13.5771326607556517 -16.8442016860269419 47.2856673662610874
92 14.6456820171198547 -16.7391056116400492 47.0032588399546185
93 15.7100358264054236 -16.6257817006134907 46.6988025240112847
94 16.7698352562732147 -16.5042004120382835 46.3722330089540762
95 17.8247110225455430 -16.3743309566778841 46.0234827309268653
96 18.8742825902754490 -16.2361414892116080 45.6524825857776051
97 19.9181573466105242 -16.0895993204993069 45.2591626261628335
98 20.9559297389075283 -15.9346711524507469 44.8434528559211643
99 21.9871803702329700 -15.7713233389459937 44.4052841394496554
100 23.0114750428982333 -15.5995221769714032 43.9445892482823126
101 24.0283637387895546 -15.4192342331863621 43.4613040726869642
102 25.0373795229831764 -15.2304267123651833 42.9553690332346605
103 26.0380373542968080 -15.0330678756730212 42.4267307364313950
104 27.0298327829354257 -14.8271275186468330 41.8753439301975661
105 -26.7097957198043225 -13.8672707770199342 42.4061978229967167
106 -25.7086262048769463 -14.0677933549131549 42.9553690332346605
107 -24.6985910750004365 -14.2597382057558963 43.4814841652537609
108 -23.6801953535155647 -14.4431461540631787 43.9845868139250484
109 -22.6539254422601601 -14.6180580198154573 44.4647280637791127
110 -21.6202503322966386 -14.7845144023462147 44.9219646660255023
111 -20.5796227193268741 -14.9425554712046083 45.3563574895530905
112 -19.5324800403277656 -15.0922207650832210 45.7679701958934189
113 -18.4792454450992949 -15.2335489993865352 46.1568680985080064
114 -17.4203287141229275 -15.3665778826423960 46.5231171748904799
115 -16.3561271322201378 -15.4913439418403822 46.8667832063419567
116 -15.2870263260156509 -15.6078823565902418 47.1879310253219657
117 -14.2134010718444763 -15.7162268021324358 47.4866238542478882
118 -13.1356160798099033 -15.8164093010941080 47.7629227227993596
119 -12.0540267585918901 -15.9084600841596089 48.0168859533169865
120 -10.9689799650875042 -15.9924074596915631 48.2485687059078430
121 -9.8808147419466561 -16.0682776926063049 48.4580225765416444
122 -8.7898630458938047 -16.1360948926243495 48.6452952427123435
123 -7.6964504687600090 -16.1958809122427070 48.8104301523596007
124 -6.6008969532688422 -16.2476552544920807 48.9534662525903457
125 -5.5035175046828302 -16.2914349908742651 49.0744377554523510
126 -4.4046228997417121 -16.3272346896040830 49.1733739385621220
127 -3.3045203934319458 -16.3550663544934700 49.2502989788844587
128 -2.2035144245385996 -16.3749393745701148 49.3052318183375178
129 -1.1019073201932796 -16.3868604846753314 49.3381860602261142
130 0.0000000000000000 -16.3908337371411825 49.3491698957682061
131 1.1019073201932796 -16.3868604846753314 49.3381860602261142
132 2.2035144245385996 -16.3749393745701148 49.3052318183375178
133 3.3045203934319458 -16.3550663544934700 49.2502989788844587
134 4.4046228997417121 -16.3272346896040830 49.1733739385621220
135 5.5035175046828302 -16.2914349908742651 49.0744377554523510
136 6.6008969532688422 -16.2476552544920807 48.9534662525903457
137 7.6964504687600090 -16.1958809122427070 48.8104301523596007
138 8.7898630458938047 -16.1360948926243495 48.6452952427123435
139 9.8808147419466561 -16.0682776926063049 48.4580225765416444
140 10.9689799650875042 -15.9924074596915631 48.2485687059078430
141 12.0540267585918901 -15.9084600841596089 48.0168859533169865
142 13.1356160798099033 -15.8164093010941045 47.7629227227993596
143 14.2134010718444763 -15.7162268021324358 47.4866238542478882
144 15.2870263260156509 -15.6078823565902418 47.1879310253219657
145 16.3561271322201449 -15.4913439418403840 46.8667832063419709
146 17.4203287141229239 -15.3665778826423960 46.5231171748904728
147 18.4792454450992949 -15.2335489993865352 46.1568680985080064
148 19.5324800403277656 -15.0922207650832210 45.7679701958934189
149 20.5796227193268741 -14.9425554712046083 45.3563574895530905
150 21.6202503322966386 -14.7845144023462147 44.9219646660255023
151 22.6539254422601601 -14.6180580198154608 44.4647280637791127
152 23.6801953535155647 -14.4431461540631787 43.9845868139250555
153 24.6985910750003512 -14.2597382057560402 43.4814841652537609
154 25.7086262048769463 -14.0677933549131531 42.9553690332346605
155 26.7097957198043225 -13.8672707770199342 42.4061978229967167
156 -26.3781747740039982 -12.9044689641478207 42.9146429129434068
157 -25.3676304222368358 -13.0995562925714086 43.4613040726869713
158 -24.3482291567480083 -13.2860776656911153 43.9845868139250484
159 -23.3204767873573857 -13.4640835508111500 44.4845345771662721
160 -22.2848612126862591 -13.6336230769504372 44.9611975210509129
161 -21.2418535559638002 -13.7947440351254933 45.4146308419693909
162 -20.1919092196607188 -13.9474928426229532 45.8448933412431643
163 -19.1354688729005318 -14.0919144811024974 46.2520461955095357
164 -18.0729593832814075 -14.2280524159245019 46.6361518950691902
165 -17.0047947027888888 -14.3559485023470437 46.9972733221190424
166 -15.9313767159669624 -14.4756428828458112 47.3354729464305777
167 -14.8530960571377406 -14.5871738790238439 47.6508121204724446
168 -13.7703329024843892 -14.6905778806695686 47.9433504595448241
169 -12.6834577417609662 -14.7858892344149595 48.2131452952467541
170 -11.5928321337724149 -14.8731401336379729 48.4602511929451367
171 -10.4988094488962265 -14.9523605116133194 48.6847195256017997
172 -9.4017356015444697 -15.0235779389476249 48.8865980979554067
173 -8.3019497747390467 -15.0868175270296252 49.0659308160338625
174 -7.1997851387813654 -15.1421018379801104 49.2227573982159399
175 -6.0955695653820001 -15.1894508026198771 49.3571131245373635
176 -4.9896263385517914 -15.2288816466259753 49.4690286219033055
177 -3.8822748630994917 -15.2604088262399582 49.5585296830259381
178 -2.7738313715295551 -15.2840439734853728 49.6256371177124933
179 -1.6646096298220010 -15.2997958519318384 49.6703666351428694
180 -0.5549216425323441 -15.3076703229155164 49.6927287563842697
181 0.5549216425323441 -15.3076703229155164 49.6927287563842697
182 1.6646096298220010 -15.2997958519318349 49.6703666351428694
183 2.7738313715295551 -15.2840439734853710 49.6256371177124933
184 3.8822748630994917 -15.2604088262399582 49.5585296830259381
185 4.9896263385517914 -15.2288816466259753 49.4690286219033055
186 6.0955695653820001 -15.1894508026198807 49.3571131245373635
187 7.1997851387813654 -15.1421018379801140 49.2227573982159399
188 8.3019497747390467 -15.0868175270296252 49.0659308160338625
189 9.4017356015444697 -15.0235779389476249 48.8865980979554067
190 10.4988094488962265 -14.9523605116133194 48.6847195256017997
191 11.5928321337724149 -14.8731401336379729 48.4602511929451367
192 12.6834577417609662 -14.7858892344149595 48.2131452952467541
193 13.7703329024843892 -14.6905778806695686 47.9433504595448241
194 14.8530960571377406 -14.5871738790238439 47.6508121204724446
195 15.9313767159669606 -14.4756428828458095 47.3354729464305777
196 17.0047947027888888 -14.3559485023470437 46.9972733221190424
197 18.0729593832814075 -14.2280524159245036 46.6361518950691902
198 19.1354688729005318 -14.0919144811024974 46.2520461955095357
199 20.1919092196607224 -13.9474928426229550 45.8448933412431643
200 21.2418535559638002 -13.7947440351254933 45.4146308419693909
201 22.2848612126862591 -13.6336230769504372 44.9611975210509129
202 23.3204767873573360 -13.4640835508112371 44.4845345771662721
203 24.3482291567480047 -13.2860776656911135 43.9845868139250555
204 25.3676304222368323 -13.0995562925714069 43.4613040726869642
205 26.3781747740039982 -12.9044689641478243 42.9146429129434068
206 -26.0352307963438854 -11.9391301050369680 43.4007365112172607
207 -25.0153200136050771 -12.1287608772157789 43.9445892482823055
208 -23.9865723202851164 -12.3098459185281932 44.4647280637791127
209 -22.9494945366039751 -12.4824443915215788 44.9611975210509129
210 -21.9045762110660291 -12.6466129719435774 45.4340480405550977
211 -20.8522906957793843 -12.8024060255129726 45.8833343676832257
212 -19.7930961518722661 -12.9498757139892913 46.3091142618272187
213 -18.7274364969895259 -13.0890720472667681 46.7114473677778932
214 -17.6557423048540230 -13.2200428943838872 47.0903942384775220
215 -16.5784316653063826 -13.3428339633182738 47.4460154844017055
216 -15.4959110118009811 -13.4574887574019915 47.7783710297739574
217 -14.4085759223667971 -13.5640485144160152 48.0875194597097035
218 -13.3168118989069040 -13.6625521334802595 48.3735174454893695
219 -12.2209951291757477 -13.7530360936919429 48.6364192376275639
220 -11.1214932347611644 -13.8355343681663943 48.8762762183909345
221 -10.0186660082051784 -13.9100783362097165 49.0931365070163608
222 -8.9128661414258215 -13.9766966963358428 49.2870446121864703
223 -7.8044399476950508 -14.0354153819757101 49.4580411273861600
224 -6.6937280784515343 -14.0862574818725950 49.6061624656265536
225 -5.5810662365317611 -14.1292431664241587 49.7314406307267660
226 -4.4667858865023682 -14.1643896214479934 49.8339030229015805
227 -3.3512149632167088 -14.1917109902920870 49.9135722768700987
228 -2.2346785788894401 -14.2112183252883639 49.9704661311062850
229 -1.1174997294126248 -14.2229195491552289 50.0045973271760360
230 0.0000000000000000 -14.2268194269935098 50.0159735383779136
231 1.1174997294126248 -14.2229195491552289 50.0045973271760360
232 2.2346785788894401 -14.2112183252883639 49.9704661311062850
233 3.3512149632167088 -14.1917109902920870 49.9135722768700987
234 4.4667858865023682 -14.1643896214479934 49.8339030229015805
235 5.5810662365317611 -14.1292431664241587 49.7314406307267660
236 6.6937280784515343 -14.0862574818725967 49.6061624656265536
237 7.8044399476950508 -14.0354153819757101 49.4580411273861600
238 8.9128661414258215 -13.9766966963358428 49.2870446121864703
239 10.0186660082051802 -13.9100783362097200 49.0931365070163679
240 11.1214932347611644 -13.8355343681663943 48.8762762183909345
241 12.2209951291757477 -13.7530360936919429 48.6364192376275639
242 13.3168118989069040 -13.6625521334802595 48.3735174454893695
243 14.4085759223667971 -13.5640485144160152 48.0875194597097035
244 15.4959110118009811 -13.4574887574019915 47.7783710297739574
245 16.5784316653063826 -13.3428339633182738 47.4460154844017055
246 17.6557423048540230 -13.2200428943838872 47.0903942384775220
247 18.7274364969895188 -13.0890720472667645 46.7114473677778932
248 19.7930961518722697 -12.9498757139892966 46.3091142618272187
249 20.8522906957793843 -12.8024060255129726 45.8833343676832257
250 21.9045762110659723 -12.6466129719436804 45.4340480405550977
251 22.9494945366039751 -12.4824443915215788 44.9611975210509129
252 23.9865723202851164 -12.3098459185281932 44.4647280637791127
253 25.0153200136050806 -12.1287608772157789 43.9445892482823126
254 26.0352307963438854 -11.9391301050369645 43.4007365112172607
255 -25.6812173764209959 -10.9716446336520921 43.8645424927453789
256 -24.6519568479421274 -11.1557950887392945 44.4052841394496554
257 -23.6138902211970461 -11.3314288227747362 44.9219646660255023
258 -22.5675255511044277 -11.4986127853707210 45.4146308419693909
259 -21.5133541955468921 -11.6574104568863515 45.8833343676832257
260 -20.4518518426212808 -11.8078821667635587 46.3281304926423303
261 -19.3834794768914804 -11.9500853135219156 46.7490768290505798
262 -18.3086842951153272 -12.0840745085096568 47.1462323272452366
263 -17.2279005802331575 -12.2099016605578417 47.5196563859326346
264 -16.1415505408919380 -12.3276160149268783 47.8694080757674385
265 -15.0500451227611745 -12.4372641569665205 48.1955454590223340
266 -13.9537847967268842 -12.5388899890724996 48.4981249914733397
267 -12.8531603284534519 -12.6325346875537043 48.7772009953300056
268 -11.7485535328407966 -12.7182366453809248 49.0328251941295292
269 -10.6403380165980312 -12.7960314051785851 49.2650463023249472
270 -9.5288799113163041 -12.8659515868941572 49.4739096635732594
271 -8.4145385993227428 -12.9280268129689411 49.6594569330320397
272 -7.2976674338385825 -12.9822836343819823 49.8217257997105989
273 -6.1786144549829789 -13.0287454593158252 49.9607497459058578
274 -5.0577231025362464 -13.0674324869964824 50.0765578411282135
275 -3.9353329264737127 -13.0983616477586793 50.1691745686764818
276 -2.8117802958370550 -13.1215465513100575 50.2386196831655170
277 -1.6873991065326983 -13.1369974437405581 50.2849080979415319
278 -0.5625214883672369 -13.1447211746510391 50.3080498013568942
279 0.5625214883672369 -13.1447211746510391 50.3080498013568942
280 1.6873991065326983 -13.1369974437405581 50.2849080979415319
281 2.8117802958370550 -13.1215465513100575 50.2386196831655170
282 3.9353329264737127 -13.0983616477586793 50.1691745686764818
283 5.0577231025362464 -13.0674324869964824 50.0765578411282135
284 6.1786144549829789 -13.0287454593158269 49.9607497459058578
285 7.2976674338385825 -12.9822836343819823 49.8217257997105989
286 8.4145385993227428 -12.9280268129689411 49.6594569330320397
287 9.5288799113163041 -12.8659515868941572 49.4739096635732594
288 10.6403380165980312 -12.7960314051785851 49.2650463023249472
289 11.7485535328407966 -12.7182366453809248 49.0328251941295292
290 12.8531603284534501 -12.6325346875537026 48.7772009953300056
291 13.9537847967268842 -12.5388899890724996 48.4981249914733397
292 15.0500451227611745 -12.4372641569665223 48.1955454590223340
293 16.1415505408919380 -12.3276160149268783 47.8694080757674385
294 17.2279005802331575 -12.2099016605578417 47.5196563859326346
295 18.3086842951153272 -12.0840745085096586 47.1462323272452366
296 19.3834794768914804 -11.9500853135219156 46.7490768290505798
297 20.4518518426211209 -11.8078821667638305 46.3281304926423303
298 21.5133541955468921 -11.6574104568863515 45.8833343676832257
299 22.5675255511044277 -11.4986127853707210 45.4146308419693909
300 23.6138902211970461 -11.3314288227747362 44.9219646660255023
301 24.6519568479421274 -11.1557950887392945 44.4052841394496554
302 25.6812173764210030 -10.9716446336520956 43.8645424927453789
303 -25.3163809037424485 -10.0023868339791555 44.3061295484052025
304 -24.2777948884271702 -10.1810319375903493 44.8434528559211714
305 -23.2304439951847819 -10.3511983396341609 45.3563574895530905
306 -22.1748377306434712 -10.5129599138239307 45.8448933412431643
307 -21.1114694201020079 -10.6663862300747532 46.3091142618272187
308 -20.0408171973470459 -10.8115429839613721 46.7490768290505798
309 -18.9633449404574321 -10.9484923061086494 47.1648392861918566
310 -17.8795031629185779 -11.0772929778522080 47.5564606224013531
311 -16.7897298678527491 -11.1980005735462953 47.9239997717155219
312 -15.6944513719667817 -11.3106675455825911 48.2675149122706983
313 -14.5940831045652661 -11.4153432649087048 48.5870628509415639
314 -13.4890303864008558 -11.5120740270958990 48.8826984814608849
315 -12.3796891920491685 -11.6009030325620746 49.1544743063879466
316 -11.2664468992665761 -11.6818703475776040 49.4024400151287324
317 -10.1496830277980354 -11.7550128521553212 49.6266421116812140
318 -9.0297699701690526 -11.8203641793107135 49.8271235870012887
319 -7.9070737159997941 -11.8779546500933790 50.0039236318518263
320 -6.7819545716593863 -11.9278112074471725 50.1570773868199495
321 -5.6547678761088251 -11.9699573520133526 50.2866157268344054
322 -4.5258647142023065 -12.0044130819258843 50.3925650780670651
323 -3.3955926278715434 -12.0311948387706114 50.4749472655205764
324 -2.2642963260857871 -12.0503154611593573 50.5337793899705972
325 -1.1323183937366430 -12.0617841473115366 50.5690737332499509
326 0.0000000000000000 -12.0656064275526642 50.5808376911197541
327 1.1323183937366430 -12.0617841473115366 50.5690737332499509
328 2.2642963260857871 -12.0503154611593573 50.5337793899705972
329 3.3955926278715434 -12.0311948387706114 50.4749472655205764
330 4.5258647142023065 -12.0044130819258843 50.3925650780670651
331 5.6547678761088269 -11.9699573520133544 50.2866157268343983
332 6.7819545716593863 -11.9278112074471725 50.1570773868199495
333 7.9070737159997941 -11.8779546500933790 50.0039236318518263
334 9.0297699701690526 -11.8203641793107135 49.8271235870012887
335 10.1496830277980354 -11.7550128521553212 49.6266421116812140
336 11.2664468992665761 -11.6818703475776040 49.4024400151287324
337 12.3796891920491685 -11.6009030325620746 49.1544743063879466
338 13.4890303864008558 -11.5120740270958990 48.8826984814608849
339 14.5940831045652697 -11.4153432649087065 48.5870628509415710
340 15.6944513719667817 -11.3106675455825911 48.2675149122706983
341 16.7897298678527456 -11.1980005735462935 47.9239997717155291
342 17.8795031629185779 -11.0772929778522080 47.5564606224013531
343 18.9633449404572794 -10.9484923061089177 47.1648392861918566
344 20.0408171973470459 -10.8115429839613721 46.7490768290505798
345 21.1114694201020114 -10.6663862300747549 46.3091142618272187
346 22.1748377306434747 -10.5129599138239325 45.8448933412431643
347 23.2304439951847819 -10.3511983396341609 45.3563574895530905
348 24.2777948884271702 -10.1810319375903457 44.8434528559211714
349 25.3163809037424485 -10.0023868339791555 44.3061295484052096
350 -24.9409606604715854 -9.0317161351395008 44.7255696999721764
351 -23.8930804215704917 -9.2048305984907106 45.2591626261628193
352 -22.8364866022489679 -9.3695135312947357 45.7679701958934189
353 -21.7716903650428328 -9.5258449167069923 46.2520461955095357
354 -20.6991871533925753 -9.6738997305194019 46.7114473677778932
355 -19.6194576531509810 -9.8137484551842373 47.1462323272452366
356 -18.5329687054422756 -9.9454574572056078 47.5564606224013531
357 -17.4401741794041207 -10.0690892571928696 47.9421919202984341
358 -16.3415158118980131 -10.1847027157040628 48.3034852941505335
359 -15.2374240200683744 -10.2923531528201480 48.6403985983901705
360 -14.1283186918334689 -10.3920924159604269 48.9529879186156123
361 -13.0146099582221630 -10.4839689077097660 49.2413070864037721
362 -11.8966989512759742 -10.5680275829094406 49.5054072508203333
363 -10.7749785502068285 -10.6443099233635721 49.7453364999973218
364 -9.6498341184700287 -10.7128538962522075 49.9611395274723975
365 -8.5216442335315392 -10.7736939023414564 50.1528573388971353
366 -7.3907814112027195 -10.8268607180101579 50.3205269956965893
367 -6.2576128256408401 -10.8723814355668029 50.4641813927850933
368 -5.1225010262638495 -10.9102794043980058 50.5838490681946169
369 -3.9858046522195423 -10.9405741761776749 50.6795540427291016
370 -2.8478791452080436 -10.9632814557142950 50.7513156883354100
371 -1.7090774610603077 -10.9784130597771163 50.7991486239780556
372 -0.5697507805181868 -10.9859768847988253 50.8230626382822805
373 0.5697507805181868 -10.9859768847988253 50.8230626382822805
374 1.7090774610603077 -10.9784130597771163 50.7991486239780556
375 2.8478791452080436 -10.9632814557142950 50.7513156883354100
376 3.9858046522195414 -10.9405741761776731 50.6795540427290945
377 5.1225010262638495 -10.9102794043980058 50.5838490681946169
378 6.2576128256408401 -10.8723814355668029 50.4641813927850933
379 7.3907814112027195 -10.8268607180101579 50.3205269956965893
380 8.5216442335315392 -10.7736939023414564 50.1528573388971353
381 9.6498341184700287 -10.7128538962522075 49.9611395274723975
382 10.7749785502068285 -10.6443099233635721 49.7453364999973218
383 11.8966989512759742 -10.5680275829094406 49.5054072508203333
384 13.0146099582221630 -10.4839689077097660 49.2413070864037721
385 14.1283186918334689 -10.3920924159604269 48.9529879186156123
386 15.2374240200683744 -10.2923531528201480 48.6403985983901705
387 16.3415158118980131 -10.1847027157040628 48.3034852941505335
388 17.4401741794040674 -10.0690892571929620 47.9421919202984341
389 18.5329687054422756 -9.9454574572056078 47.5564606224013531
390 19.6194576531509810 -9.8137484551842373 47.1462323272452366
391 20.6991871533925753 -9.6738997305194019 46.7114473677778932
392 21.7716903650428328 -9.5258449167069923 46.2520461955095357
393 22.8364866022489679 -9.3695135312947340 45.7679701958934189
394 23.8930804215704988 -9.2048305984907142 45.2591626261628335
395 24.9409606604715854 -9.0317161351395026 44.7255696999721764
396 -24.5551889396113658 -8.0599782868758147 45.1229370293543468
397 -23.4980522842334736 -8.2275374567790909 45.6524825857775909
398 -22.4322631458134012 -8.3867214985306049 46.1568680985080064
399 -21.3583345302078769 -8.5376157395237904 46.6361518950691902
400 -20.2767641380834185 -8.6802999114832602 47.0903942384775220
401 -19.1880353058694695 -8.8148487260756632 47.5196563859326346
402 -18.0926179022101792 -8.9413323014656783 47.9239997717155219
403 -16.9909691877410864 -9.0598164715967329 48.3034852941505335
404 -15.8835346448591199 -9.1703630028921239 48.6581726905228820
405 -14.7707487828505002 -9.2730297383012399 48.9881199870591146
406 -13.6530359228967235 -9.3678706841408701 49.2933830136794882
407 -12.5308109669320960 -9.4549360526939559 49.5740149750903427
408 -11.4044801531714377 -9.5342722711085859 49.8300660715625412
409 -10.2744418013345289 -9.6059219649880951 50.0615831638747579
410 -9.1410870494431169 -9.6699239243542667 50.2686094780003216
411 -8.0048005843448102 -9.7263130576027255 50.4511843459633695
412 -6.8659613671034263 -9.7751203389583985 50.6093429799708474
413 -5.7249433547870936 -9.8163727532100395 50.7431162775258997
414 -4.5821162192517164 -9.8500932415438296 50.8525306556730001
415 -3.4378460639644013 -9.8763006509842501 50.9376079129345527
416 -2.2924961391507024 -9.8950096900181510 50.9983651177802528
417 -1.1464275559907680 -9.9062308921247926 51.0348145227429697
418 0.0000000000000000 -9.9099705886809133 51.0469635035373912
419 1.1464275559907680 -9.9062308921247926 51.0348145227429697
420 2.2924961391507024 -9.8950096900181510 50.9983651177802528
421 3.4378460639644017 -9.8763006509842519 50.9376079129345456
422 4.5821162192517164 -9.8500932415438296 50.8525306556730001
423 5.7249433547870936 -9.8163727532100395 50.7431162775258997
424 6.8659613671034263 -9.7751203389583985 50.6093429799708474
425 8.0048005843448120 -9.7263130576027272 50.4511843459633766
426 9.1410870494431169 -9.6699239243542667 50.2686094780003216
427 10.2744418013345289 -9.6059219649880951 50.0615831638747579
428 11.4044801531714377 -9.5342722711085859 49.8300660715625341
429 12.5308109669320960 -9.4549360526939559 49.5740149750903427
430 13.6530359228967271 -9.3678706841408719 49.2933830136794953
431 14.7707487828505002 -9.2730297383012399 48.9881199870591146
432 15.8835346448590897 -9.1703630028921790 48.6581726905228820
433 16.9909691877410864 -9.0598164715967329 48.3034852941505335
434 18.0926179022101792 -8.9413323014656783 47.9239997717155219
435 19.1880353058694695 -8.8148487260756632 47.5196563859326346
436 20.2767641380834185 -8.6802999114832602 47.0903942384775220
437 21.3583345302078733 -8.5376157395237886 46.6361518950691902
438 22.4322631458134012 -8.3867214985306049 46.1568680985080064
439 23.4980522842334807 -8.2275374567790944 45.6524825857776051
440 24.5551889396113658 -8.0599782868758147 45.1229370293543468
441 -24.1592911840580307 -7.0875064367455760 45.4983065837948004
442 -23.0929420897297675 -7.2494870823020001 46.0234827309268582
443 -22.0180111726618648 -7.4031582673847618 46.5231171748904728
444 -20.9350134498481459 -7.5486099475807098 46.9972733221190424
445 -19.8444490033646233 -7.6859259954005479 47.4460154844017055
446 -18.7468039074725290 -7.8151848174194276 47.8694080757674385
447 -17.6425511142181008 -7.9364598137914761 48.2675149122706983
448 -16.5321513050972939 -8.0498197132043465 48.6403985983901705
449 -15.4160537148426879 -8.1553288097159893 48.9881199870591146
450 -14.2946969325932542 -8.2530471220168007 49.3107377029291598
451 -13.1685096845317791 -8.3430304922098344 49.6083077205264971
452 -12.0379116014816834 -8.4253306372988774 49.8808829906518909
453 -10.9033139746361432 -8.4999951648253624 50.1285131094913865
454 -9.7651205014506459 -8.5670675620160637 50.3512440261410035
455 -8.6237280241464003 -8.6265871657878161 50.5491177849486988
456 -7.4795272621881663 -8.6785891206719370 50.7221722997816613
457 -6.3329035403635157 -8.7231043294292281 50.8704411579685782
458 -5.1842375133063046 -8.7601594014216282 50.9939534520252025
459 -4.0339058875223097 -8.7897766017980210 51.0927336377796166
460 -2.8822821413964594 -8.8119738049975176 51.1668014176909907
461 -1.7297372438433247 -8.8267644545051027 51.2161716485325158
462 -0.5766403719615364 -8.8341575311768228 51.2408542726970566
463 0.5766403719615364 -8.8341575311768228 51.2408542726970566
464 1.7297372438433247 -8.8267644545051027 51.2161716485325158
465 2.8822821413964594 -8.8119738049975176 51.1668014176909907
466 4.0339058875223097 -8.7897766017980210 51.0927336377796166
467 5.1842375133063028 -8.7601594014216246 50.9939534520251812
468 6.3329035403635157 -8.7231043294292281 50.8704411579685782
469 7.4795272621881663 -8.6785891206719370 50.7221722997816613
470 8.6237280241464003 -8.6265871657878161 50.5491177849486988
471 9.7651205014506459 -8.5670675620160637 50.3512440261410035
472 10.9033139746361432 -8.4999951648253624 50.1285131094913865
473 12.0379116014816834 -8.4253306372988774 49.8808829906518909
474 13.1685096845317791 -8.3430304922098344 49.6083077205264971
475 14.2946969325932258 -8.2530471220168486 49.3107377029291598
476 15.4160537148426879 -8.1553288097159893 48.9881199870591146
477 16.5321513050972939 -8.0498197132043465 48.6403985983901705
478 17.6425511142181008 -7.9364598137914761 48.2675149122706983
479 18.7468039074725290 -7.8151848174194276 47.8694080757674385
480 19.8444490033646233 -7.6859259954005479 47.4460154844017055
481 20.9350134498481459 -7.5486099475807098 46.9972733221190424
482 22.0180111726618648 -7.4031582673847618 46.5231171748904728
483 23.0929420897297675 -7.2494870823020001 46.0234827309268582
484 24.1592911840580307 -7.0875064367455760 45.4983065837948004
485 -23.7534861431419451 -6.1146221263982277 45.8517534266566997
486 -22.6779744541113644 -6.2710031431933873 46.3722330089540833
487 -21.5939609585060026 -6.4191496331103695 46.8667832063419567
488 -20.5019628306393606 -6.5591555118643896 47.3354729464305777
489 -19.4024826409540907 -6.6911082123016792 47.7783710297739574
490 -18.2960092748912437 -6.8150893259300069 48.1955454590223340
491 -17.1830188126131667 -6.9311750810404344 48.5870628509415639
492 -16.0639753766140672 -7.0394366919100984 48.9529879186156123
493 -14.9393319532818651 -7.1399406059396462 49.2933830136794882
494 -13.8095311930677962 -7.2327486706810067 49.6083077205264971
495 -12.6750061934819112 -7.3179182377865866 49.8978184960050584
496 -11.5361812680125926 -7.3955022185579447 50.1619683494065072
497 -10.3934727037131154 -7.4655491022117770 50.4008065586220013
498 -9.2472895100543635 -7.5281029470017851 50.6143784189491015
499 -8.0980341604332420 -7.5832033522416138 50.8027250219415620
500 -6.9461033284146199 -7.6308854177364012 50.9658830620285102
501 -5.7918886195803836 -7.6711796966533479 51.1038846691719542
502 -4.6357773003341656 -7.7041121460570157 51.2167572661788384
503 -3.4781530241292336 -7.7297040792179805 51.3045234495795768
504 -2.3193965560060485 -7.7479721224559936 51.3672008932317823
505 -1.1598864957114168 -7.7589281791268627 51.4048022739920327
506 0.0000000000000000 -7.7625794025502985 51.4173352189619166
507 1.1598864957114168 -7.7589281791268627 51.4048022739920327
508 2.3193965560060485 -7.7479721224559936 51.3672008932317823
509 3.4781530241292336 -7.7297040792179805 51.3045234495795768
510 4.6357773003341656 -7.7041121460570157 51.2167572661788384
511 5.7918886195803836 -7.6711796966533479 51.1038846691719542
512 6.9461033284146199 -7.6308854177364012 50.9658830620285102
513 8.0980341604332438 -7.5832033522416147 50.8027250219415620
514 9.2472895100543635 -7.5281029470017851 50.6143784189491015
515 10.3934727037131154 -7.4655491022117770 50.4008065586220013
516 11.5361812680125926 -7.3955022185579447 50.1619683494065072
517 12.6750061934815879 -7.3179182377871417 49.8978184960050584
518 13.8095311930677962 -7.2327486706810067 49.6083077205264971
519 14.9393319532818634 -7.1399406059396453 49.2933830136794882
520 16.0639753766140672 -7.0394366919100984 48.9529879186156123
521 17.1830188126131667 -6.9311750810404344 48.5870628509415639
522 18.2960092748912473 -6.8150893259300078 48.1955454590223411
523 19.4024826409540907 -6.6911082123016792 47.7783710297739574
524 20.5019628306393606 -6.5591555118643896 47.3354729464305777
525 21.5939609585060026 -6.4191496331103695 46.8667832063419567
526 22.6779744541113644 -6.2710031431933873 46.3722330089540833
527 23.7534861431419451 -6.1146221263982277 45.8517534266566997
528 -23.3379860442149862 -5.1416362211674951 46.1833518095991451
529 -22.2533672237084375 -5.2923992697240090 46.6988025240112847
530 -21.1603357830939025 -5.4350119683559246 47.1879310253219657
531 -20.0594111772243089 -5.5695715708198446 47.6508121204724446
532 -18.9510985528322387 -5.6961685239184403 48.0875194597097035
533 -17.8358896641586071 -5.8148871183703159 48.4981249914733397
534 -16.7142637509125009 -5.9258059734954163 48.8826984814608849
535 -15.5866883856739289 -6.0289983903114432 49.2413070864037721
536 -14.4536202962563767 -6.1245326010368650 49.5740149750903427
537 -13.3155061679250011 -6.2124719367451133 49.8808829906518909
538 -12.1727834290216528 -6.2928749314821113 50.1619683494065072
539 -11.0258810234545468 -6.3657953769440132 50.4173243724367381
540 -9.8752201723910833 -6.4312823402651720 50.6470002468714142
541 -8.7212151273761567 -6.4893801543508269 50.8510408144645822
542 -7.5642739169629873 -6.5401283895025566 51.0294863854024783
543 -6.4047990878742018 -6.5835618133028895 51.1823725758623382
544 -5.2431884423236950 -6.6197103441325549 51.3097301680496756
545 -4.0798357721814487 -6.6485990036046188 51.4115849917243466
546 -2.9151315909052249 -6.6702478711886384 51.4879578265113267
547 -1.7494638636870725 -6.6846720445038095 51.5388643243822600
548 -0.5832187363855226 -6.6918816073159002 51.5643149519044357
549 0.5832187363855226 -6.6918816073159002 51.5643149519044357
550 1.7494638636870727 -6.6846720445038113 51.5388643243822671
551 2.9151315909052249 -6.6702478711886384 51.4879578265113267
552 4.0798357721814487 -6.6485990036046188 51.4115849917243466
553 5.2431884423236950 -6.6197103441325549 51.3097301680496756
554 6.4047990878742018 -6.5835618133028895 51.1823725758623382
555 7.5642739169629847 -6.5401283895025539 51.0294863854024641
556 8.7212151273761584 -6.4893801543508278 50.8510408144645893
557 9.8752201723910833 -6.4312823402651720 50.6470002468714142
558 11.0258810234543247 -6.3657953769443987 50.4173243724367381
559 12.1727834290216510 -6.2928749314821104 50.1619683494065001
560 13.3155061679250011 -6.2124719367451133 49.8808829906518909
561 14.4536202962563767 -6.1245326010368650 49.5740149750903498
562 15.5866883856739289 -6.0289983903114432 49.2413070864037721
563 16.7142637509125009 -5.9258059734954163 48.8826984814608849
564 17.8358896641586071 -5.8148871183703159 48.4981249914733397
565 18.9510985528322387 -5.6961685239184403 48.0875194597097035
566 20.0594111772243089 -5.5695715708198446 47.6508121204724446
567 21.1603357830939025 -5.4350119683559246 47.1879310253219657
568 22.2533672237084375 -5.2923992697240090 46.6988025240112847
569 23.3379860442149862 -5.1416362211674951 46.1833518095991451
570 -22.9129967774994370 -4.1688497846357411 46.4931744468738373
571 -21.8193317048708657 -4.3139798767546909 47.0032588399546185
572 -20.7173521982067967 -4.4510530013280691 47.4866238542478811
573 -19.6075800921758017 -4.5801691717854016 47.9433504595448241
574 -18.4905231775766339 -4.7014213351321406 48.3735174454893695
575 -17.3666761178363522 -4.8148960195781783 48.7772009953300056
576 -16.2365213290632724 -4.9206738149891933 49.1544743063879466
577 -15.1005298303322206 -5.0188297215259627 49.5054072508203333
578 -13.9591620699633054 -5.1094333940476195 49.8300660715625412
579 -12.8128687321017320 -5.1925493050601004 50.1285131094913865
580 -11.6620915275720609 -5.2682368438498068 50.4008065586220013
581 -10.5072639717754157 -5.3365503671226380 50.6470002468714142
582 -9.3488121524332826 -5.3975392128102593 50.8671434403848863
583 -8.1871554890229348 -5.4512476878122813 51.0612806698449546
584 -7.0227074856571781 -5.4977150374915675 51.2294515775587200
585 -5.8558764791669091 -5.5369754045253083 51.3716907842288251
586 -4.6870663830362398 -5.5690577827313268 51.4880277747517781
587 -3.5166774285700990 -5.5939859705083732 51.5784868023979612
588 -2.3451069037120500 -5.6117785279162744 51.6430868109544718
589 -1.1727498902883757 -5.6224487401674716 51.6818413745003582
590 0.0000000000000000 -5.6260045899536877 51.6947586545659306
591 1.1727498902883757 -5.6224487401674716 51.6818413745003582
592 2.3451069037120500 -5.6117785279162753 51.6430868109544647
593 3.5166774285700990 -5.5939859705083732 51.5784868023979612
594 4.6870663830362398 -5.5690577827313268 51.4880277747517781
595 5.8558764791669091 -5.5369754045253083 51.3716907842288251
596 7.0227074856571781 -5.4977150374915675 51.2294515775587200
597 8.1871554890229348 -5.4512476878122813 51.0612806698449546
598 9.3488121524329877 -5.3975392128107726 50.8671434403848792
599 10.5072639717754175 -5.3365503671226389 50.6470002468714213
600 11.6620915275720591 -5.2682368438498060 50.4008065586220084
601 12.8128687321017320 -5.1925493050601004 50.1285131094913865
602 13.9591620699633072 -5.1094333940476204 49.8300660715625412
603 15.1005298303322206 -5.0188297215259627 49.5054072508203333
604 16.2365213290632759 -4.9206738149891942 49.1544743063879537
605 17.3666761178363522 -4.8148960195781783 48.7772009953300056
606 18.4905231775766339 -4.7014213351321406 48.3735174454893695
607 19.6075800921758017 -4.5801691717854016 47.9433504595448383
608 20.7173521982067967 -4.4510530013280691 47.4866238542478811
609 21.8193317048708622 -4.3139798767546900 47.0032588399546185
610 22.9129967774994370 -4.1688497846357402 46.4931744468738444
611 -22.4787180929936703 -3.1965549078375597 46.7812918763141710
612 -21.3760728969458285 -3.3360409517523348 47.2856673662610874
613 -20.2652202913049244 -3.4675725689276882 47.7629227227993596
614 -19.1466845654266820 -3.5912519949839306 48.2131452952467683
615 -18.0209762008893932 -3.7071741945461159 48.6364192376275639
616 -16.8885927926624575 -3.8154274944710855 49.0328251941295292
617 -15.7500199343516432 -3.9160940513644737 49.4024400151287324
618 -14.6057320744910548 -4.0092501880297471 49.7453364999973218
619 -13.4561933491178856 -4.0949666271664036 50.0615831638747579
620 -12.3018583953688498 -4.1733086442644645 50.3512440261410035
621 -11.1431731494352242 -4.2443361583555435 50.6143784189491015
622 -9.9805756321704759 -4.3081037750014772 50.8510408144645822
623 -8.8144967244780847 -4.3646607943209306 51.0612806698449546
624 -7.6453609348355513 -4.4140511937790974 51.2451422891456829
625 -6.4735871603652981 -4.4563135947268453 51.4026647015756026
626 -5.2995894429294310 -4.4914812192836342 51.5338815556640668
627 -4.1237777216040445 -4.5195818437536408 51.6388210289547089
628 -2.9465585820812290 -4.5406377531974744 51.7175057530484779
629 -1.7683360039952776 -4.5546657006916371 51.7699527538119071
630 -0.5895121066064638 -4.5616768744051228 51.7961734066299613
631 0.5895121066064638 -4.5616768744051228 51.7961734066299613
632 1.7683360039952776 -4.5546657006916371 51.7699527538119071
633 2.9465585820812290 -4.5406377531974744 51.7175057530484779
634 4.1237777216040445 -4.5195818437536408 51.6388210289547089
635 5.2995894429294310 -4.4914812192836342 51.5338815556640668
636 6.4735871603652990 -4.4563135947268462 51.4026647015755955
637 7.6453609348355016 -4.4140511937791835 51.2451422891456829
638 8.8144967244780847 -4.3646607943209306 51.0612806698449546
639 9.9805756321704777 -4.3081037750014781 50.8510408144645893
640 11.1431731494352242 -4.2443361583555443 50.6143784189491015
641 12.3018583953688498 -4.1733086442644636 50.3512440261410035
642 13.4561933491178856 -4.0949666271664027 50.0615831638747579
643 14.6057320744910548 -4.0092501880297471 49.7453364999973289
644 15.7500199343516432 -3.9160940513644737 49.4024400151287324
645 16.8885927926624575 -3.8154274944710860 49.0328251941295363
646 18.0209762008893932 -3.7071741945461159 48.6364192376275639
647 19.1466845654266820 -3.5912519949839306 48.2131452952467683
648 20.2652202913049244 -3.4675725689276882 47.7629227227993596
649 21.3760728969458285 -3.3360409517523348 47.2856673662610874
650 22.4787180929936703 -3.1965549078375601 46.7812918763141710
651 -22.0353438085452105 -2.2250355009791765 47.0477718947304737
652 -20.9237897292798785 -2.3588708143192965 47.5460908156100004
653 -19.8041439472688907 -2.4848633487581657 48.0168859533169865
654 -18.6769332566625721 -2.6031170628364895 48.4602511929451367
655 -17.5426708551453601 -2.7137284852367403 48.8762762183909345
656 -16.4018572728071561 -2.8167873246379362 49.2650463023249543
657 -15.2549812656780919 -2.9123769163551962 49.6266421116812140
658 -14.1025206804205290 -3.0005745407747568 49.9611395274723975
659 -12.9449432958752677 -3.0814516408455432 50.2686094780003216
660 -11.7827076456062496 -3.1550739613446579 50.5491177849486917
661 -10.6162638253211732 -3.2215016275285695 50.8027250219415620
662 -9.4460542878025144 -3.2807891785226917 51.0294863854024783
663 -8.2725146280640036 -3.3329855671804758 51.2294515775587200
664 -7.0960743604460479 -3.3781341371256941 51.4026647015756026
665 -5.9171576895815168 -3.4162725849171114 51.5491641688026760
666 -4.7361842763888156 -3.4474329148520506 51.6689826181789797
667 -3.5535700002646893 -3.4716413916516835 51.7621468478751368
668 -2.3697277185923689 -3.4889184960605588 51.8286777592056822
669 -1.1850680239709435 -3.4992788867109899 51.8685903129396806
670 0.0000000000000000 -3.5027313709736458 51.8818934980480151
671 1.1850680239709435 -3.4992788867109899 51.8685903129396806
672 2.3697277185923689 -3.4889184960605588 51.8286777592056822
673 3.5535700002646893 -3.4716413916516835 51.7621468478751368
674 4.7361842763888164 -3.4474329148520511 51.6689826181789797
675 5.9171576895813081 -3.4162725849174738 51.5491641688026760
676 7.0960743604460497 -3.3781341371256945 51.4026647015755955
677 8.2725146280640018 -3.3329855671804749 51.2294515775587200
678 9.4460542878025144 -3.2807891785226917 51.0294863854024783
679 10.6162638253211750 -3.2215016275285699 50.8027250219415620
680 11.7827076456062496 -3.1550739613446579 50.5491177849486917
681 12.9449432958752677 -3.0814516408455441 50.2686094780003216
682 14.1025206804205290 -3.0005745407747577 49.9611395274723975
683 15.2549812656780919 -2.9123769163551962 49.6266421116812140
684 16.4018572728071561 -2.8167873246379362 49.2650463023249543
685 17.5426708551453601 -2.7137284852367403 48.8762762183909345
686 18.6769332566625721 -2.6031170628364886 48.4602511929451367
687 19.8041439472688907 -2.4848633487581671 48.0168859533169865
688 20.9237897292798785 -2.3588708143192969 47.5460908156100004
689 22.0353438085452105 -2.2250355009791769 47.0477718947304737
690 -21.5830620285812458 -1.2545680543072566 47.2926790578364873
691 -20.4626753032895259 -1.3827508518877316 47.7845887239154621
692 -19.3343211103084052 -1.5032115735225404 48.2485687059078430
693 -18.1985287740485369 -1.6160554364295723 48.6847195256017997
694 -17.0558142118917822 -1.7213801070324599 49.0931365070163608
695 -15.9066808737692025 -1.8192762793640493 49.4739096635732594
696 -14.7516206463511992 -1.9098280948408968 49.8271235870012887
697 -13.5911147287909735 -1.9931134370807562 50.1528573388971353
698 -12.4256344852166620 -2.0692041294697616 50.4511843459633695
699 -11.2556422786032346 -2.1381660570172567 50.7221722997816613
700 -10.0815922893352603 -2.2000592308505063 50.9658830620285102
701 -8.9039313216425473 -2.2549378095830166 51.1823725758623382
702 -7.7230996000319889 -2.3028500901196662 51.3716907842288251
703 -6.5395315579850477 -2.3438384775628931 51.5338815556640668
704 -5.3536566202989198 -2.3779394429311083 51.6689826181789797
705 -4.1658999806845873 -2.4051834752652916 51.7770255016763414
706 -2.9766833755409570 -2.4255950339581984 51.8580354893339077
707 -1.7864258549353862 -2.4391925055405475 51.9120315782934085
708 -0.5955445515953472 -2.4459881685037028 51.9390264499307435
709 0.5955445515953472 -2.4459881685037028 51.9390264499307364
710 1.7864258549353860 -2.4391925055405470 51.9120315782934156
711 2.9766833755409565 -2.4255950339581984 51.8580354893339077
712 4.1658999806845731 -2.4051834752653081 51.7770255016763414
713 5.3536566202989198 -2.3779394429311083 51.6689826181789797
714 6.5395315579850477 -2.3438384775628931 51.5338815556640668
715 7.7230996000319889 -2.3028500901196667 51.3716907842288251
716 8.9039313216425473 -2.2549378095830166 51.1823725758623382
717 10.0815922893352603 -2.2000592308505063 50.9658830620285102
718 11.2556422786032346 -2.1381660570172567 50.7221722997816613
719 12.4256344852166620 -2.0692041294697621 50.4511843459633695
720 13.5911147287909735 -1.9931134370807562 50.1528573388971353
721 14.7516206463511992 -1.9098280948408968 49.8271235870012887
722 15.9066808737692025 -1.8192762793640493 49.4739096635732594
723 17.0558142118917857 -1.7213801070324612 49.0931365070163679
724 18.1985287740485369 -1.6160554364295727 48.6847195256017997
725 19.3343211103084052 -1.5032115735225418 48.2485687059078430
726 20.4626753032895259 -1.3827508518877316 47.7845887239154621
727 21.5830620285812458 -1.2545680543072570 47.2926790578364873
728 -21.1220553730695570 -0.2854223733817791 47.5160742368911997
729 -19.9929171401503929 -0.4079562357207160 48.0012170255798480
730 -18.8559440478331908 -0.5228977303104372 48.4580225765416444
731 -17.7116679516363362 -0.6303529011282719 48.8865980979554067
732 -16.5606074707297850 -0.7304201508370312 49.2870446121864703
733 -15.4032689404988457 -0.8231907816537550 49.6594569330320397
734 -14.2401473299802657 -0.9087493826053522 50.0039236318518263
735 -13.0717271306339828 -0.9871740969142792 50.3205269956965893
736 -11.8984832221396370 -1.0585367958349028 50.6093429799708474
737 -10.7208817193294887 -1.1229031809566017 50.8704411579685782
738 -9.5393808040873935 -1.1803328321199240 51.1038846691719542
739 -8.3544315448752684 -1.2308792158150010 51.3097301680496756
740 -7.1664787065068865 -1.2745896655677651 51.4880277747517781
741 -5.9759615519755860 -1.3115053445925959 51.6388210289547089
742 -4.7833146381322633 -1.3416611985296547 51.7621468478751368
743 -3.5889686064716551 -1.3650859052621831 51.8580354893339077
744 -2.3933509702492439 -1.3818018269386396 51.9265105205835695
745 -1.1968868988202317 -1.3918249686360986 51.9675887934788960
746 0.0000000000000000 -1.3951649466404588 51.9812804264349069
747 1.1968868988202317 -1.3918249686360986 51.9675887934788960
748 2.3933509702492333 -1.3818018269386596 51.9265105205835695
749 3.5889686064716551 -1.3650859052621831 51.8580354893339077
750 4.7833146381322633 -1.3416611985296547 51.7621468478751368
751 5.9759615519755851 -1.3115053445925957 51.6388210289547018
752 7.1664787065068865 -1.2745896655677658 51.4880277747517781
753 8.3544315448752684 -1.2308792158150017 51.3097301680496756
754 9.5393808040873935 -1.1803328321199240 51.1038846691719542
755 10.7208817193294887 -1.1229031809566021 50.8704411579685782
756 11.8984832221396370 -1.0585367958349023 50.6093429799708474
757 13.0717271306339793 -0.9871740969142789 50.3205269956965822
758 14.2401473299802657 -0.9087493826053527 50.0039236318518263
759 15.4032689404988457 -0.8231907816537550 49.6594569330320397
760 16.5606074707297850 -0.7304201508370314 49.2870446121864703
761 17.7116679516363362 -0.6303529011282715 48.8865980979554067
762 18.8559440478331908 -0.5228977303104367 48.4580225765416515
763 19.9929171401503929 -0.4079562357207165 48.0012170255798480
764 21.1220553730695570 -0.2854223733817788 47.5160742368911997
765 -20.6525012165610633 0.6821377067106380 47.7180142257515527
766 -19.5146974351366076 0.5652433798229172 48.1960276779802541
767 -18.3691996178359211 0.4558027527820774 48.6452952427123435
768 -17.2165421280374993 0.3537093576482973 49.0659308160338625
769 -16.0572462473053612 0.2588644339738460 49.4580411273861600
770 -14.8918211434290555 0.1711764311163820 49.8217257997105989
771 -13.7207648030236804 0.0905606573545475 50.1570773868199495
772 -12.5445649356555933 0.0169390437311075 50.4641813927850933
773 -11.3636998546908305 -0.0497600038675100 50.7431162775258997
774 -10.1786393394853629 -0.1096016850647143 50.9939534520252025
775 -8.9898454822567064 -0.1626448353481233 51.2167572661788384
776 -7.7977735227882308 -0.2089419201753285 51.4115849917243466
777 -6.6028726731590472 -0.2485390048028548 51.5784868023979612
778 -5.4055869346923240 -0.2814757092226626 51.7175057530484779
779 -4.2063559086180247 -0.3077851563228525 51.8286777592056822
780 -3.0056156019864213 -0.3274939195811068 51.9120315782934085
781 -1.8037992298704584 -0.3406219755170475 51.9675887934788960
782 -0.6013380149249549 -0.3471826647906928 51.9953638009108943
783 0.6013380149247939 -0.3471826647909711 51.9953638009108943
784 1.8037992298704584 -0.3406219755170475 51.9675887934788960
785 3.0056156019864204 -0.3274939195811067 51.9120315782934156
786 4.2063559086180247 -0.3077851563228525 51.8286777592056822
787 5.4055869346923231 -0.2814757092226626 51.7175057530484636
788 6.6028726731590472 -0.2485390048028548 51.5784868023979612
789 7.7977735227882308 -0.2089419201753290 51.4115849917243466
790 8.9898454822567064 -0.1626448353481239 51.2167572661788384
791 10.1786393394853629 -0.1096016850647138 50.9939534520252025
792 11.3636998546908305 -0.0497600038675100 50.7431162775258997
793 12.5445649356555933 0.0169390437311080 50.4641813927850933
794 13.7207648030236768 0.0905606573545472 50.1570773868199495
795 14.8918211434290555 0.1711764311163828 49.8217257997105989
796 16.0572462473053612 0.2588644339738449 49.4580411273861600
797 17.2165421280374993 0.3537093576482970 49.0659308160338625
798 18.3691996178359176 0.4558027527820767 48.6452952427123506
799 19.5146974351366076 0.5652433798229169 48.1960276779802541
800 20.6525012165610633 0.6821377067106383 47.7180142257515527
801 -20.1745719370780634 1.6478536248226991 47.8985513934066773
802 -19.0281933188735763 1.5365831718941456 48.3690683306534908
803 -17.8742695410496744 1.4326188312065351 48.8104301523596007
804 -16.7133374277724975 1.3358540870157245 49.2227573982159399
805 -15.5459208627760503 1.2461901789720762 49.6061624656265536
806 -14.3725317747001480 1.1635356514529089 49.9607497459058578
807 -13.1936710871142875 1.0878060427922607 50.2866157268344054
808 -12.0098296397267532 1.0189236825426531 50.5838490681946169
809 -10.8214890864482207 0.9568175718072208 50.8525306556730001
810 -9.6291227745082981 0.9014233258290789 51.0927336377796166
811 -8.4331966084035912 0.8526831624634045 51.3045234495795768
812 -7.2341699014410468 0.8105459224958494 51.4879578265113267
813 -6.0324962174435584 0.7749671107532342 51.6430868109544718
814 -4.8286242045422458 0.7459089484592464 51.7699527538119071
815 -3.6229984228037182 0.7233404293840321 51.8685903129396806
816 -2.4160601670780517 0.7072373734848674 51.9390264499307435
817 -1.2082482862601980 0.6975824733202294 51.9812804264349069
818 -0.0000000000001609 0.6943653295816640 51.9953638009108943
819 1.2082482862601980 0.6975824733202294 51.9812804264349069
820 2.4160601670780517 0.7072373734848674 51.9390264499307435
821 3.6229984228037182 0.7233404293840321 51.8685903129396806
822 4.8286242045422449 0.7459089484592463 51.7699527538119000
823 6.0324962174435592 0.7749671107532343 51.6430868109544647
824 7.2341699014410468 0.8105459224958494 51.4879578265113267
825 8.4331966084035912 0.8526831624634051 51.3045234495795768
826 9.6291227745082981 0.9014233258290789 51.0927336377796166
827 10.8214890864482207 0.9568175718072208 50.8525306556730001
828 12.0098296397267532 1.0189236825426518 50.5838490681946169
829 13.1936710871142875 1.0878060427922598 50.2866157268344054
830 14.3725317747001480 1.1635356514529087 49.9607497459058578
831 15.5459208627760503 1.2461901789720757 49.6061624656265536
832 16.7133374277724975 1.3358540870157241 49.2227573982159399
833 17.8742695410496744 1.4326188312065342 48.8104301523596007
834 19.0281933188735799 1.5365831718941461 48.3690683306534979
835 20.1745719370780634 1.6478536248226985 47.8985513934066773
836 -19.6884351748726196 2.6114714118189641 48.0577333779912053
837 -18.5335771264429887 2.5058024758498063 48.5203820352871276
838 -17.3713306789562800 2.4072831779519213 48.9534662525903457
839 -16.2022350472937440 2.3158073071538587 49.3571131245373635
840 -15.0268166366368803 2.2312764421719620 49.7314406307267660
841 -13.8455900472451425 2.1535995513944037 50.0765578411282135
842 -12.6590590435712169 2.0826927243721456 50.3925650780670651
843 -11.4677174946676423 2.0184790047445120 50.6795540427291016
844 -10.2720502911473481 1.9608882997986097 50.9376079129345527
845 -9.0725342433091001 1.9098573471752143 51.1668014176909907
846 -7.8696389638635491 1.8653297222766221 51.3672008932317823
847 -6.6638277383514977 1.8272558732960240 51.5388643243822600
848 -5.4555583856050305 1.7955931728085877 51.6818413745003582
849 -4.2452841103940635 1.7703059770428839 51.7961734066299613
850 -3.0334543498958708 1.7513656854868229 51.8818934980480151
851 -1.8205156154827042 1.7387507950188352 51.9390264499307364
852 -0.6069123310502265 1.7324469441531460 51.9675887934788960
853 0.6069123310502265 1.7324469441531460 51.9675887934788960
854 1.8205156154827045 1.7387507950188357 51.9390264499307435
855 3.0334543498958708 1.7513656854868229 51.8818934980480151
856 4.2452841103940635 1.7703059770428839 51.7961734066299613
857 5.4555583856050305 1.7955931728085877 51.6818413745003582
858 6.6638277383514994 1.8272558732960240 51.5388643243822671
859 7.8696389638635482 1.8653297222766219 51.3672008932317823
860 9.0725342433091001 1.9098573471752147 51.1668014176909907
861 10.2720502911473499 1.9608882997986110 50.9376079129345456
862 11.4677174946676423 2.0184790047445120 50.6795540427291016
863 12.6590590435712169 2.0826927243721456 50.3925650780670651
864 13.8455900472451425 2.1535995513944042 50.0765578411282135
865 15.0268166366368803 2.2312764421719611 49.7314406307267660
866 16.2022350472937440 2.3158073071538587 49.3571131245373635
867 17.3713306789562800 2.4072831779519208 48.9534662525903457
868 18.5335771264429887 2.5058024758498072 48.5203820352871276
869 19.6884351748726196 2.6114714118189641 48.0577333779912053
870 -19.1942541008836116 3.5727410211713297 48.1956028192028327
871 -18.0310166743534026 3.4726441220289659 48.6500069937397512
872 -16.8605553185412305 3.3795315262094547 49.0744377554523510
873 -15.6834115464805794 3.2932976587352005 49.4690286219033055
874 -14.5001141845257955 3.2138447597471496 49.8339030229015805
875 -13.3111803981516719 3.1410825372037445 50.1691745686764818
876 -12.1171166821913427 3.0749279427453886 50.4749472655205764
877 -10.9184198220914421 3.0153050411990701 50.7513156883354100
878 -9.7155778318242518 2.9621449504268207 50.9983651177802528
879 -8.5090708727445765 2.9153858322121535 51.2161716485325158
880 -7.2993721571185066 2.8749729187708355 51.4048022739920327
881 -6.0869488392461717 2.8408585619850295 51.5643149519044357
882 -4.8722628967077464 2.8130022949768447 51.6947586545659306
883 -3.6557720037875998 2.7913708973622389 51.7961734066299613
884 -2.4379303988327754 2.7759384573269577 51.8685903129396806
885 -1.2191897470510347 2.7666864251216539 51.9120315782934156
886 -0.0000000000000112 2.7636036538772992 51.9265105205835695
887 1.2191897470510347 2.7666864251216539 51.9120315782934156
888 2.4379303988327754 2.7759384573269577 51.8685903129396806
889 3.6557720037875998 2.7913708973622389 51.7961734066299613
890 4.8722628967077464 2.8130022949768438 51.6947586545659306
891 6.0869488392461717 2.8408585619850300 51.5643149519044357
892 7.2993721571185066 2.8749729187708355 51.4048022739920327
893 8.5090708727445765 2.9153858322121535 51.2161716485325158
894 9.7155778318242518 2.9621449504268207 50.9983651177802528
895 10.9184198220914404 3.0153050411990687 50.7513156883354100
896 12.1171166821913427 3.0749279427453886 50.4749472655205764
897 13.3111803981516772 3.1410825372037463 50.1691745686765032
898 14.5001141845257955 3.2138447597471482 49.8339030229015805
899 15.6834115464805794 3.2932976587352014 49.4690286219033055
900 16.8605553185412305 3.3795315262094556 49.0744377554523510
901 18.0310166743534026 3.4726441220289654 48.6500069937397512
902 19.1942541008836081 3.5727410211713280 48.1956028192028327
903 -18.6921876950151642 4.5314156699782231 48.3121971266076784
904 -17.5206755462753883 4.4368537816688276 48.7579763415406688
905 -16.3421114646185259 4.3491020195350396 49.1733739385621220
906 -15.1570391472098134 4.2680557572020668 49.5585296830259381
907 -13.9659897223681106 4.1936182034578398 49.9135722768700987
908 -12.7694827982931294 4.1257001095996131 50.2386196831655170
909 -11.5680274760232891 4.0642195904936127 50.5337793899705972
910 -10.3621233335359850 4.0091020315749217 50.7991486239780556
911 -9.1522613863296360 3.9602800589758851 51.0348145227429768
912 -7.9389250290135145 3.9176935546220135 51.2408542726970566
913 -6.7225909615023882 3.8812897012751497 51.4173352189619166
914 -5.5037301028606489 3.8510230453308703 51.5643149519044357
915 -4.2828084953166545 3.8268555673588835 51.6818413745003582
916 -3.0602882005469683 3.8087567522323904 51.7699527538119071
917 -1.8366281900256556 3.7967036523834112 51.8286777592056822
918 -0.6122852309306982 3.7906809392203811 51.8580354893339077
919 0.6122852309306983 3.7906809392203820 51.8580354893339077
920 1.8366281900256556 3.7967036523834112 51.8286777592056822
921 3.0602882005469678 3.8087567522323895 51.7699527538119000
922 4.2828084953166545 3.8268555673588835 51.6818413745003582
923 5.5037301028606489 3.8510230453308711 51.5643149519044357
924 6.7225909615023882 3.8812897012751493 51.4173352189619166
925 7.9389250290135145 3.9176935546220126 51.2408542726970424
926 9.1522613863296378 3.9602800589758855 51.0348145227429768
927 10.3621233335359832 4.0091020315749217 50.7991486239780485
928 11.5680274760232891 4.0642195904936127 50.5337793899705972
929 12.7694827982931258 4.1257001095996140 50.2386196831655170
930 13.9659897223681106 4.1936182034578398 49.9135722768700987
931 15.1570391472098134 4.2680557572020668 49.5585296830259381
932 16.3421114646185259 4.3491020195350396 49.1733739385621220
933 17.5206755462753847 4.4368537816688267 48.7579763415406475
934 18.6921876950151642 4.5314156699782240 48.3121971266076784
935 -18.1823910340593251 5.4872511892413867 48.4075482819645444
936 -17.0027133873672405 5.3981793206129005 48.8443179652408404
937 -15.8161631402874665 5.3157345692109210 49.2502989788844587
938 -14.6232860393615649 5.2398135531838594 49.6256371177124933
939 -13.4246153778713886 5.1703207440330203 49.9704661311062850
940 -12.2206730689969021 5.1071682292897949 50.2849080979415319
941 -11.0119706834045363 5.0502755795074483 50.5690737332499580
942 -9.7990104578835062 4.9995697926446514 50.8230626382822805
943 -8.5822862805542997 4.9549852943404575 51.0469635035373912
944 -7.3622846570519771 4.9164639765548097 51.2408542726970566
945 -6.1394856614070914 4.8839552603560268 51.4048022739920327
946 -4.9143638746644251 4.8574161712077881 51.5388643243822671
947 -3.6873893137315088 4.8368114171630401 51.6430868109544647
948 -2.4590283526110945 4.8221134624201367 51.7175057530484779
949 -1.2297446378675747 4.8133025901813387 51.7621468478751368
950 -0.0000000000000134 4.8103669505305993 51.7770255016763414
951 1.2297446378675747 4.8133025901813378 51.7621468478751368
952 2.4590283526110941 4.8221134624201358 51.7175057530484636
953 3.6873893137315088 4.8368114171630410 51.6430868109544647
954 4.9143638746644251 4.8574161712077872 51.5388643243822671
955 6.1394856614070914 4.8839552603560268 51.4048022739920327
956 7.3622846570519771 4.9164639765548106 51.2408542726970424
957 8.5822862805542997 4.9549852943404566 51.0469635035373912
958 9.7990104578835062 4.9995697926446514 50.8230626382822805
959 11.0119706834045328 5.0502755795074457 50.5690737332499367
960 12.2206730689969021 5.1071682292897957 50.2849080979415319
961 13.4246153778713921 5.1703207440330212 49.9704661311062921
962 14.6232860393615649 5.2398135531838594 49.6256371177124933
963 15.8161631402874683 5.3157345692109228 49.2502989788844658
964 17.0027133873672405 5.3981793206129014 48.8443179652408546
965 18.1823910340593251 5.4872511892413867 48.4075482819645302
966 -17.6650155894033141 6.4400053820418801 48.4816826740307008
967 -16.4772862079474898 6.3563701603985017 48.9090543519845511
968 -15.2828706960770866 6.2791702180291828 49.3052318183375178
969 -14.0823166953997472 6.2083036991558576 49.6703666351428694
970 -12.8761595102570539 6.1436766201840456 50.0045973271760360
971 -11.6649232070946454 6.0852026882248600 50.3080498013568942
972 -10.4491216783254153 6.0328032137763321 50.5808376911197541
973 -9.2292596773653184 5.9864070921541730 50.8230626382822805
974 -8.0058338303388688 5.9459508331489079 51.0348145227429768
975 -6.7793336289012496 5.9113786222929496 51.2161716485325158
976 -5.5502424078575006 5.8826424001793720 51.3672008932317823
977 -4.3190383105358210 5.8597019486927877 51.4879578265113267
978 -3.0861952445889487 5.8425249753112283 51.5784868023979612
979 -1.8521838303715421 5.8310871883462374 51.6388210289547089
980 -0.6174723439101042 5.8253723577831602 51.6689826181789797
981 0.6174723439101041 5.8253723577831593 51.6689826181789797
982 1.8521838303715417 5.8310871883462365 51.6388210289547018
983 3.0861952445889487 5.8425249753112283 51.5784868023979612
984 4.3190383105358210 5.8597019486927904 51.4879578265113267
985 5.5502424078574997 5.8826424001793711 51.3672008932317823
986 6.7793336289012496 5.9113786222929496 51.2161716485325158
987 8.0058338303388705 5.9459508331489088 51.0348145227429768
988 9.2292596773653184 5.9864070921541748 50.8230626382822805
989 10.4491216783254135 6.0328032137763312 50.5808376911197470
990 11.6649232070946454 6.0852026882248591 50.3080498013568942
991 12.8761595102570539 6.1436766201840456 50.0045973271760360
992 14.0823166953997436 6.2083036991558567 49.6703666351428623
993 15.2828706960770866 6.2791702180291828 49.3052318183375178
994 16.4772862079474898 6.3563701603985026 48.9090543519845511
995 17.6650155894033141 6.4400053820418801 48.4816826740307008
996 -17.1402095343407908 7.3894373890328477 48.5346209647552129
997 -15.9445466962349336 7.3111766458448741 48.9522024704183778
998 -14.7423911280968518 7.2391505104342517 49.3381860602261142
999 -13.5342921936681471 7.1732589219149618 49.6927287563842768
1000 -12.3207870388303480 7.1134097134967549 50.0159735383779136
1001 -11.1024017187274087 7.0595184864261826 50.3080498013568942
1002 -9.8796522896678933 7.0115085678040918 50.5690737332499580
1003 -8.6530458724756780 6.9693110282021973 50.7991486239780556
1004 -7.4230816926735494 6.9328647395913316 50.9983651177802528
1005 -6.1902521019126411 6.9021164578223022 51.1668014176909907
1006 -4.9550435842743576 6.8770209167545744 51.3045234495795768
1007 -3.7179377506067826 6.8575409237799487 51.4115849917243466
1008 -2.4794123234706467 6.8436474482990937 51.4880277747517781
1009 -1.2399421150556167 6.8353196968465291 51.5338815556640668
1010 -0.0000000000002083 6.8325451698345852 51.5491641688026760
1011 1.2399421150556167 6.8353196968465273 51.5338815556640668
1012 2.4794123234706467 6.8436474482990919 51.4880277747517781
1013 3.7179377506067826 6.8575409237799478 51.4115849917243466
1014 4.9550435842743576 6.8770209167545744 51.3045234495795768
1015 6.1902521019126411 6.9021164578223013 51.1668014176909907
1016 7.4230816926735494 6.9328647395913316 50.9983651177802528
1017 8.6530458724756762 6.9693110282021946 50.7991486239780485
1018 9.8796522896678898 7.0115085678040883 50.5690737332499367
1019 11.1024017187274087 7.0595184864261826 50.3080498013568942
1020 12.3207870388303480 7.1134097134967549 50.0159735383779136
1021 13.5342921936681506 7.1732589219149618 49.6927287563842839
1022 14.7423911280968536 7.2391505104342526 49.3381860602261213
1023 15.9445466962349336 7.3111766458448741 48.9522024704183778
1024 17.1402095343407908 7.3894373890328495 48.5346209647552129
1025 -16.6081180611034114 8.3353070604075477 48.5663779859808997
1026 -15.4046445407581558 8.2623494190174522 48.9737736819509450
1027 -14.1948784055712878 8.1954168685705913 49.3491698957682061
1028 -12.9793705511358048 8.1344114010005537 49.6927287563842768
1029 -11.7586597808444289 8.0792429289711833 50.0045973271760360
1030 -10.5332739624642038 8.0298292144507606 50.2849080979415319
1031 -9.3037311499374997 7.9860958706657419 50.5337793899705972
1032 -8.0705406768833985 7.9479764145152254 50.7513156883354100
1033 -6.8342042271829495 7.9154123511856396 50.9376079129345456
1034 -5.5952168869859875 7.8883532759689432 51.0927336377796166
1035 -4.3540681819225409 7.8667569814051399 51.2167572661788384
1036 -3.1112431025515730 7.8505895599475579 51.3097301680496756
1037 -1.8672231208650809 7.8398254946449759 51.3716907842288251
1038 -0.6224872000807513 7.8344477318525403 51.4026647015755955
1039 0.6224872000807513 7.8344477318525421 51.4026647015755955
1040 1.8672231208650809 7.8398254946449759 51.3716907842288251
1041 3.1112431025515730 7.8505895599475561 51.3097301680496756
1042 4.3540681819225409 7.8667569814051417 51.2167572661788384
1043 5.5952168869859875 7.8883532759689432 51.0927336377796166
1044 6.8342042271829495 7.9154123511856405 50.9376079129345456
1045 8.0705406768833967 7.9479764145152245 50.7513156883354100
1046 9.3037311499374997 7.9860958706657419 50.5337793899705972
1047 10.5332739624642038 8.0298292144507606 50.2849080979415319
1048 11.7586597808444289 8.0792429289711833 50.0045973271760360
1049 12.9793705511358066 8.1344114010005555 49.6927287563842839
1050 14.1948784055712860 8.1954168685705895 49.3491698957681990
1051 15.4046445407581558 8.2623494190174505 48.9737736819509450
1052 16.6081180611034078 8.3353070604075459 48.5663779859809068
1053 -16.0688837074972604 9.2773743341003367 48.5769626660612062
1054 -14.8577267621917883 9.2096387990571067 48.9737736819509450
1055 -13.6404838079035713 9.1477099742410779 49.3381860602261142
1056 -12.4177070655777477 9.0914921527759809 49.6703666351428694
1057 -11.1899367989819485 9.0408975812553454 49.9704661311062850
1058 -9.9577025024560726 8.9958464417104427 50.2386196831655170
1059 -8.7215240543197972 8.9562668960252214 50.4749472655205764
1060 -7.4819128424480983 8.9220951714331616 50.6795540427290945
1061 -6.2393728671965061 8.8932756697366084 50.8525306556730001
1062 -4.9944018261790575 8.8697610864863385 50.9939534520251812
1063 -3.7474921845070113 8.8515125287732737 51.1038846691719542
1064 -2.4991322337683450 8.8384996228859052 51.1823725758623382
1065 -1.2498071424068249 8.8307006046720424 51.2294515775587200
1066 -0.0000000000000496 8.8281023875582800 51.2451422891456829
1067 1.2498071424068247 8.8307006046720407 51.2294515775587200
1068 2.4991322337683450 8.8384996228859070 51.1823725758623382
1069 3.7474921845070113 8.8515125287732719 51.1038846691719542
1070 4.9944018261790593 8.8697610864863421 50.9939534520252025
1071 6.2393728671965061 8.8932756697366102 50.8525306556730001
1072 7.4819128424481001 8.9220951714331633 50.6795540427291016
1073 8.7215240543197972 8.9562668960252214 50.4749472655205764
1074 9.9577025024560708 8.9958464417104427 50.2386196831655170
1075 11.1899367989819503 9.0408975812553454 49.9704661311062921
1076 12.4177070655777442 9.0914921527759791 49.6703666351428623
1077 13.6404838079035748 9.1477099742410815 49.3381860602261213
1078 14.8577267621917883 9.2096387990571067 48.9737736819509450
1079 16.0688837074972604 9.2773743341003367 48.5769626660612062
1080 -15.5226466932084328 10.2153986197629401 48.5663779859808997
1081 -14.3039380549746316 10.1527941678442613 48.9522024704183778
1082 -13.0793562715384866 10.0957691565409338 49.3052318183375178
1083 -11.8494546678320063 10.0442304203015134 49.6256371177124933
1084 -10.6147747591514037 9.9980927868342437 49.9135722768700987
1085 -9.3758474716779592 9.9572791105549356 50.1691745686764818
1086 -8.1331943293689086 9.9217203575537400 50.3925650780670651
1087 -6.8873286134629037 9.8913557218553567 50.5838490681946169
1088 -5.6387564999037378 9.8661327570775494 50.7431162775258997
1089 -4.3879781789659722 9.8460075103858298 50.8704411579685782
1090 -3.1354889609206396 9.8309446485869092 50.9658830620285102
1091 -1.8817803708395275 9.8209175680252425 51.0294863854024641
1092 -0.6273412354551492 9.8159084821332119 51.0612806698449546
1093 0.6273412354551492 9.8159084821332137 51.0612806698449546
1094 1.8817803708395282 9.8209175680252478 51.0294863854024783
1095 3.1354889609206396 9.8309446485869074 50.9658830620285102
1096 4.3879781789659722 9.8460075103858280 50.8704411579685782
1097 5.6387564999037378 9.8661327570775494 50.7431162775258997
1098 6.8873286134629055 9.8913557218553549 50.5838490681946240
1099 8.1331943293689086 9.9217203575537400 50.3925650780670651
1100 9.3758474716779610 9.9572791105549392 50.1691745686765032
1101 10.6147747591514037 9.9980927868342437 49.9135722768700987
1102 11.8494546678320063 10.0442304203015134 49.6256371177124933
1103 13.0793562715384866 10.0957691565409338 49.3052318183375178
1104 14.3039380549746316 10.1527941678442577 48.9522024704183778
1105 15.5226466932084310 10.2153986197629365 48.5663779859809068
1106 -14.9695452657473957 11.1491381884109426 48.5346209647552129
1107 -13.7434211387362151 11.0915633613102340 48.9090543519845511
1108 -12.5116427468555198 11.0393317852825472 49.2502989788844587
1109 -11.2747642841103239 10.9923530690378914 49.5585296830259381
1110 -10.0333282980234255 10.9505448617008447 49.8339030229015805
1111 -8.7878669447088953 10.9138329356020805 50.0765578411282135
1112 -7.5389032110054632 10.8821513092210971 50.2866157268343983
1113 -6.2869521100147541 10.8554423918356928 50.4641813927850933
1114 -5.0325218550362099 10.8336571347932988 50.6093429799708474
1115 -3.7761150164150674 10.8167551776891937 50.7221722997816613
1116 -2.5182296648879312 10.8047049797701824 50.8027250219415620
1117 -1.2593605047943195 10.7974839293523086 50.8510408144645893
1118 -0.0000000000002963 10.7950784256210301 50.8671434403848792
1119 1.2593605047943195 10.7974839293523086 50.8510408144645893
1120 2.5182296648879312 10.8047049797701860 50.8027250219415620
1121 3.7761150164150674 10.8167551776891919 50.7221722997816613
1122 5.0325218550362099 10.8336571347932988 50.6093429799708474
1123 6.2869521100147541 10.8554423918356928 50.4641813927850933
1124 7.5389032110054623 10.8821513092210953 50.2866157268344054
1125 8.7878669447088953 10.9138329356020805 50.0765578411282135
1126 10.0333282980234255 10.9505448617008447 49.8339030229015805
1127 11.2747642841103239 10.9923530690378914 49.5585296830259381
1128 12.5116427468555216 11.0393317852825490 49.2502989788844658
1129 13.7434211387362151 11.0915633613102340 48.9090543519845511
1130 14.9695452657473957 11.1491381884109426 48.5346209647552129
1131 -14.4097160560584356 12.0783495676504717 48.4816826740307008
1132 -13.1763171195182167 12.0256920664193476 48.8443179652408404
1133 -11.9374885648768121 11.9781326700690478 49.1733739385621220
1134 -10.6937852079287889 11.9355839878907730 49.4690286219033055
1135 -9.4457504001051191 11.8979667242521963 49.7314406307267660
1136 -8.1939173197171691 11.8652098078629162 49.9607497459058578
1137 -6.9388102313642941 11.8372505500926248 50.1570773868199495
1138 -5.6809457194312634 11.8140348149244367 50.3205269956965893
1139 -4.4208339008718536 11.7955171870724911 50.4511843459633766
1140 -3.1589796214598485 11.7816611271324732 50.5491177849486917
1141 -1.8958836393808605 11.7724391053573285 50.6143784189491015
1142 -0.6320437993843312 11.7678327073878091 50.6470002468714142
1143 0.6320437993843313 11.7678327073878108 50.6470002468714213
1144 1.8958836393808605 11.7724391053573285 50.6143784189491015
1145 3.1589796214598485 11.7816611271324732 50.5491177849486917
1146 4.4208339008718527 11.7955171870724875 50.4511843459633695
1147 5.6809457194312625 11.8140348149244350 50.3205269956965822
1148 6.9388102313642932 11.8372505500926231 50.1570773868199495
1149 8.1939173197171691 11.8652098078629162 49.9607497459058578
1150 9.4457504001051191 11.8979667242521963 49.7314406307267660
1151 10.6937852079287889 11.9355839878907730 49.4690286219033055
1152 11.9374885648768121 11.9781326700690443 49.1733739385621220
1153 13.1763171195182167 12.0256920664193458 48.8443179652408546
1154 14.4097160560584356 12.0783495676504717 48.4816826740307008
1155 -13.8432944438590741 13.0027869424170905 48.4075482819645444
1156 -12.6027658609399538 12.9549232237048741 48.7579763415406688
1157 -11.3570378138583994 12.9119034646648085 49.0744377554523439
1158 -10.1066654819117439 12.8736434954660179 49.3571131245373635
1159 -8.8521927843245205 12.8400673029005201 49.6061624656265607
1160 -7.5941537095904730 12.8111072032655962 49.8217257997105989
1161 -6.3330736139804724 12.7867040326987329 50.0039236318518263
1162 -5.0694704952594343 12.7668073394222148 50.1528573388971353
1163 -3.8038562464321486 12.7513755651998135 50.2686094780003216
1164 -2.5367378939182061 12.7403762062805281 50.3512440261410035
1165 -1.2686188238589473 12.7337859460615821 50.4008065586220013
1166 -0.0000000000002222 12.7315907538884101 50.4173243724367381
1167 1.2686188238589471 12.7337859460615803 50.4008065586220084
1168 2.5367378939182061 12.7403762062805264 50.3512440261410035
1169 3.8038562464321486 12.7513755651998135 50.2686094780003216
1170 5.0694704952594343 12.7668073394222148 50.1528573388971353
1171 6.3330736139804724 12.7867040326987311 50.0039236318518263
1172 7.5941537095904730 12.8111072032655962 49.8217257997105989
1173 8.8521927843245205 12.8400673029005201 49.6061624656265607
1174 10.1066654819117439 12.8736434954660215 49.3571131245373635
1175 11.3570378138583994 12.9119034646648085 49.0744377554523439
1176 12.6027658609399502 12.9549232237048724 48.7579763415406475
1177 13.8432944438590741 13.0027869424170941 48.4075482819645302
1178 -13.2704149328156049 13.9222015612009109 48.3121971266076713
1179 -12.0229063651564960 13.8789964350363721 48.6500069937397512
1180 -10.7704337256874378 13.8403720765401612 48.9534662525903457
1181 -9.5135522889911339 13.8062477509643884 49.2227573982159399
1182 -8.2528062996103095 13.7765509480018640 49.4580411273861600
1183 -6.9887303411761019 13.7512175946226947 49.6594569330320326
1184 -5.7218506761821475 13.7301922741516069 49.8271235870012887
1185 -4.4526865619504985 13.7134284370269643 49.9611395274723975
1186 -3.1817515477833589 13.7008885921544987 50.0615831638747579
1187 -1.9095547574655864 13.6925444698854601 50.1285131094913723
1188 -0.6366021610090596 13.6883771500400577 50.1619683494065072
1189 0.6366021610090595 13.6883771500400542 50.1619683494065001
1190 1.9095547574655867 13.6925444698854637 50.1285131094913865
1191 3.1817515477833589 13.7008885921544987 50.0615831638747579
1192 4.4526865619504985 13.7134284370269643 49.9611395274723975
1193 5.7218506761821475 13.7301922741516105 49.8271235870012887
1194 6.9887303411761028 13.7512175946226964 49.6594569330320397
1195 8.2528062996103095 13.7765509480018640 49.4580411273861600
1196 9.5135522889911339 13.8062477509643902 49.2227573982159399
1197 10.7704337256874378 13.8403720765401612 48.9534662525903457
1198 12.0229063651564960 13.8789964350363721 48.6500069937397512
1199 13.2704149328156049 13.9222015612009073 48.3121971266076713
1200 -12.6912115359189333 14.8363411474731830 48.1956028192028327
1201 -11.4368771641733691 14.7976473765729200 48.5203820352871276
1202 -10.1778190722896653 14.7632620810361725 48.8104301523596007
1203 -8.9145923532984508 14.7331081693813246 49.0659308160338625
1204 -7.6477413293039653 14.7071168471728750 49.2870446121864703
1205 -6.3778009624528975 14.6852278662582076 49.4739096635732594
1206 -5.1052982378800600 14.6673897685105157 49.6266421116812140
1207 -3.8307535242842286 14.6535601113933218 49.7453364999973218
1208 -2.5546819167918691 14.6437056651562063 49.8300660715625341
1209 -1.2775945664433201 14.6378025740439917 49.8808829906518909
1210 -0.0000000000003207 14.6358364755737274 49.8978184960050584
1211 1.2775945664433201 14.6378025740439917 49.8808829906518909
1212 2.5546819167918691 14.6437056651562063 49.8300660715625341
1213 3.8307535242842277 14.6535601113933183 49.7453364999973218
1214 5.1052982378800600 14.6673897685105192 49.6266421116812140
1215 6.3778009624528975 14.6852278662582076 49.4739096635732594
1216 7.6477413293039653 14.7071168471728750 49.2870446121864703
1217 8.9145923532984508 14.7331081693813246 49.0659308160338625
1218 10.1778190722896653 14.7632620810361725 48.8104301523596007
1219 11.4368771641733691 14.7976473765729200 48.5203820352871276
1220 12.6912115359189315 14.8363411474731830 48.1956028192028327
1221 -12.1058181713283464 15.7449493162933258 48.0577333779912053
1222 -10.8448167213247917 15.7106072163187758 48.3690683306534908
1223 -9.5793365719421182 15.6802921398422743 48.6452952427123435
1224 -8.3099323500918665 15.6539308400759012 48.8865980979554067
1225 -7.0371482036866029 15.6314584432421810 49.0931365070163679
1226 -5.7615192562091213 15.6128187298165155 49.2650463023249472
1227 -4.4835730350850653 15.5979643989420769 49.4024400151287324
1228 -3.2038308790562455 15.5868573044354015 49.5054072508203333
1229 -1.9228093293242796 15.5794686537308209 49.5740149750903427
1230 -0.6410215085360168 15.5757791628908411 49.6083077205264971
1231 0.6410215085360168 15.5757791628908429 49.6083077205264971
1232 1.9228093293242796 15.5794686537308209 49.5740149750903498
1233 3.2038308790562455 15.5868573044354015 49.5054072508203333
1234 4.4835730350850653 15.5979643989420769 49.4024400151287324
1235 5.7615192562091213 15.6128187298165191 49.2650463023249472
1236 7.0371482036866029 15.6314584432421810 49.0931365070163679
1237 8.3099323500918665 15.6539308400758994 48.8865980979554067
1238 9.5793365719421164 15.6802921398422708 48.6452952427123506
1239 10.8448167213247935 15.7106072163187775 48.3690683306534979
1240 12.1058181713283464 15.7449493162933241 48.0577333779912053
1241 -11.5143690693537586 16.6477649955748888 47.8985513934066702
1242 -10.2468638438159250 16.6176020360838663 48.1960276779802541
1243 -8.9751293058865329 16.5911754229167414 48.4580225765416444
1244 -7.6997193251523104 16.5684159480428974 48.6847195256017997
1245 -6.4211776203841984 16.5492628534031354 48.8762762183909345
1246 -5.1400392598216582 16.5336641398520108 49.0328251941295292
1247 -3.8568321370141061 16.5215768475512697 49.1544743063879395
1248 -2.5720784274517667 16.5129672980212128 49.2413070864037721
1249 -1.2862960303851401 16.5078112900805216 49.2933830136794953
1250 -0.0000000000000297 16.5060942440336511 49.3107377029291598
1251 1.2862960303851396 16.5078112900805145 49.2933830136794882
1252 2.5720784274517667 16.5129672980212128 49.2413070864037721
1253 3.8568321370141074 16.5215768475512697 49.1544743063879537
1254 5.1400392598216582 16.5336641398520108 49.0328251941295292
1255 6.4211776203841984 16.5492628534031354 48.8762762183909345
1256 7.6997193251523104 16.5684159480428974 48.6847195256017997
1257 8.9751293058865329 16.5911754229167414 48.4580225765416515
1258 10.2468638438159267 16.6176020360838699 48.1960276779802470
1259 11.5143690693537586 16.6477649955748888 47.8985513934066702
1260 -10.9169991911712003 17.5445218518755865 47.7180142257515456
1261 -9.6431581063087837 17.5183522569879280 48.0012170255798480
1262 -8.3653411452209010 17.4956190332141048 48.2485687059078430
1263 -7.0841011228901554 17.4762571964744637 48.4602511929451367
1264 -5.7999810717136473 17.4602102882380557 48.6364192376275639
1265 -4.5135157893828977 17.4474307071318790 48.7772009953300056
1266 -3.2252333645116456 17.4378800005913135 48.8826984814608849
1267 -1.9356566847805963 17.4315291078705279 48.9529879186156123
1268 -0.6453049319921886 17.4283585480172292 48.9881199870591146
1269 0.6453049319921886 17.4283585480172292 48.9881199870591146
1270 1.9356566847805963 17.4315291078705243 48.9529879186156123
1271 3.2252333645116456 17.4378800005913099 48.8826984814608849
1272 4.5135157893828985 17.4474307071318826 48.7772009953300056
1273 5.7999810717136473 17.4602102882380592 48.6364192376275639
1274 7.0841011228901554 17.4762571964744637 48.4602511929451367
1275 8.3653411452209010 17.4956190332141048 48.2485687059078430
1276 9.6431581063087837 17.5183522569879315 48.0012170255798480
1277 10.9169991911712021 17.5445218518755865 47.7180142257515527
1278 -10.3138446603777094 18.4349477199107241 47.5160742368911997
1279 -9.0338402868054128 18.4125720679850353 47.7845887239154621
1280 -7.7501171886770024 18.3933234329177715 48.0168859533169865
1281 -6.4632268236657131 18.3771412293988874 48.2131452952467541
1282 -5.1737112786697317 18.3639734686124001 48.3735174454893695
1283 -3.8821048674317211 18.3537771074428129 48.4981249914733397
1284 -2.5889357080479010 18.3465183459491463 48.5870628509415710
1285 -1.2947272850289215 18.3421728660244945 48.6403985983901705
1286 -0.0000000000000303 18.3407260057843047 48.6581726905228820
1287 1.2947272850289215 18.3421728660244945 48.6403985983901705
1288 2.5889357080479005 18.3465183459491428 48.5870628509415639
1289 3.8821048674317211 18.3537771074428129 48.4981249914733397
1290 5.1737112786697317 18.3639734686123965 48.3735174454893695
1291 6.4632268236657131 18.3771412293988874 48.2131452952467541
1292 7.7501171886770024 18.3933234329177715 48.0168859533169865
1293 9.0338402868054128 18.4125720679850353 47.7845887239154621
1294 10.3138446603777094 18.4349477199107241 47.5160742368911997
1295 -9.7050432084841223 19.3187640353602852 47.2926790578364873
1296 -8.4190528151937407 19.2999688561599463 47.5460908156100004
1297 -7.1296042114950193 19.2839818700217940 47.7629227227993454
1298 -5.8372471896914115 19.2707470524549720 47.9433504595448241
1299 -4.5425226304654442 19.2602170383344529 48.0875194597097035
1300 -3.2459641521300697 19.2523534828965275 48.1955454590223340
1301 -1.9480997422513158 19.2471273593740655 48.2675149122706983
1302 -0.6494533758430727 19.2445191873007921 48.3034852941505335
1303 0.6494533758430727 19.2445191873007921 48.3034852941505335
1304 1.9480997422513158 19.2471273593740655 48.2675149122706983
1305 3.2459641521300706 19.2523534828965310 48.1955454590223411
1306 4.5425226304654442 19.2602170383344529 48.0875194597097035
1307 5.8372471896914115 19.2707470524549720 47.9433504595448383
1308 7.1296042114950193 19.2839818700217940 47.7629227227993454
1309 8.4190528151937407 19.2999688561599463 47.5460908156100004
1310 9.7050432084841223 19.3187640353602923 47.2926790578364873
1311 -9.0907346361024040 20.1956852698138825 47.0477718947304595
1312 -7.7989402361901767 20.1802426377792798 47.2856673662610874
1313 -6.5039511263623204 20.1672798034605023 47.4866238542478882
1314 -5.2063151200865692 20.1567454498436867 47.6508121204724446
1315 -3.9065716291531118 20.1485969697036680 47.7783710297739574
1316 -2.6052533665805910 20.1428008323463068 47.8694080757674385
1317 -1.3028880343574307 20.1393328750119736 47.9239997717155291
1318 -0.0000000000000526 20.1381785143858316 47.9421919202984341
1319 1.3028880343574309 20.1393328750119771 47.9239997717155219
1320 2.6052533665805910 20.1428008323463068 47.8694080757674385
1321 3.9065716291531118 20.1485969697036680 47.7783710297739574
1322 5.2063151200865692 20.1567454498436867 47.6508121204724446
1323 6.5039511263623195 20.1672798034605059 47.4866238542478811
1324 7.7989402361901767 20.1802426377792798 47.2856673662610874
1325 9.0907346361024040 20.1956852698138825 47.0477718947304595
1326 -8.4710612917176817 21.0654183669601878 46.7812918763141710
1327 -7.1736496877510083 21.0530854883947427 47.0032588399546185
1328 -5.8733094570782551 21.0428943249461611 47.1879310253219657
1329 -4.5705861146723947 21.0347983947101973 47.3354729464305777
1330 -3.2660173380582385 21.0287599587188261 47.4460154844017055
1331 -1.9601347256363142 21.0247503866335066 47.5196563859326346
1332 -0.6534655425236955 21.0227504350578158 47.5564606224013531
1333 0.6534655425236955 21.0227504350578158 47.5564606224013531
1334 1.9601347256363142 21.0247503866335066 47.5196563859326346
1335 3.2660173380582385 21.0287599587188261 47.4460154844017055
1336 4.5705861146723956 21.0347983947101973 47.3354729464305777
1337 5.8733094570782551 21.0428943249461611 47.1879310253219657
1338 7.1736496877510074 21.0530854883947391 47.0032588399546185
1339 8.4710612917176817 21.0654183669601878 46.7812918763141710
1340 -7.8461685706938828 21.9276621784633647 46.4931744468738373
1341 -6.5433313973030147 21.9181809703374988 46.6988025240112847
1342 -5.2378338262858657 21.9104935749507561 46.8667832063419709
1343 -3.9302187470592602 21.9045584499277517 46.9972733221190424
1344 -2.6210218332293937 21.9003428058671510 47.0903942384775220
1345 -1.3107733580356526 21.8978229636938941 47.1462323272452366
1346 -0.0000000000001541 21.8969846122175653 47.1648392861918566
1347 1.3107733580356526 21.8978229636938941 47.1462323272452366
1348 2.6210218332293937 21.9003428058671510 47.0903942384775220
1349 3.9302187470592602 21.9045584499277517 46.9972733221190424
1350 5.2378338262858639 21.9104935749507490 46.8667832063419567
1351 6.5433313973030147 21.9181809703374988 46.6988025240112847
1352 7.8461685706938828 21.9276621784633647 46.4931744468738444
1353 -7.2162054375582185 22.7821068980406238 46.1833518095991451
1354 -5.9081391978381452 22.7752035552316698 46.3722330089540762
1355 -4.5976824585389391 22.7697361500271569 46.5231171748904728
1356 -3.2853751469264689 22.7656681554482923 46.6361518950691902
1357 -1.9717506564030494 22.7629717777861664 46.7114473677778932
1358 -0.6573377204555637 22.7616282974832878 46.7490768290505798
1359 0.6573377204555637 22.7616282974832878 46.7490768290505798
1360 1.9717506564030496 22.7629717777861700 46.7114473677778861
1361 3.2853751469264680 22.7656681554482887 46.6361518950691831
1362 4.5976824585389391 22.7697361500271569 46.5231171748904728
1363 5.9081391978381452 22.7752035552316698 46.3722330089540762
1364 7.2162054375582185 22.7821068980406238 46.1833518095991451
1365 -6.5813249755676893 23.6284334916016903 45.8517534266566997
1366 -5.2682310671842245 23.6238180389798771 46.0234827309268653
1367 -3.9530177007141036 23.6202704979171401 46.1568680985080064
1368 -2.6362214921423015 23.6177593978094897 46.2520461955095357
1369 -1.3183732682297391 23.6162619440640462 46.3091142618272187
1370 -0.0000000000001573 23.6157643335273910 46.3281304926423303
1371 1.3183732682297391 23.6162619440640462 46.3091142618272187
1372 2.6362214921423015 23.6177593978094897 46.2520461955095357
1373 3.9530177007141036 23.6202704979171401 46.1568680985080064
1374 5.2682310671842254 23.6238180389798806 46.0234827309268582
1375 6.5813249755676893 23.6284334916016903 45.8517534266566997
1376 -5.9416849683216215 24.4663131211924778 45.4983065837948075
1377 -4.6237696939580317 24.4636789459906971 45.6524825857776051
1378 -3.3040065619212009 24.4617342963779549 45.7679701958934189
1379 -1.9829285109827504 24.4604527564468874 45.8448933412431643
1380 -0.6610634997675092 24.4598164823993294 45.8833343676832257
1381 0.6610634997675092 24.4598164823993294 45.8833343676832257
1382 1.9829285109827504 24.4604527564468874 45.8448933412431643
1383 3.3040065619212009 24.4617342963779549 45.7679701958934189
1384 4.6237696939580317 24.4636789459906971 45.6524825857776051
1385 5.9416849683216206 24.4663131211924743 45.4983065837948004
1386 -5.2974485194202474 25.2954065598680202 45.1229370293543468
1387 -3.9749230749599760 25.2944299189900157 45.2591626261628264
1388 -2.6508212758579055 25.2937538108387727 45.3563574895530905
1389 -1.3256719951406284 25.2933568204962143 45.4146308419693909
1390 -0.0000000000000601 25.2932259438872542 45.4340480405550977
1391 1.3256719951406284 25.2933568204962143 45.4146308419693909
1392 2.6508212758579055 25.2937538108387727 45.3563574895530905
1393 3.9749230749599760 25.2944299189900157 45.2591626261628264
1394 5.2974485194202474 25.2954065598680202 45.1229370293543468
1395 -4.6487847174351753 26.1153635943264604 44.7255696999721764
1396 -3.3218651495196387 26.1157030900410945 44.8434528559211643
1397 -1.9936398889004083 26.1159432251209473 44.9219646660255023
1398 -0.6646333239177111 26.1160674684720178 44.9611975210509129
1399 0.6646333239177111 26.1160674684720178 44.9611975210509129
1400 1.9936398889004083 26.1159432251209473 44.9219646660255023
1401 3.3218651495196387 26.1157030900410945 44.8434528559211643
1402 4.6487847174351753 26.1153635943264604 44.7255696999721764
1403 -3.9958693551662741 26.9258224115137850 44.3061295484052096
1404 -2.6647764777091587 26.9271184276852864 44.4052841394496483
1405 -1.3326468780249554 26.9279039383436540 44.4647280637791127
1406 -0.0000000000000507 26.9281671016223854 44.4845345771662721
1407 1.3326468780249554 26.9279039383436540 44.4647280637791127
1408 2.6647764777091587 26.9271184276852864 44.4052841394496483
1409 3.9958693551662741 26.9258224115137850 44.3061295484052096
1410 -3.3388857141725765 27.7264089649169883 43.8645424927453718
1411 -2.0038449707068446 27.7282830541871803 43.9445892482823126
1412 -0.6680338032324438 27.7292238197542957 43.9845868139250555
1413 0.6680338032324438 27.7292238197542957 43.9845868139250555
1414 2.0038449707068446 27.7282830541871803 43.9445892482823126
1415 3.3388857141725765 27.7264089649169883 43.8645424927453718
1416 -2.6780254281223548 28.5167363155432483 43.4007365112172607
1417 -1.3392666834472795 28.5187905257577690 43.4613040726869642
1418 -0.0000000000000829 28.5194764115119384 43.4814841652537609
1419 1.3392666834472795 28.5187905257577690 43.4613040726869642
1420 2.6780254281223548 28.5167363155432483 43.4007365112172607
1421 -2.0134894417021276 29.2964039418272186 42.9146429129434068
1422 -0.6712466818937665 29.2982200672783328 42.9553690332346605
1423 0.6712466818937665 29.2982200672783328 42.9553690332346605
1424 2.0134894417021276 29.2964039418272186 42.9146429129434068
1425 -1.3454890858453274 30.0649970117533734 42.4061978229967167
1426 -0.0000000000001970 30.0661357513457013 42.4267307364313950
1427 1.3454890858453277 30.0649970117533769 42.4061978229967167
1428 -0.6742472951682281 30.8220856093909319 41.8753439301975732
1429 0.6742472951682281 30.8220856093909319 41.8753439301975732
1430 0.0000000000000000 31.5672239067476816 41.3220325591718307
