0 -25.2350933817184107 -14.5694879569604669 38.1434146700047734
1 -24.2522809270284689 -14.7804775009379394 38.6957924674086371
2 -23.2599312019092572 -14.9821756102325310 39.2238449730084682
3 -22.2586325949176960 -15.1746046690599830 39.7276307894418821
4 -21.2489477656861787 -15.3577911177173529 40.2072191383052697
5 -20.2314154701217461 -15.5317644005875533 40.6626871059938608
6 -19.2065522449306272 -15.6965560778557780 41.0941173181451802
7 -18.1748539973578502 -15.8521990678012781 41.5015959559331407
8 -17.1367975393395753 -15.9987269948496671 41.8852110492468910
9 -16.0928421081817703 -16.1361736240098068 42.2450509960272385
10 -15.0434309289810813 -16.2645723659946455 42.5812032666562743
11 -13.9889928203187104 -16.3839558486901566 42.8937532820484648
12 -12.9299438273912894 -16.4943555535184494 43.1827834616368946
13 -11.8666887266955428 -16.5958015277740927 43.4483724702600114
14 -10.7996222986075239 -16.6883221697686608 43.6905946556627569
15 -9.7291301783671589 -16.7719440840939349 43.9095196695706491
16 -8.6555893448921086 -16.8466919764927638 44.1052121924582110
17 -7.5793682532653772 -16.9125885662587372 44.2777317042082359
18 -6.5008268958903823 -16.9696544816929844 44.4271322104142286
19 -5.4203167794698146 -17.0179081354511865 44.5534619160345642
20 -4.3381811426141841 -17.0573655645986300 44.6567628066512583
21 -3.2547554448328122 -17.0880402481737832 44.7370701708451648
22 -2.1703683848135444 -17.1099429127681724 44.7944120911974437
23 -1.0853433030364994 -17.1230813561240822 44.8288089824624905
24 0.0000000000000000 -17.1274603091083151 44.8402732302103573
25 1.0853433030364994 -17.1230813561240822 44.8288089824624905
26 2.1703683848135444 -17.1099429127681724 44.7944120911974437
27 3.2547554448328122 -17.0880402481737832 44.7370701708451648
28 4.3381811426141841 -17.0573655645986300 44.6567628066512583
29 5.4203167794698146 -17.0179081354511865 44.5534619160345642
30 6.5008268958903823 -16.9696544816929844 44.4271322104142286
31 7.5793682532653772 -16.9125885662587372 44.2777317042082359
32 8.6555893448921086 -16.8466919764927638 44.1052121924582110
33 9.7291301783671589 -16.7719440840939349 43.9095196695706491
34 10.7996222986075239 -16.6883221697686608 43.6905946556627569
35 11.8666887266955428 -16.5958015277740927 43.4483724702600114
36 12.9299438273912894 -16.4943555535184494 43.1827834616368946
37 13.9889928203187104 -16.3839558486901566 42.8937532820484648
38 15.0434309289810813 -16.2645723659946455 42.5812032666562743
39 16.0928421081817703 -16.1361736240098068 42.2450509960272385
40 17.1367975393395753 -15.9987269948496671 41.8852110492468910
41 18.1748539973578502 -15.8521990678012781 41.5015959559331407
42 19.2065522449306272 -15.6965560778557780 41.0941173181451802
43 20.2314154701217461 -15.5317644005875533 40.6626871059938608
44 21.2489477656861787 -15.3577911177173529 40.2072191383052697
45 22.2586325949176960 -15.1746046690599794 39.7276307894418821
46 23.2599312019092572 -14.9821756102325310 39.2238449730084682
47 24.2522809270284689 -14.7804775009379394 38.6957924674086371
48 25.2350933817184107 -14.5694879569604669 38.1434146700047734
49 -24.9264094593908254 -13.6128526320545031 38.6957924674086371
50 -23.9334528699091784 -13.8179854570493053 39.2460585490136893
51 -22.9309409785981906 -14.0138243723939286 39.7716566451002222
52 -21.9194627114322564 -14.2004064599673239 40.2726409714318265
53 -20.8995823649580288 -14.3777705996692902 40.7490756895616073
54 -19.8718413049666829 -14.5459568006284705 41.2010323160047847
55 -18.8367595632300890 -14.7050055923873568 41.6285875293038998
56 -17.7948373713591472 -14.8549574645050981 42.0318212983285306
57 -16.7465566687111327 -14.9958523382499145 42.4108152761893038
58 -15.6923826331698439 -15.1277290428612261 42.7656514190999175
59 -14.6327652584013777 -15.2506248476003634 43.0964107861696135
60 -13.5681409710393517 -15.3645750652609827 43.4031725067876053
61 -12.4989341920217445 -15.4696128771931818 43.6860128816225242
62 -11.4255587183023710 -15.5657693280995808 43.9450046444305045
63 -10.3484187673560051 -15.6530735781545243 44.1802163481836558
64 -9.2679096384227151 -15.7315531409836087 44.3917119145729799
65 -8.1844180080170510 -15.8012341413168826 44.5795502610931251
66 -7.0983220299594265 -15.8621412832908195 44.7437850239328014
67 -6.0099913505547873 -15.9142978162161324 44.8844642274254539
68 -4.9197872211412337 -15.9577251476751627 45.0016299905897981
69 -3.8280628536584813 -15.9924424014392326 45.0953181696846244
70 -2.7351641907514992 -16.0184657008470026 45.1655580441603703
71 -1.6414311148416816 -16.0358076037283332 45.2123719615708524
72 -0.5471990674391621 -16.0444765339936524 45.2357750672045071
73 0.5471990674391621 -16.0444765339936524 45.2357750672045071
74 1.6414311148416816 -16.0358076037283332 45.2123719615708524
75 2.7351641907514992 -16.0184657008470026 45.1655580441603703
76 3.8280628536584813 -15.9924424014392326 45.0953181696846244
77 4.9197872211412337 -15.9577251476751627 45.0016299905897981
78 6.0099913505547873 -15.9142978162161324 44.8844642274254539
79 7.0983220299594265 -15.8621412832908195 44.7437850239328014
80 8.1844180080170510 -15.8012341413168826 44.5795502610931251
81 9.2679096384227151 -15.7315531409836087 44.3917119145729799
82 10.3484187673560051 -15.6530735781545243 44.1802163481836558
83 11.4255587183023710 -15.5657693280995808 43.9450046444305045
84 12.4989341920217445 -15.4696128771931818 43.6860128816225242
85 13.5681409710393517 -15.3645750652609827 43.4031725067876053
86 14.6327652584013777 -15.2506248476003634 43.0964107861696135
87 15.6923826331698439 -15.1277290428612261 42.7656514190999175
88 16.7465566687111327 -14.9958523382499127 42.4108152761893038
89 17.7948373713591472 -14.8549574645050981 42.0318212983285306
90 18.8367595632300890 -14.7050055923873568 41.6285875293038998
91 19.8718413049666829 -14.5459568006284705 41.2010323160047847
92 20.8995823649580288 -14.3777705996692902 40.7490756895616073
93 21.9194627114322564 -14.2004064599673239 40.2726409714318194
94 22.9309409785981906 -14.0138243723939286 39.7716566451002222
95 23.9334528698832116 -13.8179854570942773 39.2460585490136822
96 24.9264094593908254 -13.6128526320544996 38.6957924674086371
97 -24.6049102833756237 -12.6526035060154616 39.2238449730084682
98 -23.6017983999657481 -12.8518652339506616 39.7716566451002222
99 -22.5891294219972991 -13.0418399525186555 40.2944368692397035
100 -21.5674931126977434 -13.2225782237692915 40.7922378149328537
101 -20.5374555926287812 -13.3941304246263098 41.2651207189425335
102 -19.4995609399188830 -13.5565463740782004 41.7131534837376847
103 -18.4543327214347244 -13.7098749338789112 42.1364086403193880
104 -17.4022754885883515 -13.8541635847953533 42.5349616102448991
105 -16.3438762807367191 -13.9894579511513744 42.9088892230146044
106 -15.2796061566958787 -14.1158013031043499 43.2582684497142012
107 -14.2099217780842118 -14.2332341122152091 43.5831753061614506
108 -13.1352669659470696 -14.3417938234475564 43.8836838888785792
109 -12.0560741694752895 -14.4415149501138220 44.1598655066537731
110 -10.9727656608523940 -14.5324295367313088 44.4117879116790135
111 -9.8857544323194908 -14.6145678125738279 44.6395146362004809
112 -8.7954446883503419 -14.6879588303124020 44.8431044658286098
113 -7.7022321161651952 -14.7526308052703232 45.0226110388114051
114 -6.6065039283522315 -14.8086111755485064 45.1780825278816636
115 -5.5086389999383139 -14.8559263081403685 45.3095613518323717
116 -4.4090080907066884 -14.8946008472319331 45.4170839360886376
117 -3.3079744570773784 -14.9246567134926789 45.5006805111277544
118 -2.2058947867250498 -14.9461120148550322 45.5603749307367423
119 -1.1031206136814511 -14.9589800475794679 45.5961844987910183
120 0.0000000000000000 -14.9632686201013492 45.6081198056079700
121 1.1031206136814511 -14.9589800475794679 45.5961844987910183
122 2.2058947867250498 -14.9461120148550322 45.5603749307367423
123 3.3079744570773784 -14.9246567134926789 45.5006805111277544
124 4.4090080907066884 -14.8946008472319331 45.4170839360886376
125 5.5086389999383139 -14.8559263081403685 45.3095613518323717
126 6.6065039283522315 -14.8086111755485064 45.1780825278816636
127 7.7022321161651952 -14.7526308052703232 45.0226110388114051
128 8.7954446883503419 -14.6879588303124020 44.8431044658286098
129 9.8857544323194908 -14.6145678125738279 44.6395146362004809
130 10.9727656608523940 -14.5324295367313123 44.4117879116790135
131 12.0560741694752895 -14.4415149501138220 44.1598655066537731
132 13.1352669659470696 -14.3417938234475564 43.8836838888785792
133 14.2099217780842118 -14.2332341122152091 43.5831753061614506
134 15.2796061566958787 -14.1158013031043463 43.2582684497142012
135 16.3438762807367226 -13.9894579511513726 42.9088892230146115
136 17.4022754885883515 -13.8541635847953533 42.5349616102448991
137 18.4543327214347279 -13.7098749338789112 42.1364086403193951
138 19.4995609399188830 -13.5565463740782004 41.7131534837376847
139 20.5374555926287812 -13.3941304246263098 41.2651207189425335
140 21.5674931126977469 -13.2225782237692933 40.7922378149328466
141 22.5891294219706431 -13.0418399525648248 40.2944368692397035
142 23.6017983999657481 -12.8518652339506598 39.7716566451002222
143 24.6049102833756237 -12.6526035060154616 39.2238449730084682
144 -24.2709094332507469 -11.6892389461730790 39.7276307894418821
145 -23.2576440941124787 -11.8826083154224058 40.2726409714318265
146 -22.2348352016599975 -12.0667078196575144 40.7922378149328537
147 -21.2030736791366863 -12.2416002962654940 41.2864734355402874
148 -20.1629276845936971 -12.4073466537659645 41.7554079874586677
149 -19.1149441385601122 -12.5640057156715077 42.1991074663469661
150 -18.0596502074093195 -12.7116339668750005 42.6176418432344803
151 -16.9975547833099760 -12.8502851942878067 43.0110834763999321
152 -15.9291499786051123 -12.9800100392014475 43.3795057641432109
153 -14.8549126584231033 -13.1008555072711292 43.7229819990382751
154 -13.7753059718904147 -13.2128646605081936 44.0415843589203106
155 -12.6907808372825670 -13.3160766219732860 44.3353829930203531
156 -11.6017772581692249 -13.4105271204459324 44.6044451462363938
157 -10.5087254068753229 -13.4962493636418071 44.8488343598503292
158 -9.4120463804877073 -13.5732751363014206 45.0686097523077578
159 -8.3121526836771906 -13.6416355702773480 45.2638254761015801
160 -7.2094484396964713 -13.7013616146780386 45.4345302946909015
161 -6.1043295443606054 -13.7524838527447475 45.5807673113764196
162 -4.9971838874978474 -13.7950319638403052 45.7025737383700985
163 -3.8883918144184624 -13.8290335085563125 45.7999808003976199
164 -2.7783268720067507 -13.8545125402793179 45.8730136579615646
165 -1.6673569420703069 -13.8714880461328427 45.9216913910378892
166 -0.5558457028729478 -13.8799728110216929 45.9460269263828351
167 0.5558457028729478 -13.8799728110216929 45.9460269263828351
168 1.6673569420703069 -13.8714880461328427 45.9216913910378892
169 2.7783268720067507 -13.8545125402793214 45.8730136579615646
170 3.8883918144184624 -13.8290335085563125 45.7999808003976199
171 4.9971838874978474 -13.7950319638403052 45.7025737383700985
172 6.1043295443606054 -13.7524838527447475 45.5807673113764196
173 7.2094484396964713 -13.7013616146780386 45.4345302946909015
174 8.3121526836771906 -13.6416355702773480 45.2638254761015801
175 9.4120463804877073 -13.5732751363014206 45.0686097523077578
176 10.5087254068753229 -13.4962493636418071 44.8488343598503292
177 11.6017772581692249 -13.4105271204459324 44.6044451462363938
178 12.6907808372825670 -13.3160766219732860 44.3353829930203531
179 13.7753059718904147 -13.2128646605081936 44.0415843589203106
180 14.8549126584231033 -13.1008555072711292 43.7229819990382751
181 15.9291499786051123 -12.9800100392014475 43.3795057641432109
182 16.9975547833099760 -12.8502851942878067 43.0110834763999321
183 18.0596502074093195 -12.7116339668750005 42.6176418432344803
184 19.1149441385601122 -12.5640057156715041 42.1991074663469661
185 20.1629276845936971 -12.4073466537659645 41.7554079874586677
186 21.2030736791093695 -12.2416002963128037 41.2864734355402874
187 22.2348352016599975 -12.0667078196575179 40.7922378149328395
188 23.2576440941124787 -11.8826083154224058 40.2726409714318194
189 24.2709094332507469 -11.6892389461730808 39.7276307894418821
190 -23.9247111368013279 -10.7232330099141429 40.2072191383052697
191 -22.9013057715776398 -10.9106839567042648 40.7490756895616073
192 -21.8683850056428248 -11.0888930599981652 41.2651207189425335
193 -20.8265412380180202 -11.2579342626437136 41.7554079874586677
194 -19.7763448755247566 -11.4178780374710946 42.2199981582868062
195 -18.7183458081779150 -11.5687913782524436 42.6589568115764024
196 -17.6530748662316377 -11.7107376203578770 43.0723527585196493
197 -16.5810452850401866 -11.8437761099325343 43.4602566112216806
198 -15.5027542000886989 -11.9679617510812228 43.8227395736082315
199 -14.4186841364572054 -12.0833446123763277 44.1598724041593371
200 -13.3293044886369234 -12.1899698020365204 44.4717244783091488
201 -12.2350728775086939 -12.2878778800824993 44.7583628932764910
202 -11.1364363844282437 -12.3771058042354110 45.0198515831221400
203 -10.0338325145434180 -12.4576882832993370 45.2562504821846474
204 -8.9276899611923728 -12.5296590654551903 45.4676148006499403
205 -7.8184290343277327 -12.5930519020428680 45.6539944717615640
206 -6.7064619794990223 -12.6479008102811026 45.8154337839425594
207 -5.5921931916562997 -12.6942396785864737 45.9519711687082477
208 -4.4760196596632964 -12.7321011645785678 46.0636391087508912
209 -3.3583315390284474 -12.7615150933959409 46.1504641557914823
210 -2.2395130853778586 -12.7825065489822443 46.2124670134115192
211 -1.1199438228155194 -12.7950941516893621 46.2496626093979444
212 0.0000000000000000 -12.7992889215629155 46.2620600827757897
213 1.1199438228155194 -12.7950941516893621 46.2496626093979444
214 2.2395130853778586 -12.7825065489822443 46.2124670134115192
215 3.3583315390284474 -12.7615150933959409 46.1504641557914823
216 4.4760196596632964 -12.7321011645785678 46.0636391087508912
217 5.5921931916562997 -12.6942396785864737 45.9519711687082477
218 6.7064619794990223 -12.6479008102811026 45.8154337839425594
219 7.8184290343277327 -12.5930519020428680 45.6539944717615640
220 8.9276899611923728 -12.5296590654551903 45.4676148006499403
221 10.0338325145434180 -12.4576882832993370 45.2562504821846474
222 11.1364363844282437 -12.3771058042354110 45.0198515831221400
223 12.2350728775086939 -12.2878778800824993 44.7583628932764910
224 13.3293044886369234 -12.1899698020365204 44.4717244783091488
225 14.4186841364572054 -12.0833446123763277 44.1598724041593371
226 15.5027542000886989 -11.9679617510812246 43.8227395736082315
227 16.5810452850401866 -11.8437761099325343 43.4602566112216806
228 17.6530748662316377 -11.7107376203578806 43.0723527585196493
229 18.7183458081779150 -11.5687913782524436 42.6589568115763882
230 19.7763448755247566 -11.4178780374710964 42.2199981582868062
231 20.8265412380180202 -11.2579342626437136 41.7554079874586677
232 21.8683850056428248 -11.0888930599981652 41.2651207189425335
233 22.9013057715776398 -10.9106839567042648 40.7490756895616073
234 23.9247111368013279 -10.7232330099141429 40.2072191383052697
235 -23.5666102715644783 -9.7550375513491492 40.6626871059938608
236 -22.5330887641786148 -9.9365409897598251 41.2010323160047847
237 -21.4900940174929822 -10.1088419495734225 41.7131534837376847
238 -20.4382201923444669 -10.2720243580777559 42.1991074663469661
239 -19.3780401287379611 -10.4261672975778108 42.6589568115764024
240 -18.3101067839061820 -10.5713450805790270 43.0927679866270665
241 -17.2349546785853960 -10.7076270859057541 43.5006098740728504
242 -16.1531013627151694 -10.8350774175361391 43.8825524977962900
243 -15.0650488816698171 -10.9537545072454190 44.2386659426784732
244 -13.9712852349315426 -11.0637108477470711 44.5690194099177788
245 -12.8722857515240943 -11.1649932203388413 44.8736803251181655
246 -11.7685143852147682 -11.2576434771861820 45.1527134567299342
247 -10.6604248408425963 -11.3416999870592825 45.4061800156794249
248 -9.5484615569540505 -11.4171992313538695 45.6341368232920956
249 -8.4330604208264486 -11.4841773609412350 45.8366355907710101
250 -7.3146493073893328 -11.5426710121968146 46.0137224250994521
251 -6.1936484385460790 -11.5927174106401925 46.1654375269718003
252 -5.0704708041349926 -11.6343534221488998 46.2918151110209450
253 -3.9455226936610557 -11.6676140657309215 46.3928834271697781
254 -2.8192044531750016 -11.6925303552297883 46.4686649274888097
255 -1.6919114378208868 -11.7091271817855702 46.5191764364690954
256 -0.5640351898104347 -11.7174215217641748 46.5444292819876893
257 0.5640351898104347 -11.7174215217641748 46.5444292819876893
258 1.6919114378208868 -11.7091271817855702 46.5191764364690954
259 2.8192044531750016 -11.6925303552297883 46.4686649274888097
260 3.9455226936610557 -11.6676140657309215 46.3928834271697781
261 5.0704708041349926 -11.6343534221488998 46.2918151110209450
262 6.1936484385460790 -11.5927174106401925 46.1654375269718003
263 7.3146493073893328 -11.5426710121968146 46.0137224250994521
264 8.4330604208264486 -11.4841773609412350 45.8366355907710101
265 9.5484615569540505 -11.4171992313538695 45.6341368232920956
266 10.6604248408425963 -11.3416999870592825 45.4061800156794249
267 11.7685143852147682 -11.2576434771861837 45.1527134567299342
268 12.8722857515240943 -11.1649932203388413 44.8736803251181655
269 13.9712852349315426 -11.0637108477470711 44.5690194099177788
270 15.0650488816698171 -10.9537545072454190 44.2386659426784732
271 16.1531013627151694 -10.8350774175361391 43.8825524977962900
272 17.2349546785853960 -10.7076270859057541 43.5006098740728504
273 18.3101067839061749 -10.5713450805790288 43.0927679866270736
274 19.3780401287379611 -10.4261672975778108 42.6589568115764024
275 20.4382201923444669 -10.2720243580777595 42.1991074663469661
276 21.4900940174929822 -10.1088419495734190 41.7131534837376847
277 22.5330887641786148 -9.9365409897598251 41.2010323160047847
278 23.5666102715644783 -9.7550375513491492 40.6626871059938608
279 -23.1968924378154426 -8.7850841242950697 41.0941173181451731
280 -22.1532881874147343 -8.9606095105430441 41.6285875293038998
281 -21.1002663361639975 -9.1269834797134326 42.1364086403193880
282 -20.0384230426275671 -9.2842988796398753 42.6176418432344803
283 -18.9683337093998681 -9.4326424788862404 43.0723527585196493
284 -17.8905544099374190 -9.5720950417755439 43.5006098740728504
285 -16.8056233332435596 -9.7027311553140851 43.9024832157457467
286 -15.7140622581340157 -9.8246188770597005 44.2780432185977588
287 -14.6163780093163371 -9.9378194294156259 44.6273597569596632
288 -13.5130638351228498 -10.0423872167117096 44.9505012739293051
289 -12.4046007404204595 -10.1383703804523027 45.2475339272708652
290 -11.2914586774420336 -10.2258120806591180 45.5185207165903449
291 -10.1740976931853861 -10.3047522248739991 45.7635206000748411
292 -9.0529688597853557 -10.3752294033891133 45.9825876789334984
293 -7.9285151015002873 -10.4372823714015563 46.1757705402401726
294 -6.8011717592518544 -10.4909507849243049 46.3431118326062759
295 -5.6713671440673163 -10.5362747771136966 46.4846480952405585
296 -4.5395230208353095 -10.5732936364917673 46.6004097881105466
297 -3.4060553191956524 -10.6020437222126880 46.6904214595977862
298 -2.2713749017831986 -10.6225560620033885 46.7547019963248616
299 -1.1358885377140082 -10.6348540728100858 46.7932648580960304
300 0.0000000000000000 -10.6389519510689272 46.8061182045984978
301 1.1358885377140082 -10.6348540728100858 46.7932648580960304
302 2.2713749017831986 -10.6225560620033885 46.7547019963248616
303 3.4060553191956524 -10.6020437222126880 46.6904214595977862
304 4.5395230208353095 -10.5732936364917673 46.6004097881105466
305 5.6713671440673163 -10.5362747771136966 46.4846480952405585
306 6.8011717592518544 -10.4909507849243049 46.3431118326062759
307 7.9285151015002873 -10.4372823714015563 46.1757705402401726
308 9.0529688597853557 -10.3752294033891133 45.9825876789334984
309 10.1740976931853861 -10.3047522248739991 45.7635206000748411
310 11.2914586774420336 -10.2258120806591180 45.5185207165903449
311 12.4046007404204595 -10.1383703804523027 45.2475339272708652
312 13.5130638351228498 -10.0423872167117096 44.9505012739293051
313 14.6163780093163371 -9.9378194294156259 44.6273597569596632
314 15.7140622581340157 -9.8246188770597005 44.2780432185977588
315 16.8056233332145126 -9.7027311553643933 43.9024832157457467
316 17.8905544099374190 -9.5720950417755439 43.5006098740728504
317 18.9683337093998681 -9.4326424788862404 43.0723527585196493
318 20.0384230426275671 -9.2842988796398753 42.6176418432344803
319 21.1002663361639975 -9.1269834797134326 42.1364086403193880
320 22.1532881874147343 -8.9606095105430441 41.6285875293038998
321 23.1968924378154426 -8.7850841242950697 41.0941173181451731
322 -22.8158340972428242 -7.8137857378844107 41.5015959559331407
323 -21.7621892220782627 -7.9833024875571725 42.0318212983285306
324 -20.6991953569122380 -8.1437308643750921 42.5349616102448991
325 -19.6274508157832805 -8.2951716474202364 43.0110834763999321
326 -18.5475336304569041 -8.4377183831787193 43.4602566112216806
327 -17.4600029769149714 -8.5714574212483008 43.8825524977962900
328 -16.3654006591008496 -8.6964676736644702 44.2780432185977588
329 -15.2642525857709170 -8.8128203393732765 44.6468004527056195
330 -14.1570702136990967 -8.9205787590288086 44.9888946026500847
331 -13.0443518924364898 -9.0197987578755505 45.3043939819717139
332 -11.9265840907772755 -9.1105296751318381 45.5933640014000403
333 -10.8042426006837804 -9.1928159517798278 45.8558663281184948
334 -9.6777936204330484 -9.2666992597810491 46.0919580346623832
335 -8.5476947891502331 -9.3322204374918254 46.3016908492291890
336 -7.4143960229129187 -9.3894209830263868 46.4851105755264058
337 -6.2783402640540773 -9.4383433180118779 46.6422567951004936
338 -5.1399640750279243 -9.4790300174111781 46.7731628098468448
339 -3.9996982951032081 -9.5115218564229256 46.8778558119176125
340 -2.8579687529840534 -9.5358554394701631 46.9563571377134679
341 -1.7151970757848152 -9.5520605494780462 47.0086825836496374
342 -0.5718015823532483 -9.5601579844400089 47.0348426409929203
343 0.5718015823532483 -9.5601579844400089 47.0348426409929203
344 1.7151970757848152 -9.5520605494780462 47.0086825836496374
345 2.8579687529840534 -9.5358554394701631 46.9563571377134679
346 3.9996982951032081 -9.5115218564229256 46.8778558119176125
347 5.1399640750279243 -9.4790300174111781 46.7731628098468448
348 6.2783402640540773 -9.4383433180118779 46.6422567951004936
349 7.4143960229129187 -9.3894209830263868 46.4851105755264058
350 8.5476947891502331 -9.3322204374918254 46.3016908492291890
351 9.6777936204330484 -9.2666992597810491 46.0919580346623832
352 10.8042426006837804 -9.1928159517798278 45.8558663281184948
353 11.9265840907772755 -9.1105296751318381 45.5933640014000403
354 13.0443518924364898 -9.0197987578755505 45.3043939819717139
355 14.1570702136990967 -8.9205787590288086 44.9888946026500847
356 15.2642525857709153 -8.8128203393732800 44.6468004527056195
357 16.3654006591008496 -8.6964676736644702 44.2780432185977588
358 17.4600029769149714 -8.5714574212483008 43.8825524977962900
359 18.5475336304569041 -8.4377183831787193 43.4602566112216806
360 19.6274508157832805 -8.2951716474202364 43.0110834763999321
361 20.6991953569122380 -8.1437308643750921 42.5349616102448991
362 21.7621892220782627 -7.9833024875571725 42.0318212983285306
363 22.8158340972428242 -7.8137857378844107 41.5015959559331407
364 -22.4237027754214679 -6.8415385111538995 41.8852110492468910
365 -21.3600674106802586 -7.0050173318945843 42.4108152761893038
366 -20.2871641112396510 -7.1594830798522411 42.9088892230146044
367 -19.2055934246280557 -7.3050435225636514 43.3795057641432109
368 -18.1159360080011851 -7.4417980903621075 43.8227395736082315
369 -17.0187541109277376 -7.5698377871576970 44.2386659426784732
370 -15.9145930887546729 -7.6892449526763595 44.6273597569596632
371 -14.8039829286283613 -7.8000930687090078 44.9888946026500847
372 -13.6874396480916936 -7.9024469653424934 45.3233419756288143
373 -12.5654665978643880 -7.9963635092167742 45.6307705370665531
374 -11.4385556744699368 -8.0818930425963114 45.9112453428360539
375 -10.3071884294411547 -8.1590813913428626 46.1648270605386060
376 -9.1718372391615706 -8.2279720637975231 46.3915711889099143
377 -8.0329663224243397 -8.2886082918915776 46.5915273912154859
378 -6.8910327493321724 -8.3410341241309016 46.7647390390207960
379 -5.7464872121077590 -8.3852943942229849 46.9112430302512351
380 -4.5997747866383438 -8.4214332998522750 47.0310698696972551
381 -3.4513355798670324 -8.4494921217731740 47.1242439260221673
382 -2.3016055010343850 -8.4695065055090666 47.1907837577502889
383 -1.1510169990810541 -8.4815038604412329 47.2307024310791661
384 0.0000000000000000 -8.4855011670480760 47.2440077675891743
385 1.1510169990810541 -8.4815038604412329 47.2307024310791661
386 2.3016055010343850 -8.4695065055090666 47.1907837577502889
387 3.4513355798670324 -8.4494921217731740 47.1242439260221673
388 4.5997747866383438 -8.4214332998522750 47.0310698696972551
389 5.7464872121077590 -8.3852943942229849 46.9112430302512351
390 6.8910327493321724 -8.3410341241309016 46.7647390390207960
391 8.0329663224243397 -8.2886082918915776 46.5915273912154859
392 9.1718372391615706 -8.2279720637975231 46.3915711889099143
393 10.3071884294411547 -8.1590813913428626 46.1648270605386060
394 11.4385556744699368 -8.0818930425963114 45.9112453428360539
395 12.5654665978643880 -7.9963635092167742 45.6307705370665531
396 13.6874396480916865 -7.9024469653424960 45.3233419756288143
397 14.8039829286283613 -7.8000930687090078 44.9888946026500847
398 15.9145930887546729 -7.6892449526763595 44.6273597569596632
399 17.0187541109277376 -7.5698377871576970 44.2386659426784732
400 18.1159360080011851 -7.4417980903621075 43.8227395736082315
401 19.2055934246280557 -7.3050435225636514 43.3795057641432109
402 20.2871641112396510 -7.1594830798522411 42.9088892230146044
403 21.3600674106802586 -7.0050173318945843 42.4108152761893038
404 22.4237027754214679 -6.8415385111538995 41.8852110492468910
405 -22.0207573323597856 -5.8687232727724297 42.2450509960272385
406 -20.9471889692703961 -6.0261374848002109 42.7656514190999175
407 -19.8644456016097877 -6.1746264399675717 43.2582684497142012
408 -18.7731300098176170 -6.3143039795578684 43.7229819990382751
409 -17.6738254652283331 -6.4452744451274704 44.1598724041593371
410 -16.5670972717402023 -6.5676325130956217 44.5690194099177788
411 -15.4534943618738687 -6.6814629558213037 44.9505012739293051
412 -14.3335508075617959 -6.7868407358158462 45.3043939819717139
413 -13.2077872358088015 -6.8838315295469990 45.6307705370665531
414 -12.0767120389972060 -6.9724929466406316 45.9297002868099185
415 -10.9408225545629882 -7.0528762582555409 46.2012482333031897
416 -9.8006062126010569 -7.1250286689642293 46.4454743148561633
417 -8.6565416383733655 -7.1889956724460644 46.6624327278878539
418 -7.5090998208704685 -7.2448227706956789 46.8521713787249396
419 -6.3587451214329933 -7.2925563390979971 47.0147315479067061
420 -5.2059362099988249 -7.3322429490709808 47.1501478419020685
421 -4.0511268074591431 -7.3639275862614522 47.2584483673997013
422 -2.8947664075682695 -7.3876509221032647 47.3396550610453986
423 -1.7373009824015759 -7.4034465601910293 47.3937840262511898
424 -0.5791737792960886 -7.4113383385398786 47.4208458567017246
425 0.5791737792960886 -7.4113383385398786 47.4208458567017246
426 1.7373009824015759 -7.4034465601910293 47.3937840262511898
427 2.8947664075682695 -7.3876509221032647 47.3396550610453986
428 4.0511268074591431 -7.3639275862614522 47.2584483673997013
429 5.2059362099988249 -7.3322429490709808 47.1501478419020685
430 6.3587451214329933 -7.2925563390979971 47.0147315479067061
431 7.5090998208704685 -7.2448227706956789 46.8521713787249396
432 8.6565416383733655 -7.1889956724460644 46.6624327278878539
433 9.8006062126010569 -7.1250286689642293 46.4454743148561633
434 10.9408225545629882 -7.0528762582555409 46.2012482333031897
435 12.0767120389972060 -6.9724929466406316 45.9297002868099185
436 13.2077872358088015 -6.8838315295469990 45.6307705370665531
437 14.3335508075617959 -6.7868407358158462 45.3043939819717139
438 15.4534943618738687 -6.6814629558213037 44.9505012739293051
439 16.5670972717402023 -6.5676325130956217 44.5690194099177788
440 17.6738254652283331 -6.4452744451274704 44.1598724041593371
441 18.7731300098176170 -6.3143039795578684 43.7229819990382751
442 19.8644456016097877 -6.1746264399675717 43.2582684497142012
443 20.9471889692703961 -6.0261374848002109 42.7656514190999175
444 22.0207573323597856 -5.8687232727724297 42.2450509960272385
445 -21.6072483151322743 -4.8957071615768317 42.5812032666562743
446 -20.5238111708087843 -5.0470340175897785 43.0964107861696135
447 -19.4313032082317250 -5.1895361895030625 43.5831753061614506
448 -18.3303294387109545 -5.3233325863064875 44.0415843589203106
449 -17.2214757642472520 -5.4485314009192631 44.4717244783091488
450 -16.1053106376565083 -5.5652298554229107 44.8736803251181655
451 -14.9823866726576274 -5.6735141747812241 45.2475339272708652
452 -13.8532421859848007 -5.7734599654185326 45.5933640014000403
453 -12.7184025227920827 -5.8651332753954533 45.9112453428360467
454 -11.5783812866789297 -5.9485921414215355 46.2012482333031897
455 -10.4336814153850046 -6.0238887738113274 46.4634378427059573
456 -9.2847963220242438 -6.0910718411070226 46.6978736248771611
457 -8.1322110974778159 -6.1501887660516763 46.9046087373937084
458 -6.9764036267618676 -6.2012872367063094 47.0836896286215776
459 -5.8178457582829886 -6.2444154467148252 47.2351558318765115
460 -4.6570042137922414 -6.2796210463551807 47.3590400163146725
461 -3.4943414219468281 -6.3069488170702597 47.4553682384377140
462 -2.3303161781869011 -6.3264378170944306 47.5241602877538298
463 -1.1653844206529185 -6.3381184381525086 47.5654300287094074
464 0.0000000000000000 -6.3420098598950849 47.5791856901417844
465 1.1653844206529185 -6.3381184381525086 47.5654300287094074
466 2.3303161781869011 -6.3264378170944306 47.5241602877538298
467 3.4943414219468281 -6.3069488170702597 47.4553682384377140
468 4.6570042137922414 -6.2796210463551807 47.3590400163146725
469 5.8178457582829886 -6.2444154467148252 47.2351558318765115
470 6.9764036267618676 -6.2012872367063094 47.0836896286215776
471 8.1322110974778159 -6.1501887660516763 46.9046087373937084
472 9.2847963220242438 -6.0910718411070226 46.6978736248771611
473 10.4336814153850046 -6.0238887738113309 46.4634378427059573
474 11.5783812866789297 -5.9485921414215355 46.2012482333031897
475 12.7184025227920827 -5.8651332753954533 45.9112453428360467
476 13.8532421859848007 -5.7734599654185326 45.5933640014000403
477 14.9823866726576274 -5.6735141747812241 45.2475339272708510
478 16.1053106376565083 -5.5652298554229107 44.8736803251181655
479 17.2214757642472520 -5.4485314009192631 44.4717244783091488
480 18.3303294387109545 -5.3233325863064875 44.0415843589203106
481 19.4313032082317250 -5.1895361895030625 43.5831753061614506
482 20.5238111708087843 -5.0470340175897785 43.0964107861696135
483 21.6072483151322743 -4.8957071615768317 42.5812032666562743
484 -21.1834183896076631 -3.9228452314090481 42.8937532820484648
485 -20.0901828103886295 -4.0680672304180456 43.4031725067876053
486 -18.9879912699178739 -4.2045779662769283 43.8836838888785792
487 -17.8774510520102190 -4.3325002879608077 44.3353829930203531
488 -16.7591508415066635 -4.4519449890352538 44.7583628932764910
489 -15.6336624305988003 -4.5630106838055031 45.1527134567299342
490 -14.5015423748976211 -4.6657840201174805 45.5185207165903449
491 -13.3633334468980429 -4.7603405849522913 45.8558663281184948
492 -12.2195659711683788 -4.8467463258176418 46.1648270605386060
493 -11.0707589363159773 -4.9250596181179942 46.4454743148561633
494 -9.9174211116868527 -4.9953335632838058 46.6978736248771611
495 -8.7600520884256099 -5.0576184313318233 46.9220841737781598
496 -7.5991435094666500 -5.1119635622876869 47.1181583517477165
497 -6.4351803195691426 -5.1584184988842212 47.2861414459352929
498 -5.2686418737537659 -5.1970327925042241 47.4260715531000372
499 -4.1000029583069333 -5.2278543332001055 47.5379797089938947
500 -2.9297345661116352 -5.2509268059647543 47.6218901667135839
501 -1.7583046350678682 -5.2662865438683628 47.6778207434879491
502 -0.5861788015533558 -5.2739596579134318 47.7057831288755949
503 0.5861788015533558 -5.2739596579134318 47.7057831288755949
504 1.7583046350678688 -5.2662865438683646 47.6778207434879562
505 2.9297345661116352 -5.2509268059647543 47.6218901667135839
506 4.1000029583069333 -5.2278543332001055 47.5379797089938947
507 5.2686418737537659 -5.1970327925042241 47.4260715531000372
508 6.4351803195691426 -5.1584184988842212 47.2861414459352929
509 7.5991435094666500 -5.1119635622876869 47.1181583517477165
510 8.7600520883945663 -5.0576184313855945 46.9220841737781598
511 9.9174211116868527 -4.9953335632838058 46.6978736248771611
512 11.0707589363159773 -4.9250596181179942 46.4454743148561633
513 12.2195659711683788 -4.8467463258176418 46.1648270605386060
514 13.3633334468980429 -4.7603405849522913 45.8558663281184948
515 14.5015423748976211 -4.6657840201174796 45.5185207165903449
516 15.6336624305988003 -4.5630106838055031 45.1527134567299342
517 16.7591508415066635 -4.4519449890352529 44.7583628932764910
518 17.8774510520102190 -4.3325002879608077 44.3353829930203531
519 18.9879912699178739 -4.2045779662769283 43.8836838888785792
520 20.0901828103886295 -4.0680672304180465 43.4031725067876053
521 21.1834183896076631 -3.9228452314090481 42.8937532820484648
522 -20.7495028420955556 -2.9504820472674287 43.1827834616368946
523 -19.6465448343710491 -3.0895880919241701 43.6860128816225242
524 -18.5347559006689728 -3.2201090256180676 44.1598655066537731
525 -17.4147457935309653 -3.3421702744001522 44.6044451462363938
526 -16.2871062440098129 -3.4558839144264790 45.0198515831221400
527 -15.1524127313162751 -3.5613487337747292 45.4061800156794249
528 -14.0112260530377881 -3.6586509504462028 45.7635206000748411
529 -12.8640937784173648 -3.7478654979874695 46.0919580346623832
530 -11.7115514484581169 -3.8290580165912895 46.3915711889099143
531 -10.5541236992213676 -3.9022871315260703 46.6624327278878610
532 -9.3923252582093308 -3.9676070163276789 46.9046087373937084
533 -8.2266620628948566 -4.0250695450579084 47.1181583517477165
534 -7.0576324083601030 -4.0747259707719961 47.3031334379825381
535 -5.8857282392209438 -4.1166273731036682 47.4595784027318430
536 -4.7114363846274019 -4.1508239985877342 47.5875301662773538
537 -3.5352395024465415 -4.1773632255907005 47.6870183398147063
538 -2.3576169402496014 -4.1962866196322626 47.7580655069794844
539 -1.1790454516452662 -4.2076267639140799 47.8006875352075724
540 0.0000000000000000 -4.2114044551829100 47.8148938356540327
541 1.1790454516452662 -4.2076267639140799 47.8006875352075724
542 2.3576169402496014 -4.1962866196322626 47.7580655069794844
543 3.5352395024465411 -4.1773632255906996 47.6870183398147063
544 4.7114363846274019 -4.1508239985877342 47.5875301662773538
545 5.8857282392209438 -4.1166273731036682 47.4595784027318430
546 7.0576324083288098 -4.0747259708261998 47.3031334379825381
547 8.2266620628948566 -4.0250695450579093 47.1181583517477165
548 9.3923252582093308 -3.9676070163276789 46.9046087373937084
549 10.5541236992213676 -3.9022871315260699 46.6624327278878610
550 11.7115514484581169 -3.8290580165912895 46.3915711889099143
551 12.8640937784173648 -3.7478654979874695 46.0919580346623832
552 14.0112260530377881 -3.6586509504462028 45.7635206000748411
553 15.1524127313162751 -3.5613487337747296 45.4061800156794249
554 16.2871062440098129 -3.4558839144264781 45.0198515831221400
555 17.4147457935309653 -3.3421702744001531 44.6044451462363938
556 18.5347559006689728 -3.2201090256180680 44.1598655066537660
557 19.6465448343710491 -3.0895880919241692 43.6860128816225242
558 20.7495028420955556 -2.9504820472674287 43.1827834616368946
559 -20.3057300825647360 -1.9789531322337088 43.4483724702600114
560 -19.1931310267340578 -2.1119394384308343 43.9450046444305045
561 -18.0718359879428299 -2.2364790437060647 44.4117879116790135
562 -16.9424575081610307 -2.3526984819280861 44.8488343598503292
563 -15.8055907830366849 -2.4607097132632250 45.2562504821846403
564 -14.6618153528976425 -2.5606106597043863 45.6341368232920956
565 -13.5116966633189151 -2.6524863105490053 45.9825876789334984
566 -12.3557873671593672 -2.7364106124540597 46.3016908492291890
567 -11.1946285040086195 -2.8124487570185490 46.5915273912154859
568 -10.0287504757736556 -2.8806598190791650 46.8521713787249396
569 -8.8586740965328019 -2.9410991494765142 47.0836896286215776
570 -7.6849116231698948 -2.9938203852384304 47.2861414459352929
571 -6.5079680026326487 -3.0388764883849584 47.4595784027318430
572 -5.3283420967430342 -3.0763197438890053 47.6040442329581310
573 -4.1465279518229359 -3.1062004469956634 47.7195748590432700
574 -2.9630158483390030 -3.1285645586886739 47.8061985613226597
575 -1.7782931171870278 -3.1434505717060652 47.8639362369269250
576 -0.5928449230725493 -3.1508862854749475 47.8928016565453518
577 0.5928449230725493 -3.1508862854749475 47.8928016565453518
578 1.7782931171870278 -3.1434505717060652 47.8639362369269250
579 2.9630158483390030 -3.1285645586886739 47.8061985613226597
580 4.1465279518229350 -3.1062004469956630 47.7195748590432771
581 5.3283420967430342 -3.0763197438890053 47.6040442329581310
582 6.5079680026326487 -3.0388764883849584 47.4595784027318430
583 7.6849116231698948 -2.9938203852384304 47.2861414459352929
584 8.8586740965328019 -2.9410991494765142 47.0836896286215776
585 10.0287504757736556 -2.8806598190791650 46.8521713787249396
586 11.1946285040086195 -2.8124487570185495 46.5915273912154859
587 12.3557873671593672 -2.7364106124540606 46.3016908492291890
588 13.5116966633189151 -2.6524863105490053 45.9825876789334984
589 14.6618153528976425 -2.5606106597043858 45.6341368232920956
590 15.8055907830366849 -2.4607097132632250 45.2562504821846403
591 16.9424575081610307 -2.3526984819280861 44.8488343598503292
592 18.0718359879428299 -2.2364790437060638 44.4117879116790135
593 19.1931310267340578 -2.1119394384308352 43.9450046444305045
594 20.3057300825647360 -1.9789531322337088 43.4483724702600114
595 -19.8523220948624690 -1.0085861769866749 43.6905946556627569
596 -18.7301687496668023 -1.1354567524526835 44.1802163481836558
597 -17.5994642071790572 -1.2540305676763801 44.6395146362004809
598 -16.4608242708365715 -1.3644336989490191 45.0686097523077578
599 -15.3148480320383662 -1.4667767707763095 45.4676148006499403
600 -14.1621195465544645 -1.5611558756141743 45.8366355907710101
601 -13.0032092308553811 -1.6476543064870259 46.1757705402401726
602 -11.8386751095839671 -1.7263448180477019 46.4851105755264058
603 -10.6690638199963299 -1.7972923571667356 46.7647390390207960
604 -9.4949116089046068 -1.8605566418023372 47.0147315479067061
605 -8.3167452877804866 -1.9161944986151984 47.2351558318765115
606 -7.1350833594863223 -1.9642613098610957 47.4260715531000372
607 -5.9504372217287811 -2.0048115981077754 47.5875301662773538
608 -4.7633124722562910 -2.0378983202830900 47.7195748590432700
609 -3.5742101079147197 -2.0635711679083091 47.8222406014132488
610 -2.3836276142901940 -2.0818737874587687 47.8955542919119495
611 -1.1920598827159141 -2.0928405884505787 47.9395349529733465
612 0.0000000000000000 -2.0964936512986743 47.9541939184683201
613 1.1920598827159141 -2.0928405884505787 47.9395349529733465
614 2.3836276142901940 -2.0818737874587687 47.8955542919119495
615 3.5742101078830788 -2.0635711679631128 47.8222406014132488
616 4.7633124722562901 -2.0378983202830896 47.7195748590432771
617 5.9504372217287811 -2.0048115981077754 47.5875301662773538
618 7.1350833594863223 -1.9642613098610957 47.4260715531000372
619 8.3167452877804866 -1.9161944986151984 47.2351558318765115
620 9.4949116089046068 -1.8605566418023378 47.0147315479067061
621 10.6690638199963299 -1.7972923571667356 46.7647390390207960
622 11.8386751095839671 -1.7263448180477026 46.4851105755264058
623 13.0032092308553811 -1.6476543064870266 46.1757705402401726
624 14.1621195465544645 -1.5611558756141748 45.8366355907710101
625 15.3148480320383698 -1.4667767707763100 45.4676148006499332
626 16.4608242708365715 -1.3644336989490196 45.0686097523077578
627 17.5994642071790572 -1.2540305676763801 44.6395146362004809
628 18.7301687496668023 -1.1354567524526826 44.1802163481836558
629 19.8523220948624690 -1.0085861769866749 43.6905946556627569
630 -19.3894947368610566 -0.0397018491448173 43.9095196695706491
631 -18.2578794802880395 -0.1604686163609158 44.3917119145729799
632 -17.1178678209656780 -0.2730991225360999 44.8431044658286098
633 -15.9700792948681958 -0.3777175990607703 45.2638254761015801
634 -14.8151173755089296 -0.4744322103922212 45.6539944717615640
635 -13.6535709777833461 -0.5633366138750060 46.0137224250994521
636 -12.4860157692226696 -0.6445121265512579 46.3431118326062759
637 -11.3130152150644339 -0.7180305032675909 46.6422567951004936
638 -10.1351215696622319 -0.7839567110962420 46.9112430302512351
639 -8.9528767656142101 -0.8423515338047705 47.1501478419020685
640 -7.7668134591791249 -0.8932734314976697 47.3590400163146725
641 -6.5774561389893158 -0.9367795508851031 47.5379797089938947
642 -5.3853224254197221 -0.9729256047856144 47.6870183398147063
643 -4.1909243093735444 -1.0017647171331401 47.8061985613226597
644 -2.9947693945573142 -1.0233451734080190 47.8955542919119495
645 -1.7973619694243423 -1.0377074168417073 47.9551108148849892
646 -0.5992039955866272 -1.0448807982648025 47.9848848981540286
647 0.5992039955866272 -1.0448807982648025 47.9848848981540286
648 1.7973619693926175 -1.0377074168966562 47.9551108148849892
649 2.9947693945573142 -1.0233451734080190 47.8955542919119495
650 4.1909243093735444 -1.0017647171331401 47.8061985613226597
651 5.3853224254197212 -0.9729256047856136 47.6870183398147063
652 6.5774561389893167 -0.9367795508851028 47.5379797089938876
653 7.7668134591791249 -0.8932734314976697 47.3590400163146725
654 8.9528767656142101 -0.8423515338047705 47.1501478419020685
655 10.1351215696622319 -0.7839567110962420 46.9112430302512351
656 11.3130152150644339 -0.7180305032675909 46.6422567951004936
657 12.4860157692226643 -0.6445121265512580 46.3431118326062688
658 13.6535709777833461 -0.5633366138750066 46.0137224250994521
659 14.8151173755089296 -0.4744322103922207 45.6539944717615640
660 15.9700792948681958 -0.3777175990607701 45.2638254761015801
661 17.1178678209656780 -0.2730991225361008 44.8431044658286098
662 18.2578794802880395 -0.1604686163609153 44.3917119145729799
663 19.3894947368610566 -0.0397018491448173 43.9095196695706491
664 -18.9174578938202664 0.9273857308439085 44.1052121924582110
665 -17.7764791815349383 0.8127031605248453 44.5795502610931251
666 -16.6272691080995791 0.7059867241917274 45.0226110388114051
667 -15.4704514445963923 0.6071153112877896 45.4345302946909015
668 -14.3066343959987332 0.5159839613799255 45.8154337839425594
669 -13.1364119957816055 0.4325018154293696 46.1654375269718003
670 -11.9603651902673427 0.3565893676061503 46.4846480952405585
671 -10.7790628358272933 0.2881755451920216 46.7731628098468448
672 -9.5930625672674559 0.2271948330101846 47.0310698696972551
673 -8.4029117650610115 0.1735850639189553 47.2584483673997013
674 -7.2091486069244741 0.1272859676329385 47.4553682384377140
675 -6.0123032904339775 0.0882388423843229 47.6218901667135839
676 -4.8128992842870684 0.0563871471674387 47.7580655069794844
677 -3.6114546092316839 0.0316782709940498 47.8639362369269250
678 -2.4084830570273317 0.0140661529610077 47.9395349529733465
679 -1.2044953130171958 0.0035145169052433 47.9848848981540286
680 -0.0000000000317536 -0.0000000000183335 48.0000000000000000
681 1.2044953130171958 0.0035145169052433 47.9848848981540286
682 2.4084830570273317 0.0140661529610077 47.9395349529733465
683 3.6114546092316839 0.0316782709940498 47.8639362369269250
684 4.8128992842870684 0.0563871471674381 47.7580655069794844
685 6.0123032904339775 0.0882388423843229 47.6218901667135839
686 7.2091486069244741 0.1272859676329390 47.4553682384377140
687 8.4029117650610115 0.1735850639189558 47.2584483673997013
688 9.5930625672674559 0.2271948330101846 47.0310698696972551
689 10.7790628358272933 0.2881755451920216 46.7731628098468448
690 11.9603651902673427 0.3565893676061509 46.4846480952405585
691 13.1364119957816055 0.4325018154293696 46.1654375269718003
692 14.3066343959987332 0.5159839613799259 45.8154337839425594
693 15.4704514445963923 0.6071153112877907 45.4345302946909015
694 16.6272691080995791 0.7059867241917280 45.0226110388114051
695 17.7764791815349383 0.8127031605248456 44.5795502610931251
696 18.9174578938202664 0.9273857308439076 44.1052121924582110
697 -18.4364154687669952 1.8923688311642650 44.2777317042082359
698 -17.2861783247274623 1.7837434394578235 44.7437850239328014
699 -16.1278854369672615 1.6829053556195313 45.1780825278816636
700 -14.9621651537925473 1.5897374678842027 45.5807673113764196
701 -13.7896306392124419 1.5041384724485030 45.9519711687082477
702 -12.6108810222548655 1.4260201855462344 46.2918151110209450
703 -11.4265024012918719 1.3553045611382297 46.6004097881105466
704 -10.2370687038647823 1.2919205971787775 46.8778558119176125
705 -9.0431426164655608 1.2358017717366403 47.1242439260221673
706 -7.8452765766170938 1.1868842140756934 47.3396550610453986
707 -6.6440139541597985 1.1451058993874934 47.5241602877538298
708 -5.4398902481320892 1.1104067903734811 47.6778207434879491
709 -4.2334343930155347 1.0827300686157426 47.8006875352075724
710 -3.0251700291935664 1.0620243788520130 47.8928016565453518
711 -1.8156167608974469 1.0482468256493371 47.9541939184683201
712 -0.6052913174305687 1.0413662813595590 47.9848848981540286
713 0.6052913174305687 1.0413662813595590 47.9848848981540286
714 1.8156167608974469 1.0482468256493371 47.9541939184683201
715 3.0251700291935668 1.0620243788520132 47.8928016565453518
716 4.2334343930155347 1.0827300686157426 47.8006875352075724
717 5.4398902481320910 1.1104067903734811 47.6778207434879562
718 6.6440139541597985 1.1451058993874941 47.5241602877538298
719 7.8452765766170938 1.1868842140756934 47.3396550610453986
720 9.0431426164655608 1.2358017717366403 47.1242439260221673
721 10.2370687038647823 1.2919205971787764 46.8778558119176125
722 11.4265024012918719 1.3553045611382293 46.6004097881105466
723 12.6108810222548655 1.4260201855462356 46.2918151110209450
724 13.7896306392124419 1.5041384724485023 45.9519711687082477
725 14.9621651537925473 1.5897374678842033 45.5807673113764196
726 16.1278854369672615 1.6829053556195319 45.1780825278816636
727 17.2861783247274658 1.7837434394578235 44.7437850239328014
728 18.4364154687669952 1.8923688311642650 44.2777317042082359
729 -17.9465653225357649 2.8549460034002858 44.4271322104142286
730 -16.7871818675117801 2.7523437220028746 44.8844642274254539
731 -15.6199290795682817 2.6573418398458988 45.3095613518323717
732 -14.4454400704529604 2.5698277879647380 45.7025737383700985
733 -13.2643328819101232 2.4897038491822916 46.0636391087508912
734 -12.0772115293061439 2.4168841489469801 46.3928834271697781
735 -10.8846668550673424 2.3512914279877917 46.6904214595977862
736 -9.6872774338892089 2.2928541764287602 46.9563571377134679
737 -8.4856105418056114 2.2415044193687446 47.1907837577502889
738 -7.2802232878867370 2.1971764953160884 47.3937840262511898
739 -6.0716637899610815 2.1598067056162176 47.5654300287094074
740 -4.8604724430639976 2.1293340956515925 47.7057831288755949
741 -3.6471832437993621 2.1057022275914550 47.8148938356540327
742 -2.4323251061210169 2.0888619066229350 47.8928016565453518
743 -1.2164231743114176 2.0787744354895707 47.9395349529733465
744 -0.0000000000317250 2.0754148337383636 47.9551108148849892
745 1.2164231743114176 2.0787744354895707 47.9395349529733465
746 2.4323251061210174 2.0888619066229355 47.8928016565453518
747 3.6471832437993621 2.1057022275914550 47.8148938356540327
748 4.8604724430639976 2.1293340956515934 47.7057831288755949
749 6.0716637899610815 2.1598067056162176 47.5654300287094074
750 7.2802232878867370 2.1971764953160884 47.3937840262511898
751 8.4856105418056114 2.2415044193687437 47.1907837577502889
752 9.6872774338892089 2.2928541764287593 46.9563571377134679
753 10.8846668550673424 2.3512914279877926 46.6904214595977862
754 12.0772115293061439 2.4168841489469792 46.3928834271697781
755 13.2643328819101232 2.4897038491822912 46.0636391087508912
756 14.4454400704529604 2.5698277879647389 45.7025737383700985
757 15.6199290795682817 2.6573418398458992 45.3095613518323717
758 16.7871818675117801 2.7523437220028746 44.8844642274254539
759 17.9465653225357649 2.8549460034002849 44.4271322104142286
760 -17.4480991543055026 3.8148220401456805 44.5534619160345642
761 -16.2796889750670886 3.7182018591152222 45.0016299905897981
762 -15.1036067582854212 3.6289874115728504 45.4170839360886376
763 -13.9204902354052429 3.5470706631242979 45.7999808003976199
764 -12.7309620311736520 3.4723571195688439 46.1504641557914823
765 -11.5356305487371831 3.4047625027031243 46.4686649274888097
766 -10.3350908537109198 3.3442096645390587 46.7547019963248616
767 -9.1299256322275379 3.2906260346125906 47.0086825836496374
768 -7.9207063049784203 3.2439419688286946 47.2307024310791661
769 -6.7079941668651344 3.2040899631936846 47.4208458567017246
770 -5.4923416497205304 3.1710049299475416 47.5791856901417844
771 -4.2742936415106421 3.1446255622618384 47.7057831288755949
772 -3.0543889413702687 3.1248966952983372 47.8006875352075724
773 -1.8331614920446562 3.1117723007120155 47.8639362369269250
774 -0.6111417802671201 3.1052189608667877 47.8955542919119495
775 0.6111417802671201 3.1052189608667877 47.8955542919119495
776 1.8331614920446562 3.1117723007120155 47.8639362369269250
777 3.0543889413702687 3.1248966952983372 47.8006875352075724
778 4.2742936415106421 3.1446255622618389 47.7057831288755949
779 5.4923416497205304 3.1710049299475425 47.5791856901417987
780 6.7079941668651344 3.2040899631936854 47.4208458567017246
781 7.9207063049784203 3.2439419688286941 47.2307024310791661
782 9.1299256322275379 3.2906260346125906 47.0086825836496374
783 10.3350908537109198 3.3442096645390595 46.7547019963248616
784 11.5356305487371831 3.4047625027031252 46.4686649274888097
785 12.7309620311736502 3.4723571195688434 46.1504641557914894
786 13.9204902354052429 3.5470706631242992 45.7999808003976199
787 15.1036067582854212 3.6289874115728495 45.4170839360886376
788 16.2796889750670886 3.7182018591152226 45.0016299905897981
789 17.4480991543055026 3.8148220401456792 44.5534619160345642
790 -16.9412024718874008 4.7717077065768319 44.6567628066512583
791 -15.7638928150350281 4.6810215221678204 45.0953181696846244
792 -14.5791190851853170 4.5975384418472940 45.5006805111277544
793 -13.3875232529353436 4.5211546189648608 45.8730136579615646
794 -12.1897319381485083 4.4517780504462285 46.2124670134115192
795 -10.9863573144796369 4.3893253047864418 46.5191764364690954
796 -9.7779980614509405 4.3337187068771534 46.7932648580960304
797 -8.5652404698943077 4.2848842959779523 47.0348426409929203
798 -7.3486595745061356 4.2427505835240371 47.2440077675891743
799 -6.1288203875690463 4.2072483753461931 47.4208458567017246
800 -4.9062793693081632 4.1783117325362920 47.5654300287094074
801 -3.6815856130642226 4.1558797534948848 47.6778207434879562
802 -2.4552823440374665 4.1398994724648244 47.7580655069794844
803 -1.2279084610345414 4.1303292758218140 47.8061985613226597
804 -0.0000000000316416 4.1271423358714214 47.8222406014132488
805 1.2279084610345414 4.1303292758218140 47.8061985613226597
806 2.4552823440374665 4.1398994724648244 47.7580655069794844
807 3.6815856130642226 4.1558797534948839 47.6778207434879562
808 4.9062793693081632 4.1783117325362911 47.5654300287094074
809 6.1288203875690463 4.2072483753461940 47.4208458567017246
810 7.3486595745061356 4.2427505835240380 47.2440077675891743
811 8.5652404698943077 4.2848842959779514 47.0348426409929203
812 9.7779980614509405 4.3337187068771534 46.7932648580960304
813 10.9863573144796369 4.3893253047864427 46.5191764364690954
814 12.1897319381485083 4.4517780504462294 46.2124670134115192
815 13.3875232529353436 4.5211546189648599 45.8730136579615646
816 14.5791190851853170 4.5975384418472931 45.5006805111277544
817 15.7638928150350281 4.6810215221678204 45.0953181696846244
818 16.9412024718874008 4.7717077065768319 44.6567628066512583
819 -16.4260546782258459 5.7253192257559569 44.7370701708451648
820 -15.2399803219589511 5.6405111777111969 45.1655580441603703
821 -14.0466600860348052 5.5626950840479665 45.5603749307367423
822 -12.8467395072783628 5.4917705540571973 45.9216913910378892
823 -11.6408484905844496 5.4276472744749844 46.2496626093979444
824 -10.4296022996035056 5.3702419578778748 46.5444292819876893
825 -9.2136026592677069 5.3194759755344618 46.8061182045984978
826 -7.9934388875410578 5.2752736884620575 47.0348426409929203
827 -6.7696893058973657 5.2375618916125406 47.2307024310791661
828 -5.5429223054851615 5.2062700648749409 47.3937840262511898
829 -4.3136977759728969 5.1813319177069364 47.5241602877538298
830 -3.0825687243223419 5.1626879635804332 47.6218901667135839
831 -1.8500829229731797 5.1502888303763132 47.6870183398147063
832 -0.6167845204333554 5.1440987672787513 47.7195748590432771
833 0.6167845204333554 5.1440987672787513 47.7195748590432771
834 1.8500829229731797 5.1502888303763132 47.6870183398147063
835 3.0825687243223419 5.1626879635804324 47.6218901667135839
836 4.3136977759728969 5.1813319177069372 47.5241602877538298
837 5.5429223054851615 5.2062700648749409 47.3937840262511898
838 6.7696893058973657 5.2375618916125388 47.2307024310791661
839 7.9934388875410578 5.2752736884620566 47.0348426409929203
840 9.2136026592677069 5.3194759755344636 46.8061182045984978
841 10.4296022996035056 5.3702419578778748 46.5444292819876893
842 11.6408484905844496 5.4276472744749844 46.2496626093979444
843 12.8467395072783628 5.4917705540571973 45.9216913910378892
844 14.0466600860348052 5.5626950840479665 45.5603749307367423
845 15.2399803219589511 5.6405111777111960 45.1655580441603703
846 16.4260546782258459 5.7253192257559569 44.7370701708451648
847 -15.9028294121655218 6.6753772995649561 44.7944120911974508
848 -14.7081323124492389 6.5963827578490566 45.2123719615708524
849 -13.5064170427490975 6.5241595489033193 45.5961844987910254
850 -12.2983319096185646 6.4586099062384577 45.9460269263828351
851 -11.0845093564502157 6.3996444607814587 46.2620600827757897
852 -9.8655671097930728 6.3471795638863000 46.5444292819876964
853 -8.6421095237369325 6.3011353659329323 46.7932648580960304
854 -7.4147285564427232 6.2614345148654547 47.0086825836496374
855 -6.1840050407712273 6.2280020861403225 47.1907837577502889
856 -4.9505101690488242 6.2007667080275715 47.3396550610453986
857 -3.7148071849776456 6.1796628494373200 47.4553682384377140
858 -2.4774531806823816 6.1646338840852080 47.5379797089938947
859 -1.2390008371013788 6.1556355966955101 47.5875301662773538
860 0.0000000000000000 6.1526394877780106 47.6040442329581310
861 1.2390008371013788 6.1556355966955101 47.5875301662773538
862 2.4774531806823825 6.1646338840852071 47.5379797089938876
863 3.7148071849776456 6.1796628494373200 47.4553682384377140
864 4.9505101690488242 6.2007667080275706 47.3396550610453986
865 6.1840050407712273 6.2280020861403216 47.1907837577502889
866 7.4147285564427232 6.2614345148654547 47.0086825836496374
867 8.6421095237369325 6.3011353659329323 46.7932648580960304
868 9.8655671097930728 6.3471795638863000 46.5444292819876964
869 11.0845093564502157 6.3996444607814578 46.2620600827757897
870 12.2983319096185646 6.4586099062384568 45.9460269263828351
871 13.5064170427490975 6.5241595489033175 45.5961844987910254
872 14.7081323124492425 6.5963827578490575 45.2123719615708524
873 15.9028294121655218 6.6753772995649578 44.7944120911974508
874 -15.3716950969894040 7.6216058058051201 44.8288089824624905
875 -14.1685238025813831 7.5483499736673565 45.2357750672045071
876 -12.9585707486582926 7.4816343100506755 45.6081198056079700
877 -11.7424862067456157 7.4213629047832343 45.9460269263828351
878 -10.5209046677689280 7.3674468772143769 46.2496626093979444
879 -9.2944458766587505 7.3198018769991275 46.5191764364690954
880 -8.0637159519277208 7.2783463974643272 46.7547019963248616
881 -6.8293086809051555 7.2430012630414025 46.9563571377134679
882 -5.5918070365985288 7.2136903500365328 47.1242439260221673
883 -4.3517849576018683 7.1903425223424957 47.2584483673997013
884 -3.1098092453868831 7.1728944778528492 47.3590400163146725
885 -1.8664414857325560 7.1612941023653196 47.4260715531000372
886 -0.6222397634117052 7.1555038614886266 47.4595784027318430
887 0.6222397634117052 7.1555038614886266 47.4595784027318430
888 1.8664414857325560 7.1612941023653187 47.4260715531000372
889 3.1098092453868831 7.1728944778528492 47.3590400163146725
890 4.3517849576018683 7.1903425223424957 47.2584483673997013
891 5.5918070365985288 7.2136903500365328 47.1242439260221673
892 6.8293086809051555 7.2430012630414025 46.9563571377134679
893 8.0637159519277208 7.2783463974643281 46.7547019963248616
894 9.2944458766587505 7.3198018769991284 46.5191764364690954
895 10.5209046677689280 7.3674468772143786 46.2496626093979444
896 11.7424862067456157 7.4213629047832343 45.9460269263828351
897 12.9585707486582926 7.4816343100506746 45.6081198056079700
898 14.1685238025813849 7.5483499736673574 45.2357750672045000
899 15.3716950969894040 7.6216058058051219 44.8288089824624905
900 -14.8328157299974759 8.5637301545541575 44.8402732302103573
901 -13.6213247351422222 8.4961265603262941 45.2357750672045071
902 -12.4032964290676446 8.4348204986761512 45.5961844987910254
903 -11.1793825652080550 8.3797174920756454 45.9216913910378892
904 -9.9502188527706519 8.3307284985360166 46.2124670134115192
905 -8.7164260955621824 8.2877678525266631 46.4686649274888097
906 -7.4786115358716900 8.2507522942248936 46.6904214595977862
907 -6.2373704087615733 8.2196012592441505 46.8778558119176125
908 -4.9932877806291120 8.1942384668420924 47.0310698696972551
909 -3.7469405556153861 8.1745944828757509 47.1501478419020685
910 -2.4988995294974985 8.1606099453300232 47.2351558318765115
911 -1.2497313036007522 8.1522388841226494 47.2861414459352929
912 -0.0000000000312937 8.1494519415981959 47.3031334379825381
913 1.2497313036007522 8.1522388841226494 47.2861414459352929
914 2.4988995294974985 8.1606099453300232 47.2351558318765115
915 3.7469405556153861 8.1745944828757509 47.1501478419020685
916 4.9932877806291120 8.1942384668420924 47.0310698696972551
917 6.2373704087615733 8.2196012592441487 46.8778558119176125
918 7.4786115358716900 8.2507522942248972 46.6904214595977862
919 8.7164260955621824 8.2877678525266649 46.4686649274888097
920 9.9502188527706519 8.3307284985360166 46.2124670134115192
921 11.1793825652080550 8.3797174920756454 45.9216913910378892
922 12.4032964290676428 8.4348204986761512 45.5961844987910183
923 13.6213247351422240 8.4961265603262959 45.2357750672045000
924 14.8328157299974759 8.5637301545541575 44.8402732302103573
925 -14.2863517939529014 9.5014755503189630 44.8288089824624905
926 -13.0667011976075589 9.4394248458792749 45.2123719615708524
927 -11.8407652993097550 9.3834169308070656 45.5603749307367423
928 -10.6091963809285925 9.3333579213144624 45.8730136579615646
929 -9.3726304921452055 9.2891579738270966 46.1504641557914823
930 -8.1316888356450878 9.2507299167839410 46.3928834271697781
931 -6.8869793804565616 9.2179890753535378 46.6004097881105466
932 -5.6390987607993681 9.1908544722191543 46.7731628098468448
933 -4.3886343575544711 9.1692511053192263 46.9112430302512351
934 -3.1361664874716135 9.1531129809003353 47.0147315479067061
935 -1.8822704697709343 9.1423863861828245 47.0836896286215776
936 -0.6275185534282051 9.1370331073455944 47.1181583517477165
937 0.6275185534282051 9.1370331073455944 47.1181583517477165
938 1.8822704697709343 9.1423863861828245 47.0836896286215776
939 3.1361664874716135 9.1531129809003335 47.0147315479067061
940 4.3886343575544711 9.1692511053192263 46.9112430302512351
941 5.6390987607993681 9.1908544722191561 46.7731628098468448
942 6.8869793804565616 9.2179890753535361 46.6004097881105466
943 8.1316888356450878 9.2507299167839427 46.3928834271697781
944 9.3726304921452037 9.2891579738270931 46.1504641557914894
945 10.6091963809285925 9.3333579213144606 45.8730136579615646
946 11.8407652993097550 9.3834169308070656 45.5603749307367423
947 13.0667011976075607 9.4394248458792767 45.2123719615708524
948 14.2863517939529014 9.5014755503189630 44.8288089824624905
949 -13.7324610273519809 10.4345656132032172 44.7944120911974508
950 -12.5048161312074537 10.3779545231358057 45.1655580441603703
951 -11.2711446281079386 10.3271182716453858 45.5006805111277544
952 -10.0320984209867810 10.2819628454320124 45.7999808003976199
953 -8.7883132222468259 10.2423973153962766 46.0636391087508912
954 -7.5404102181198720 10.2083332366026678 46.2918151110209450
955 -6.2889980462000254 10.1796854095075453 46.4846480952405585
956 -5.0346749510103574 10.1563738212794714 46.6422567951004936
957 -3.7780310706641589 10.1383264812976375 46.7647390390207960
958 -2.5196506549031863 10.1254825897748439 46.8521713787249396
959 -1.2601141607315134 10.1177957823793534 46.9046087373937084
960 -0.0000000000310438 10.1152368627174170 46.9220841737781598
961 1.2601141607315134 10.1177957823793570 46.9046087373937084
962 2.5196506549031863 10.1254825897748439 46.8521713787249396
963 3.7780310706641589 10.1383264812976375 46.7647390390207960
964 5.0346749510103574 10.1563738212794696 46.6422567951004936
965 6.2889980462000254 10.1796854095075453 46.4846480952405585
966 7.5404102181198720 10.2083332366026678 46.2918151110209450
967 8.7883132222468259 10.2423973153962766 46.0636391087508912
968 10.0320984209867810 10.2819628454320124 45.7999808003976199
969 11.2711446281079386 10.3271182716453858 45.5006805111277544
970 12.5048161312074537 10.3779545231358057 45.1655580441603703
971 13.7324610273519809 10.4345656132032172 44.7944120911974508
972 -13.1712992333930341 11.3627210224178281 44.7370701708451648
973 -11.9358299613765464 11.3114208792714113 45.0953181696846244
974 -10.6945986675787310 11.2656134356590840 45.4170839360886376
975 -9.4482561829551130 11.2252041758755663 45.7025737383700985
976 -8.1974374475561422 11.1901012061379728 45.9519711687082477
977 -6.9427635572355246 11.1602155952108237 46.1654375269718003
978 -5.6848440099708153 11.1354629114755639 46.3431118326062759
979 -4.4242790866710484 11.1157658010740885 46.4851105755264058
980 -3.1616621815842785 11.1010570489101283 46.5915273912154859
981 -1.8975820608480012 11.0912828039721365 46.6624327278878539
982 -0.6326247896626103 11.0864054043908276 46.6978736248771611
983 0.6326247896626103 11.0864054043908276 46.6978736248771611
984 1.8975820608480012 11.0912828039721365 46.6624327278878539
985 3.1616621815842785 11.1010570489101283 46.5915273912154859
986 4.4242790866710484 11.1157658010740903 46.4851105755264058
987 5.6848440099708135 11.1354629114755586 46.3431118326062688
988 6.9427635572355246 11.1602155952108237 46.1654375269718003
989 8.1974374475561422 11.1901012061379728 45.9519711687082477
990 9.4482561829551130 11.2252041758755663 45.7025737383700985
991 10.6945986675787328 11.2656134356590840 45.4170839360886447
992 11.9358299613765464 11.3114208792714113 45.0953181696846244
993 13.1712992333930341 11.3627210224178281 44.7370701708451648
994 -12.6030213292732185 12.2856578580217999 44.6567628066512583
995 -11.3599017539258575 12.2395232885599441 45.0016299905897981
996 -10.1112900796299687 12.1985844682944666 45.3095613518323717
997 -8.8578356094319428 12.1627463848605473 45.5807673113764196
998 -7.6001724164997118 12.1319168489011791 45.8154337839425594
999 -6.3389216703940132 12.1060076260718201 46.0137224250994521
1000 -5.0746941293550920 12.0849366778885834 46.1757705402401726
1001 -3.8080925780091310 12.0686310499458873 46.3016908492291890
1002 -2.5397142092965446 12.0570300803888113 46.3915711889099143
1003 -1.2701527237149175 12.0500882870822235 46.4454743148561633
1004 -0.0000000000000011 12.0477775476226583 46.4634378427059502
1005 1.2701527237149175 12.0500882870822235 46.4454743148561633
1006 2.5397142092965446 12.0570300803888113 46.3915711889099143
1007 3.8080925780091310 12.0686310499458873 46.3016908492291890
1008 5.0746941293550920 12.0849366778885816 46.1757705402401726
1009 6.3389216703940132 12.1060076260718219 46.0137224250994521
1010 7.6001724164997118 12.1319168489011791 45.8154337839425594
1011 8.8578356094319428 12.1627463848605473 45.5807673113764196
1012 10.1112900796299687 12.1985844682944666 45.3095613518323717
1013 11.3599017539258575 12.2395232885599405 45.0016299905897981
1014 12.6030213292732185 12.2856578580217999 44.6567628066512583
1015 -12.0277823748356880 13.2030860953055065 44.5534619160345642
1016 -10.7771905169569919 13.1619540942132573 44.8844642274254539
1017 -9.5213815086150309 13.1257058199289798 45.1780825278816636
1018 -8.2610030048999210 13.0942463033902481 45.4345302946909015
1019 -6.9966883411812004 13.0674841124350873 45.6539944717615640
1020 -5.7290591257280168 13.0453332365554076 45.8366355907710101
1021 -4.4587278035335594 13.0277157139381163 45.9825876789334984
1022 -3.1863001579843186 13.0145647577685200 46.0919580346623974
1023 -1.9123775417272226 13.0058277171605035 46.1648270605385989
1024 -0.6375587321159411 13.0014683996770781 46.2012482333031897
1025 0.6375587321159411 13.0014683996770781 46.2012482333031897
1026 1.9123775417272226 13.0058277171605035 46.1648270605385989
1027 3.1863001579843186 13.0145647577685200 46.0919580346623974
1028 4.4587278035335594 13.0277157139381163 45.9825876789334984
1029 5.7290591257280168 13.0453332365554076 45.8366355907710101
1030 6.9966883411812004 13.0674841124350873 45.6539944717615640
1031 8.2610030048999210 13.0942463033902481 45.4345302946909015
1032 9.5213815086150309 13.1257058199289780 45.1780825278816636
1033 10.7771905169569919 13.1619540942132573 44.8844642274254539
1034 12.0277823748356880 13.2030860953055065 44.5534619160345642
1035 -11.4457384266453861 14.1147084782926999 44.4271322104142286
1036 -10.1878562947680358 14.0783978438330006 44.7437850239328156
1037 -8.9250369919343822 14.0466440810785951 45.0226110388114051
1038 -7.6579266111910034 14.0193531693381175 45.2638254761015801
1039 -6.3871580708459961 13.9964358362315018 45.4676148006499403
1040 -5.1133537959435928 13.9778098910582536 45.6341368232920956
1041 -3.8371283598524042 13.9634031753202024 45.7635206000748411
1042 -2.5590908462142625 13.9531565367321182 45.8558663281184948
1043 -1.2798468483221486 13.9470263179917637 45.9112453428360539
1044 0.0000000000000000 13.9449858932812631 45.9297002868099185
1045 1.2798468483221486 13.9470263179917637 45.9112453428360539
1046 2.5590908462142625 13.9531565367321182 45.8558663281184948
1047 3.8371283598524042 13.9634031753202024 45.7635206000748411
1048 5.1133537959435928 13.9778098910582536 45.6341368232920956
1049 6.3871580708459970 13.9964358362315036 45.4676148006499332
1050 7.6579266111910034 14.0193531693381175 45.2638254761015801
1051 8.9250369919343822 14.0466440810785951 45.0226110388114051
1052 10.1878562947680358 14.0783978438330006 44.7437850239328014
1053 11.4457384266453861 14.1147084782926999 44.4271322104142286
1054 -10.8570472155016162 15.0202197350944768 44.2777317042082359
1055 -9.5920611735178873 14.9885309807920386 44.5795502610931251
1056 -8.3224231326153379 14.9610579528485044 44.8431044658286098
1057 -7.0487778903488660 14.9377088352504401 45.0686097523077578
1058 -5.7717582684932678 14.9183979965625593 45.2562504821846403
1059 -4.4919878904736787 14.9030487208340130 45.4061800156794249
1060 -3.2100836974555893 14.8915961007766011 45.5185207165903449
1061 -1.9266580952075241 14.8839896405503715 45.5933640014000403
1062 -0.6423206379444120 14.8801950387637731 45.6307705370665531
1063 0.6423206379444120 14.8801950387637731 45.6307705370665531
1064 1.9266580952075241 14.8839896405503715 45.5933640014000403
1065 3.2100836974555893 14.8915961007766011 45.5185207165903449
1066 4.4919878904736787 14.9030487208340130 45.4061800156794249
1067 5.7717582684932687 14.9183979965625593 45.2562504821846474
1068 7.0487778903488660 14.9377088352504401 45.0686097523077578
1069 8.3224231326153379 14.9610579528485044 44.8431044658286098
1070 9.5920611735178873 14.9885309807920386 44.5795502610931251
1071 10.8570472155016162 15.0202197350944768 44.2777317042082359
1072 -10.2618685489281560 15.9193062456488601 44.1052121924582110
1073 -8.9899698418653280 15.8920217573445264 44.3917119145729799
1074 -7.7137097748595629 15.8685983802502104 44.6395146362004809
1075 -6.4337321012857078 15.8489478455698922 44.8488343598503292
1076 -5.1506698595815683 15.8329897186618886 45.0198515831221400
1077 -3.8651480453840303 15.8206541609916833 45.1527134567299342
1078 -2.5777859322371683 15.8118845552335294 45.2475339272708652
1079 -1.2891989151253049 15.8066394936913976 45.3043939819717139
1080 -0.0000000000000021 15.8048939306849885 45.3233419756288143
1081 1.2891989151253049 15.8066394936913976 45.3043939819717139
1082 2.5777859322371683 15.8118845552335259 45.2475339272708510
1083 3.8651480453840303 15.8206541609916833 45.1527134567299342
1084 5.1506698595815683 15.8329897186618904 45.0198515831221400
1085 6.4337321012857078 15.8489478455698940 44.8488343598503292
1086 7.7137097748595629 15.8685983802502104 44.6395146362004809
1087 8.9899698418653280 15.8920217573445264 44.3917119145729799
1088 10.2618685489281560 15.9193062456488601 44.1052121924582110
1089 -9.6603645584938977 16.8116459332387542 43.9095196695706491
1090 -8.3817499823107990 16.7885303306072089 44.1802163481836558
1091 -7.0990703270904376 16.7689085804373725 44.4117879116790135
1092 -5.8129685353617413 16.7526973948460842 44.6044451462363938
1093 -4.5240779639979705 16.7398228691177522 44.7583628932764910
1094 -3.2330248861324167 16.7302230757617529 44.8736803251181655
1095 -1.9404305267510198 16.7238501725330160 44.9505012739293051
1096 -0.6469127149292606 16.7206718277378137 44.9888946026500847
1097 0.6469127149292606 16.7206718277378137 44.9888946026500847
1098 1.9404305267510198 16.7238501725330124 44.9505012739293051
1099 3.2330248861324167 16.7302230757617529 44.8736803251181655
1100 4.5240779639979705 16.7398228691177522 44.7583628932764910
1101 5.8129685353617413 16.7526973948460878 44.6044451462363938
1102 7.0990703270904376 16.7689085804373725 44.4117879116790135
1103 8.3817499823107990 16.7885303306072089 44.1802163481836558
1104 9.6603645584938977 16.8116459332387542 43.9095196695706491
1105 -9.0526997962549451 17.6969083467553396 43.6905946556627640
1106 -7.7675723084316832 17.6777087665304151 43.9450046444305045
1107 -6.4786817311936851 17.6616239757318887 44.1598655066537731
1108 -5.1866702147276547 17.6485769099340928 44.3353829930203531
1109 -3.8921712756103286 17.6385012029557835 44.4717244783091488
1110 -2.5958120368086579 17.6313433608426884 44.5690194099177788
1111 -1.2982150794383369 17.6270643820919837 44.6273597569596632
1112 -0.0000000000000010 17.6256406787465529 44.6468004527056195
1113 1.2982150794383369 17.6270643820919837 44.6273597569596632
1114 2.5958120368086579 17.6313433608426919 44.5690194099177788
1115 3.8921712756103286 17.6385012029557835 44.4717244783091488
1116 5.1866702147276547 17.6485769099340928 44.3353829930203531
1117 6.4786817311936868 17.6616239757318922 44.1598655066537660
1118 7.7675723084316832 17.6777087665304187 43.9450046444305045
1119 9.0526997962549451 17.6969083467553396 43.6905946556627640
1120 -8.4390413558691897 18.5747546600078017 43.4483724702600114
1121 -7.1476106423493029 18.5592009691173487 43.6860128816225242
1122 -5.8527243039708061 18.5463717897244926 43.8836838888785792
1123 -4.5550234668205416 18.5361972468146803 44.0415843589203106
1124 -3.2551413287711264 18.5286190575037999 44.1598724041593371
1125 -1.9537052292579216 18.5235922944031195 44.2386659426784732
1126 -0.6513384009668358 18.5210865507241706 44.2780432185977588
1127 0.6513384009668357 18.5210865507241706 44.2780432185977517
1128 1.9537052292579216 18.5235922944031195 44.2386659426784732
1129 3.2551413287711264 18.5286190575037999 44.1598724041593371
1130 4.5550234668205416 18.5361972468146803 44.0415843589203106
1131 5.8527243039708061 18.5463717897244926 43.8836838888785792
1132 7.1476106423493029 18.5592009691173487 43.6860128816225242
1133 8.4390413558691897 18.5747546600078017 43.4483724702600114
1134 -7.8195590147042662 19.4448376007858812 43.1827834616368946
1135 -6.5220418393492841 19.4326422956790239 43.4031725067876053
1136 -5.2213814301475168 19.4227703017182769 43.5831753061614506
1137 -3.9182173513945164 19.4151594868289941 43.7229819990382751
1138 -2.6131818079124844 19.4097598414433286 43.8227395736082315
1139 -1.3069016141998036 19.4065348387844381 43.8825524977962900
1140 -0.0000000000290445 19.4054623106784803 43.9024832157457467
1141 1.3069016141998036 19.4065348387844381 43.8825524977962900
1142 2.6131818079124844 19.4097598414433286 43.8227395736082315
1143 3.9182173513945164 19.4151594868289941 43.7229819990382751
1144 5.2213814301475168 19.4227703017182769 43.5831753061614506
1145 6.5220418393492841 19.4326422956790239 43.4031725067876053
1146 7.8195590147042662 19.4448376007858812 43.1827834616368946
1147 -7.1944255692889509 20.3068010800992020 42.8937532820484648
1148 -5.8910459124074066 20.2976588651901402 43.0964107861696135
1149 -4.5848394449139063 20.2904277430719198 43.2582684497142012
1150 -3.2764434460229439 20.2850535617650962 43.3795057641432109
1151 -1.9664883454167215 20.2814944931112571 43.4602566112216877
1152 -0.6555997313520240 20.2797221276812998 43.5006098740728504
1153 0.6555997313520240 20.2797221276812998 43.5006098740728504
1154 1.9664883454167215 20.2814944931112571 43.4602566112216877
1155 3.2764434460229439 20.2850535617650998 43.3795057641432109
1156 4.5848394449139063 20.2904277430719198 43.2582684497142012
1157 5.8910459124074066 20.2976588651901402 43.0964107861696135
1158 7.1944255692889509 20.3068010800992020 42.8937532820484648
1159 -6.5638173861511948 21.1602795275714755 42.5812032666562743
1160 -5.2548063361005521 21.1538665276614388 42.7656514190999175
1161 -3.9432878305029333 21.1489410310036128 42.9088892230146044
1162 -2.6298960324733045 21.1454568417080431 43.0110834763999321
1163 -1.3152588431682295 21.1433800992441157 43.0723527585196493
1164 -0.0000000000000020 21.1426901611580504 43.0927679866270665
1165 1.3152588431682295 21.1433800992441157 43.0723527585196493
1166 2.6298960324733045 21.1454568417080431 43.0110834763999321
1167 3.9432878305029333 21.1489410310036128 42.9088892230146044
1168 5.2548063361005521 21.1538665276614388 42.7656514190999175
1169 6.5638173861511948 21.1602795275714755 42.5812032666562743
1170 -5.9279152241780180 22.0048968967822347 42.2450509960272385
1171 -4.6135107419691339 22.0008696701444961 42.4108152761893038
1172 -3.2969198683238847 21.9978944491704453 42.5349616102448991
1173 -1.9787728352182496 21.9959328465148793 42.6176418432344803
1174 -0.6596943205600490 21.9949586758302544 42.6589568115763882
1175 0.6596943205600490 21.9949586758302544 42.6589568115764024
1176 1.9787728352182496 21.9959328465148793 42.6176418432344803
1177 3.2969198683238847 21.9978944491704453 42.5349616102448991
1178 4.6135107419691339 22.0008696701444961 42.4108152761893038
1179 5.9279152241780180 22.0048968967822347 42.2450509960272385
1180 -5.2869052360818936 22.8402655060035684 41.8852110492468910
1181 -3.9673518507191172 22.8382599520622733 42.0318212983285306
1182 -2.6459336147292749 22.8368584135923456 42.1364086403193880
1183 -1.3232760537843555 22.8360300737492636 42.1991074663469661
1184 -0.0000000000000010 22.8357560749421893 42.2199981582868062
1185 1.3232760537843555 22.8360300737492636 42.1991074663469661
1186 2.6459336147292749 22.8368584135923456 42.1364086403193880
1187 3.9673518507191172 22.8382599520622733 42.0318212983285306
1188 5.2869052360818936 22.8402655060035684 41.8852110492468910
1189 -4.6409800998849793 23.6659848056856887 41.5015959559331407
1190 -3.3165286241846461 23.6656151029304027 41.6285875293038998
1191 -1.9905330775740966 23.6653883236516194 41.7131534837376776
1192 -0.6636135534243235 23.6652809164096745 41.7554079874586677
1193 0.6636135534243235 23.6652809164096745 41.7554079874586677
1194 1.9905330775740966 23.6653883236516194 41.7131534837376776
1195 3.3165286241846461 23.6656151029304027 41.6285875293038998
1196 4.6409800998849793 23.6659848056856887 41.5015959559331407
1197 -3.9903401928848226 24.4816402021508495 41.0941173181451731
1198 -2.6612474592119280 24.4824977903882974 41.2010323160047847
1199 -1.3309294130140419 24.4830234846244750 41.2651207189425335
1200 -0.0000000000273146 24.4832005925782994 41.2864734355402874
1201 1.3309294130140419 24.4830234846244750 41.2651207189425335
1202 2.6612474592119280 24.4824977903882974 41.2010323160047847
1203 3.9903401928848226 24.4816402021508495 41.0941173181451731
1204 -3.3351948014427317 25.2868019519367024 40.6626871059938608
1205 -2.0017234066196137 25.2884545563735585 40.7490756895616073
1206 -0.6673420889622547 25.2892860434268094 40.7922378149328395
1207 0.6673420889622547 25.2892860434268094 40.7922378149328395
1208 2.0017234066196137 25.2884545563735585 40.7490756895616073
1209 3.3351948014427317 25.2868019519367024 40.6626871059938608
1210 -2.6757633711151452 26.0810241276314940 40.2072191383052697
1211 -1.3381813826802236 26.0830147753897315 40.2726409714318194
1212 -0.0000000000266568 26.0836799050834784 40.2944368692397035
1213 1.3381813826802236 26.0830147753897315 40.2726409714318194
1214 2.6757633711151452 26.0810241276314940 40.2072191383052697
1215 -2.0122768383330478 26.8638436152330584 39.7276307894418821
1216 -0.6708574213675670 26.8656896063445885 39.7716566451002222
1217 0.6708574213675670 26.8656896063445885 39.7716566451002222
1218 2.0122768383330478 26.8638436152330584 39.7276307894418821
1219 -1.3449790814663676 27.6347791162479943 39.2238449730084682
1220 -0.0000000000259660 27.6359709141435808 39.2460585490136893
1221 1.3449790814663676 27.6347791162479943 39.2238449730084682
1222 -0.6741285323623550 28.3933301329924390 38.6957924674086371
1223 0.6741285323623550 28.3933301329924390 38.6957924674086371
1224 0.0000000000000000 29.1389759139209339 38.1434146700047734
