0 1 65
65 66 1
1 2 66
66 67 2
2 3 67
67 68 3
3 4 68
68 69 4
4 5 69
69 70 5
5 6 70
70 71 6
6 7 71
71 72 7
7 8 72
72 73 8
8 9 73
73 74 9
9 10 74
74 75 10
10 11 75
75 76 11
11 12 76
76 77 12
12 13 77
77 78 13
13 14 78
78 79 14
14 15 79
79 80 15
15 16 80
80 81 16
16 17 81
81 82 17
17 18 82
82 83 18
18 19 83
83 84 19
19 20 84
84 85 20
20 21 85
85 86 21
21 22 86
86 87 22
22 23 87
87 88 23
23 24 88
88 89 24
24 25 89
89 90 25
25 26 90
90 91 26
26 27 91
91 92 27
27 28 92
92 93 28
28 29 93
93 94 29
29 30 94
94 95 30
30 31 95
95 96 31
31 32 96
96 97 32
32 33 97
97 98 33
33 34 98
98 99 34
34 35 99
99 100 35
35 36 100
100 101 36
36 37 101
101 102 37
37 38 102
102 103 38
38 39 103
103 104 39
39 40 104
104 105 40
40 41 105
105 106 41
41 42 106
106 107 42
42 43 107
107 108 43
43 44 108
108 109 44
44 45 109
109 110 45
45 46 110
110 111 46
46 47 111
111 112 47
47 48 112
112 113 48
48 49 113
113 114 49
49 50 114
114 115 50
50 51 115
115 116 51
51 52 116
116 117 52
52 53 117
117 118 53
53 54 118
118 119 54
54 55 119
119 120 55
55 56 120
120 121 56
56 57 121
121 122 57
57 58 122
122 123 58
58 59 123
123 124 59
59 60 124
124 125 60
60 61 125
125 126 61
61 62 126
126 127 62
62 63 127
127 128 63
63 64 128
65 66 129
129 130 66
66 67 130
130 131 67
67 68 131
131 132 68
68 69 132
132 133 69
69 70 133
133 134 70
70 71 134
134 135 71
71 72 135
135 136 72
72 73 136
136 137 73
73 74 137
137 138 74
74 75 138
138 139 75
75 76 139
139 140 76
76 77 140
140 141 77
77 78 141
141 142 78
78 79 142
142 143 79
79 80 143
143 144 80
80 81 144
144 145 81
81 82 145
145 146 82
82 83 146
146 147 83
83 84 147
147 148 84
84 85 148
148 149 85
85 86 149
149 150 86
86 87 150
150 151 87
87 88 151
151 152 88
88 89 152
152 153 89
89 90 153
153 154 90
90 91 154
154 155 91
91 92 155
155 156 92
92 93 156
156 157 93
93 94 157
157 158 94
94 95 158
158 159 95
95 96 159
159 160 96
96 97 160
160 161 97
97 98 161
161 162 98
98 99 162
162 163 99
99 100 163
163 164 100
100 101 164
164 165 101
101 102 165
165 166 102
102 103 166
166 167 103
103 104 167
167 168 104
104 105 168
168 169 105
105 106 169
169 170 106
106 107 170
170 171 107
107 108 171
171 172 108
108 109 172
172 173 109
109 110 173
173 174 110
110 111 174
174 175 111
111 112 175
175 176 112
112 113 176
176 177 113
113 114 177
177 178 114
114 115 178
178 179 115
115 116 179
179 180 116
116 117 180
180 181 117
117 118 181
181 182 118
118 119 182
182 183 119
119 120 183
183 184 120
120 121 184
184 185 121
121 122 185
185 186 122
122 123 186
186 187 123
123 124 187
187 188 124
124 125 188
188 189 125
125 126 189
189 190 126
126 127 190
190 191 127
127 128 191
129 130 192
192 193 130
130 131 193
193 194 131
131 132 194
194 195 132
132 133 195
195 196 133
133 134 196
196 197 134
134 135 197
197 198 135
135 136 198
198 199 136
136 137 199
199 200 137
137 138 200
200 201 138
138 139 201
201 202 139
139 140 202
202 203 140
140 141 203
203 204 141
141 142 204
204 205 142
142 143 205
205 206 143
143 144 206
206 207 144
144 145 207
207 208 145
145 146 208
208 209 146
146 147 209
209 210 147
147 148 210
210 211 148
148 149 211
211 212 149
149 150 212
212 213 150
150 151 213
213 214 151
151 152 214
214 215 152
152 153 215
215 216 153
153 154 216
216 217 154
154 155 217
217 218 155
155 156 218
218 219 156
156 157 219
219 220 157
157 158 220
220 221 158
158 159 221
221 222 159
159 160 222
222 223 160
160 161 223
223 224 161
161 162 224
224 225 162
162 163 225
225 226 163
163 164 226
226 227 164
164 165 227
227 228 165
165 166 228
228 229 166
166 167 229
229 230 167
167 168 230
230 231 168
168 169 231
231 232 169
169 170 232
232 233 170
170 171 233
233 234 171
171 172 234
234 235 172
172 173 235
235 236 173
173 174 236
236 237 174
174 175 237
237 238 175
175 176 238
238 239 176
176 177 239
239 240 177
177 178 240
240 241 178
178 179 241
241 242 179
179 180 242
242 243 180
180 181 243
243 244 181
181 182 244
244 245 182
182 183 245
245 246 183
183 184 246
246 247 184
184 185 247
247 248 185
185 186 248
248 249 186
186 187 249
249 250 187
187 188 250
250 251 188
188 189 251
251 252 189
189 190 252
252 253 190
190 191 253
192 193 254
254 255 193
193 194 255
255 256 194
194 195 256
256 257 195
195 196 257
257 258 196
196 197 258
258 259 197
197 198 259
259 260 198
198 199 260
260 261 199
199 200 261
261 262 200
200 201 262
262 263 201
201 202 263
263 264 202
202 203 264
264 265 203
203 204 265
265 266 204
204 205 266
266 267 205
205 206 267
267 268 206
206 207 268
268 269 207
207 208 269
269 270 208
208 209 270
270 271 209
209 210 271
271 272 210
210 211 272
272 273 211
211 212 273
273 274 212
212 213 274
274 275 213
213 214 275
275 276 214
214 215 276
276 277 215
215 216 277
277 278 216
216 217 278
278 279 217
217 218 279
279 280 218
218 219 280
280 281 219
219 220 281
281 282 220
220 221 282
282 283 221
221 222 283
283 284 222
222 223 284
284 285 223
223 224 285
285 286 224
224 225 286
286 287 225
225 226 287
287 288 226
226 227 288
288 289 227
227 228 289
289 290 228
228 229 290
290 291 229
229 230 291
291 292 230
230 231 292
292 293 231
231 232 293
293 294 232
232 233 294
294 295 233
233 234 295
295 296 234
234 235 296
296 297 235
235 236 297
297 298 236
236 237 298
298 299 237
237 238 299
299 300 238
238 239 300
300 301 239
239 240 301
301 302 240
240 241 302
302 303 241
241 242 303
303 304 242
242 243 304
304 305 243
243 244 305
305 306 244
244 245 306
306 307 245
245 246 307
307 308 246
246 247 308
308 309 247
247 248 309
309 310 248
248 249 310
310 311 249
249 250 311
311 312 250
250 251 312
312 313 251
251 252 313
313 314 252
252 253 314
254 255 315
315 316 255
255 256 316
316 317 256
256 257 317
317 318 257
257 258 318
318 319 258
258 259 319
319 320 259
259 260 320
320 321 260
260 261 321
321 322 261
261 262 322
322 323 262
262 263 323
323 324 263
263 264 324
324 325 264
264 265 325
325 326 265
265 266 326
326 327 266
266 267 327
327 328 267
267 268 328
328 329 268
268 269 329
329 330 269
269 270 330
330 331 270
270 271 331
331 332 271
271 272 332
332 333 272
272 273 333
333 334 273
273 274 334
334 335 274
274 275 335
335 336 275
275 276 336
336 337 276
276 277 337
337 338 277
277 278 338
338 339 278
278 279 339
339 340 279
279 280 340
340 341 280
280 281 341
341 342 281
281 282 342
342 343 282
282 283 343
343 344 283
283 284 344
344 345 284
284 285 345
345 346 285
285 286 346
346 347 286
286 287 347
347 348 287
287 288 348
348 349 288
288 289 349
349 350 289
289 290 350
350 351 290
290 291 351
351 352 291
291 292 352
352 353 292
292 293 353
353 354 293
293 294 354
354 355 294
294 295 355
355 356 295
295 296 356
356 357 296
296 297 357
357 358 297
297 298 358
358 359 298
298 299 359
359 360 299
299 300 360
360 361 300
300 301 361
361 362 301
301 302 362
362 363 302
302 303 363
363 364 303
303 304 364
364 365 304
304 305 365
365 366 305
305 306 366
366 367 306
306 307 367
367 368 307
307 308 368
368 369 308
308 309 369
369 370 309
309 310 370
370 371 310
310 311 371
371 372 311
311 312 372
372 373 312
312 313 373
373 374 313
313 314 374
315 316 375
375 376 316
316 317 376
376 377 317
317 318 377
377 378 318
318 319 378
378 379 319
319 320 379
379 380 320
320 321 380
380 381 321
321 322 381
381 382 322
322 323 382
382 383 323
323 324 383
383 384 324
324 325 384
384 385 325
325 326 385
385 386 326
326 327 386
386 387 327
327 328 387
387 388 328
328 329 388
388 389 329
329 330 389
389 390 330
330 331 390
390 391 331
331 332 391
391 392 332
332 333 392
392 393 333
333 334 393
393 394 334
334 335 394
394 395 335
335 336 395
395 396 336
336 337 396
396 397 337
337 338 397
397 398 338
338 339 398
398 399 339
339 340 399
399 400 340
340 341 400
400 401 341
341 342 401
401 402 342
342 343 402
402 403 343
343 344 403
403 404 344
344 345 404
404 405 345
345 346 405
405 406 346
346 347 406
406 407 347
347 348 407
407 408 348
348 349 408
408 409 349
349 350 409
409 410 350
350 351 410
410 411 351
351 352 411
411 412 352
352 353 412
412 413 353
353 354 413
413 414 354
354 355 414
414 415 355
355 356 415
415 416 356
356 357 416
416 417 357
357 358 417
417 418 358
358 359 418
418 419 359
359 360 419
419 420 360
360 361 420
420 421 361
361 362 421
421 422 362
362 363 422
422 423 363
363 364 423
423 424 364
364 365 424
424 425 365
365 366 425
425 426 366
366 367 426
426 427 367
367 368 427
427 428 368
368 369 428
428 429 369
369 370 429
429 430 370
370 371 430
430 431 371
371 372 431
431 432 372
372 373 432
432 433 373
373 374 433
375 376 434
434 435 376
376 377 435
435 436 377
377 378 436
436 437 378
378 379 437
437 438 379
379 380 438
438 439 380
380 381 439
439 440 381
381 382 440
440 441 382
382 383 441
441 442 383
383 384 442
442 443 384
384 385 443
443 444 385
385 386 444
444 445 386
386 387 445
445 446 387
387 388 446
446 447 388
388 389 447
447 448 389
389 390 448
448 449 390
390 391 449
449 450 391
391 392 450
450 451 392
392 393 451
451 452 393
393 394 452
452 453 394
394 395 453
453 454 395
395 396 454
454 455 396
396 397 455
455 456 397
397 398 456
456 457 398
398 399 457
457 458 399
399 400 458
458 459 400
400 401 459
459 460 401
401 402 460
460 461 402
402 403 461
461 462 403
403 404 462
462 463 404
404 405 463
463 464 405
405 406 464
464 465 406
406 407 465
465 466 407
407 408 466
466 467 408
408 409 467
467 468 409
409 410 468
468 469 410
410 411 469
469 470 411
411 412 470
470 471 412
412 413 471
471 472 413
413 414 472
472 473 414
414 415 473
473 474 415
415 416 474
474 475 416
416 417 475
475 476 417
417 418 476
476 477 418
418 419 477
477 478 419
419 420 478
478 479 420
420 421 479
479 480 421
421 422 480
480 481 422
422 423 481
481 482 423
423 424 482
482 483 424
424 425 483
483 484 425
425 426 484
484 485 426
426 427 485
485 486 427
427 428 486
486 487 428
428 429 487
487 488 429
429 430 488
488 489 430
430 431 489
489 490 431
431 432 490
490 491 432
432 433 491
434 435 492
492 493 435
435 436 493
493 494 436
436 437 494
494 495 437
437 438 495
495 496 438
438 439 496
496 497 439
439 440 497
497 498 440
440 441 498
498 499 441
441 442 499
499 500 442
442 443 500
500 501 443
443 444 501
501 502 444
444 445 502
502 503 445
445 446 503
503 504 446
446 447 504
504 505 447
447 448 505
505 506 448
448 449 506
506 507 449
449 450 507
507 508 450
450 451 508
508 509 451
451 452 509
509 510 452
452 453 510
510 511 453
453 454 511
511 512 454
454 455 512
512 513 455
455 456 513
513 514 456
456 457 514
514 515 457
457 458 515
515 516 458
458 459 516
516 517 459
459 460 517
517 518 460
460 461 518
518 519 461
461 462 519
519 520 462
462 463 520
520 521 463
463 464 521
521 522 464
464 465 522
522 523 465
465 466 523
523 524 466
466 467 524
524 525 467
467 468 525
525 526 468
468 469 526
526 527 469
469 470 527
527 528 470
470 471 528
528 529 471
471 472 529
529 530 472
472 473 530
530 531 473
473 474 531
531 532 474
474 475 532
532 533 475
475 476 533
533 534 476
476 477 534
534 535 477
477 478 535
535 536 478
478 479 536
536 537 479
479 480 537
537 538 480
480 481 538
538 539 481
481 482 539
539 540 482
482 483 540
540 541 483
483 484 541
541 542 484
484 485 542
542 543 485
485 486 543
543 544 486
486 487 544
544 545 487
487 488 545
545 546 488
488 489 546
546 547 489
489 490 547
547 548 490
490 491 548
492 493 549
549 550 493
493 494 550
550 551 494
494 495 551
551 552 495
495 496 552
552 553 496
496 497 553
553 554 497
497 498 554
554 555 498
498 499 555
555 556 499
499 500 556
556 557 500
500 501 557
557 558 501
501 502 558
558 559 502
502 503 559
559 560 503
503 504 560
560 561 504
504 505 561
561 562 505
505 506 562
562 563 506
506 507 563
563 564 507
507 508 564
564 565 508
508 509 565
565 566 509
509 510 566
566 567 510
510 511 567
567 568 511
511 512 568
568 569 512
512 513 569
569 570 513
513 514 570
570 571 514
514 515 571
571 572 515
515 516 572
572 573 516
516 517 573
573 574 517
517 518 574
574 575 518
518 519 575
575 576 519
519 520 576
576 577 520
520 521 577
577 578 521
521 522 578
578 579 522
522 523 579
579 580 523
523 524 580
580 581 524
524 525 581
581 582 525
525 526 582
582 583 526
526 527 583
583 584 527
527 528 584
584 585 528
528 529 585
585 586 529
529 530 586
586 587 530
530 531 587
587 588 531
531 532 588
588 589 532
532 533 589
589 590 533
533 534 590
590 591 534
534 535 591
591 592 535
535 536 592
592 593 536
536 537 593
593 594 537
537 538 594
594 595 538
538 539 595
595 596 539
539 540 596
596 597 540
540 541 597
597 598 541
541 542 598
598 599 542
542 543 599
599 600 543
543 544 600
600 601 544
544 545 601
601 602 545
545 546 602
602 603 546
546 547 603
603 604 547
547 548 604
549 550 605
605 606 550
550 551 606
606 607 551
551 552 607
607 608 552
552 553 608
608 609 553
553 554 609
609 610 554
554 555 610
610 611 555
555 556 611
611 612 556
556 557 612
612 613 557
557 558 613
613 614 558
558 559 614
614 615 559
559 560 615
615 616 560
560 561 616
616 617 561
561 562 617
617 618 562
562 563 618
618 619 563
563 564 619
619 620 564
564 565 620
620 621 565
565 566 621
621 622 566
566 567 622
622 623 567
567 568 623
623 624 568
568 569 624
624 625 569
569 570 625
625 626 570
570 571 626
626 627 571
571 572 627
627 628 572
572 573 628
628 629 573
573 574 629
629 630 574
574 575 630
630 631 575
575 576 631
631 632 576
576 577 632
632 633 577
577 578 633
633 634 578
578 579 634
634 635 579
579 580 635
635 636 580
580 581 636
636 637 581
581 582 637
637 638 582
582 583 638
638 639 583
583 584 639
639 640 584
584 585 640
640 641 585
585 586 641
641 642 586
586 587 642
642 643 587
587 588 643
643 644 588
588 589 644
644 645 589
589 590 645
645 646 590
590 591 646
646 647 591
591 592 647
647 648 592
592 593 648
648 649 593
593 594 649
649 650 594
594 595 650
650 651 595
595 596 651
651 652 596
596 597 652
652 653 597
597 598 653
653 654 598
598 599 654
654 655 599
599 600 655
655 656 600
600 601 656
656 657 601
601 602 657
657 658 602
602 603 658
658 659 603
603 604 659
605 606 660
660 661 606
606 607 661
661 662 607
607 608 662
662 663 608
608 609 663
663 664 609
609 610 664
664 665 610
610 611 665
665 666 611
611 612 666
666 667 612
612 613 667
667 668 613
613 614 668
668 669 614
614 615 669
669 670 615
615 616 670
670 671 616
616 617 671
671 672 617
617 618 672
672 673 618
618 619 673
673 674 619
619 620 674
674 675 620
620 621 675
675 676 621
621 622 676
676 677 622
622 623 677
677 678 623
623 624 678
678 679 624
624 625 679
679 680 625
625 626 680
680 681 626
626 627 681
681 682 627
627 628 682
682 683 628
628 629 683
683 684 629
629 630 684
684 685 630
630 631 685
685 686 631
631 632 686
686 687 632
632 633 687
687 688 633
633 634 688
688 689 634
634 635 689
689 690 635
635 636 690
690 691 636
636 637 691
691 692 637
637 638 692
692 693 638
638 639 693
693 694 639
639 640 694
694 695 640
640 641 695
695 696 641
641 642 696
696 697 642
642 643 697
697 698 643
643 644 698
698 699 644
644 645 699
699 700 645
645 646 700
700 701 646
646 647 701
701 702 647
647 648 702
702 703 648
648 649 703
703 704 649
649 650 704
704 705 650
650 651 705
705 706 651
651 652 706
706 707 652
652 653 707
707 708 653
653 654 708
708 709 654
654 655 709
709 710 655
655 656 710
710 711 656
656 657 711
711 712 657
657 658 712
712 713 658
658 659 713
660 661 714
714 715 661
661 662 715
715 716 662
662 663 716
716 717 663
663 664 717
717 718 664
664 665 718
718 719 665
665 666 719
719 720 666
666 667 720
720 721 667
667 668 721
721 722 668
668 669 722
722 723 669
669 670 723
723 724 670
670 671 724
724 725 671
671 672 725
725 726 672
672 673 726
726 727 673
673 674 727
727 728 674
674 675 728
728 729 675
675 676 729
729 730 676
676 677 730
730 731 677
677 678 731
731 732 678
678 679 732
732 733 679
679 680 733
733 734 680
680 681 734
734 735 681
681 682 735
735 736 682
682 683 736
736 737 683
683 684 737
737 738 684
684 685 738
738 739 685
685 686 739
739 740 686
686 687 740
740 741 687
687 688 741
741 742 688
688 689 742
742 743 689
689 690 743
743 744 690
690 691 744
744 745 691
691 692 745
745 746 692
692 693 746
746 747 693
693 694 747
747 748 694
694 695 748
748 749 695
695 696 749
749 750 696
696 697 750
750 751 697
697 698 751
751 752 698
698 699 752
752 753 699
699 700 753
753 754 700
700 701 754
754 755 701
701 702 755
755 756 702
702 703 756
756 757 703
703 704 757
757 758 704
704 705 758
758 759 705
705 706 759
759 760 706
706 707 760
760 761 707
707 708 761
761 762 708
708 709 762
762 763 709
709 710 763
763 764 710
710 711 764
764 765 711
711 712 765
765 766 712
712 713 766
714 715 767
767 768 715
715 716 768
768 769 716
716 717 769
769 770 717
717 718 770
770 771 718
718 719 771
771 772 719
719 720 772
772 773 720
720 721 773
773 774 721
721 722 774
774 775 722
722 723 775
775 776 723
723 724 776
776 777 724
724 725 777
777 778 725
725 726 778
778 779 726
726 727 779
779 780 727
727 728 780
780 781 728
728 729 781
781 782 729
729 730 782
782 783 730
730 731 783
783 784 731
731 732 784
784 785 732
732 733 785
785 786 733
733 734 786
786 787 734
734 735 787
787 788 735
735 736 788
788 789 736
736 737 789
789 790 737
737 738 790
790 791 738
738 739 791
791 792 739
739 740 792
792 793 740
740 741 793
793 794 741
741 742 794
794 795 742
742 743 795
795 796 743
743 744 796
796 797 744
744 745 797
797 798 745
745 746 798
798 799 746
746 747 799
799 800 747
747 748 800
800 801 748
748 749 801
801 802 749
749 750 802
802 803 750
750 751 803
803 804 751
751 752 804
804 805 752
752 753 805
805 806 753
753 754 806
806 807 754
754 755 807
807 808 755
755 756 808
808 809 756
756 757 809
809 810 757
757 758 810
810 811 758
758 759 811
811 812 759
759 760 812
812 813 760
760 761 813
813 814 761
761 762 814
814 815 762
762 763 815
815 816 763
763 764 816
816 817 764
764 765 817
817 818 765
765 766 818
767 768 819
819 820 768
768 769 820
820 821 769
769 770 821
821 822 770
770 771 822
822 823 771
771 772 823
823 824 772
772 773 824
824 825 773
773 774 825
825 826 774
774 775 826
826 827 775
775 776 827
827 828 776
776 777 828
828 829 777
777 778 829
829 830 778
778 779 830
830 831 779
779 780 831
831 832 780
780 781 832
832 833 781
781 782 833
833 834 782
782 783 834
834 835 783
783 784 835
835 836 784
784 785 836
836 837 785
785 786 837
837 838 786
786 787 838
838 839 787
787 788 839
839 840 788
788 789 840
840 841 789
789 790 841
841 842 790
790 791 842
842 843 791
791 792 843
843 844 792
792 793 844
844 845 793
793 794 845
845 846 794
794 795 846
846 847 795
795 796 847
847 848 796
796 797 848
848 849 797
797 798 849
849 850 798
798 799 850
850 851 799
799 800 851
851 852 800
800 801 852
852 853 801
801 802 853
853 854 802
802 803 854
854 855 803
803 804 855
855 856 804
804 805 856
856 857 805
805 806 857
857 858 806
806 807 858
858 859 807
807 808 859
859 860 808
808 809 860
860 861 809
809 810 861
861 862 810
810 811 862
862 863 811
811 812 863
863 864 812
812 813 864
864 865 813
813 814 865
865 866 814
814 815 866
866 867 815
815 816 867
867 868 816
816 817 868
868 869 817
817 818 869
819 820 870
870 871 820
820 821 871
871 872 821
821 822 872
872 873 822
822 823 873
873 874 823
823 824 874
874 875 824
824 825 875
875 876 825
825 826 876
876 877 826
826 827 877
877 878 827
827 828 878
878 879 828
828 829 879
879 880 829
829 830 880
880 881 830
830 831 881
881 882 831
831 832 882
882 883 832
832 833 883
883 884 833
833 834 884
884 885 834
834 835 885
885 886 835
835 836 886
886 887 836
836 837 887
887 888 837
837 838 888
888 889 838
838 839 889
889 890 839
839 840 890
890 891 840
840 841 891
891 892 841
841 842 892
892 893 842
842 843 893
893 894 843
843 844 894
894 895 844
844 845 895
895 896 845
845 846 896
896 897 846
846 847 897
897 898 847
847 848 898
898 899 848
848 849 899
899 900 849
849 850 900
900 901 850
850 851 901
901 902 851
851 852 902
902 903 852
852 853 903
903 904 853
853 854 904
904 905 854
854 855 905
905 906 855
855 856 906
906 907 856
856 857 907
907 908 857
857 858 908
908 909 858
858 859 909
909 910 859
859 860 910
910 911 860
860 861 911
911 912 861
861 862 912
912 913 862
862 863 913
913 914 863
863 864 914
914 915 864
864 865 915
915 916 865
865 866 916
916 917 866
866 867 917
917 918 867
867 868 918
918 919 868
868 869 919
870 871 920
920 921 871
871 872 921
921 922 872
872 873 922
922 923 873
873 874 923
923 924 874
874 875 924
924 925 875
875 876 925
925 926 876
876 877 926
926 927 877
877 878 927
927 928 878
878 879 928
928 929 879
879 880 929
929 930 880
880 881 930
930 931 881
881 882 931
931 932 882
882 883 932
932 933 883
883 884 933
933 934 884
884 885 934
934 935 885
885 886 935
935 936 886
886 887 936
936 937 887
887 888 937
937 938 888
888 889 938
938 939 889
889 890 939
939 940 890
890 891 940
940 941 891
891 892 941
941 942 892
892 893 942
942 943 893
893 894 943
943 944 894
894 895 944
944 945 895
895 896 945
945 946 896
896 897 946
946 947 897
897 898 947
947 948 898
898 899 948
948 949 899
899 900 949
949 950 900
900 901 950
950 951 901
901 902 951
951 952 902
902 903 952
952 953 903
903 904 953
953 954 904
904 905 954
954 955 905
905 906 955
955 956 906
906 907 956
956 957 907
907 908 957
957 958 908
908 909 958
958 959 909
909 910 959
959 960 910
910 911 960
960 961 911
911 912 961
961 962 912
912 913 962
962 963 913
913 914 963
963 964 914
914 915 964
964 965 915
915 916 965
965 966 916
916 917 966
966 967 917
917 918 967
967 968 918
918 919 968
920 921 969
969 970 921
921 922 970
970 971 922
922 923 971
971 972 923
923 924 972
972 973 924
924 925 973
973 974 925
925 926 974
974 975 926
926 927 975
975 976 927
927 928 976
976 977 928
928 929 977
977 978 929
929 930 978
978 979 930
930 931 979
979 980 931
931 932 980
980 981 932
932 933 981
981 982 933
933 934 982
982 983 934
934 935 983
983 984 935
935 936 984
984 985 936
936 937 985
985 986 937
937 938 986
986 987 938
938 939 987
987 988 939
939 940 988
988 989 940
940 941 989
989 990 941
941 942 990
990 991 942
942 943 991
991 992 943
943 944 992
992 993 944
944 945 993
993 994 945
945 946 994
994 995 946
946 947 995
995 996 947
947 948 996
996 997 948
948 949 997
997 998 949
949 950 998
998 999 950
950 951 999
999 1000 951
951 952 1000
1000 1001 952
952 953 1001
1001 1002 953
953 954 1002
1002 1003 954
954 955 1003
1003 1004 955
955 956 1004
1004 1005 956
956 957 1005
1005 1006 957
957 958 1006
1006 1007 958
958 959 1007
1007 1008 959
959 960 1008
1008 1009 960
960 961 1009
1009 1010 961
961 962 1010
1010 1011 962
962 963 1011
1011 1012 963
963 964 1012
1012 1013 964
964 965 1013
1013 1014 965
965 966 1014
1014 1015 966
966 967 1015
1015 1016 967
967 968 1016
969 970 1017
1017 1018 970
970 971 1018
1018 1019 971
971 972 1019
1019 1020 972
972 973 1020
1020 1021 973
973 974 1021
1021 1022 974
974 975 1022
1022 1023 975
975 976 1023
1023 1024 976
976 977 1024
1024 1025 977
977 978 1025
1025 1026 978
978 979 1026
1026 1027 979
979 980 1027
1027 1028 980
980 981 1028
1028 1029 981
981 982 1029
1029 1030 982
982 983 1030
1030 1031 983
983 984 1031
1031 1032 984
984 985 1032
1032 1033 985
985 986 1033
1033 1034 986
986 987 1034
1034 1035 987
987 988 1035
1035 1036 988
988 989 1036
1036 1037 989
989 990 1037
1037 1038 990
990 991 1038
1038 1039 991
991 992 1039
1039 1040 992
992 993 1040
1040 1041 993
993 994 1041
1041 1042 994
994 995 1042
1042 1043 995
995 996 1043
1043 1044 996
996 997 1044
1044 1045 997
997 998 1045
1045 1046 998
998 999 1046
1046 1047 999
999 1000 1047
1047 1048 1000
1000 1001 1048
1048 1049 1001
1001 1002 1049
1049 1050 1002
1002 1003 1050
1050 1051 1003
1003 1004 1051
1051 1052 1004
1004 1005 1052
1052 1053 1005
1005 1006 1053
1053 1054 1006
1006 1007 1054
1054 1055 1007
1007 1008 1055
1055 1056 1008
1008 1009 1056
1056 1057 1009
1009 1010 1057
1057 1058 1010
1010 1011 1058
1058 1059 1011
1011 1012 1059
1059 1060 1012
1012 1013 1060
1060 1061 1013
1013 1014 1061
1061 1062 1014
1014 1015 1062
1062 1063 1015
1015 1016 1063
1017 1018 1064
1064 1065 1018
1018 1019 1065
1065 1066 1019
1019 1020 1066
1066 1067 1020
1020 1021 1067
1067 1068 1021
1021 1022 1068
1068 1069 1022
1022 1023 1069
1069 1070 1023
1023 1024 1070
1070 1071 1024
1024 1025 1071
1071 1072 1025
1025 1026 1072
1072 1073 1026
1026 1027 1073
1073 1074 1027
1027 1028 1074
1074 1075 1028
1028 1029 1075
1075 1076 1029
1029 1030 1076
1076 1077 1030
1030 1031 1077
1077 1078 1031
1031 1032 1078
1078 1079 1032
1032 1033 1079
1079 1080 1033
1033 1034 1080
1080 1081 1034
1034 1035 1081
1081 1082 1035
1035 1036 1082
1082 1083 1036
1036 1037 1083
1083 1084 1037
1037 1038 1084
1084 1085 1038
1038 1039 1085
1085 1086 1039
1039 1040 1086
1086 1087 1040
1040 1041 1087
1087 1088 1041
1041 1042 1088
1088 1089 1042
1042 1043 1089
1089 1090 1043
1043 1044 1090
1090 1091 1044
1044 1045 1091
1091 1092 1045
1045 1046 1092
1092 1093 1046
1046 1047 1093
1093 1094 1047
1047 1048 1094
1094 1095 1048
1048 1049 1095
1095 1096 1049
1049 1050 1096
1096 1097 1050
1050 1051 1097
1097 1098 1051
1051 1052 1098
1098 1099 1052
1052 1053 1099
1099 1100 1053
1053 1054 1100
1100 1101 1054
1054 1055 1101
1101 1102 1055
1055 1056 1102
1102 1103 1056
1056 1057 1103
1103 1104 1057
1057 1058 1104
1104 1105 1058
1058 1059 1105
1105 1106 1059
1059 1060 1106
1106 1107 1060
1060 1061 1107
1107 1108 1061
1061 1062 1108
1108 1109 1062
1062 1063 1109
1064 1065 1110
1110 1111 1065
1065 1066 1111
1111 1112 1066
1066 1067 1112
1112 1113 1067
1067 1068 1113
1113 1114 1068
1068 1069 1114
1114 1115 1069
1069 1070 1115
1115 1116 1070
1070 1071 1116
1116 1117 1071
1071 1072 1117
1117 1118 1072
1072 1073 1118
1118 1119 1073
1073 1074 1119
1119 1120 1074
1074 1075 1120
1120 1121 1075
1075 1076 1121
1121 1122 1076
1076 1077 1122
1122 1123 1077
1077 1078 1123
1123 1124 1078
1078 1079 1124
1124 1125 1079
1079 1080 1125
1125 1126 1080
1080 1081 1126
1126 1127 1081
1081 1082 1127
1127 1128 1082
1082 1083 1128
1128 1129 1083
1083 1084 1129
1129 1130 1084
1084 1085 1130
1130 1131 1085
1085 1086 1131
1131 1132 1086
1086 1087 1132
1132 1133 1087
1087 1088 1133
1133 1134 1088
1088 1089 1134
1134 1135 1089
1089 1090 1135
1135 1136 1090
1090 1091 1136
1136 1137 1091
1091 1092 1137
1137 1138 1092
1092 1093 1138
1138 1139 1093
1093 1094 1139
1139 1140 1094
1094 1095 1140
1140 1141 1095
1095 1096 1141
1141 1142 1096
1096 1097 1142
1142 1143 1097
1097 1098 1143
1143 1144 1098
1098 1099 1144
1144 1145 1099
1099 1100 1145
1145 1146 1100
1100 1101 1146
1146 1147 1101
1101 1102 1147
1147 1148 1102
1102 1103 1148
1148 1149 1103
1103 1104 1149
1149 1150 1104
1104 1105 1150
1150 1151 1105
1105 1106 1151
1151 1152 1106
1106 1107 1152
1152 1153 1107
1107 1108 1153
1153 1154 1108
1108 1109 1154
1110 1111 1155
1155 1156 1111
1111 1112 1156
1156 1157 1112
1112 1113 1157
1157 1158 1113
1113 1114 1158
1158 1159 1114
1114 1115 1159
1159 1160 1115
1115 1116 1160
1160 1161 1116
1116 1117 1161
1161 1162 1117
1117 1118 1162
1162 1163 1118
1118 1119 1163
1163 1164 1119
1119 1120 1164
1164 1165 1120
1120 1121 1165
1165 1166 1121
1121 1122 1166
1166 1167 1122
1122 1123 1167
1167 1168 1123
1123 1124 1168
1168 1169 1124
1124 1125 1169
1169 1170 1125
1125 1126 1170
1170 1171 1126
1126 1127 1171
1171 1172 1127
1127 1128 1172
1172 1173 1128
1128 1129 1173
1173 1174 1129
1129 1130 1174
1174 1175 1130
1130 1131 1175
1175 1176 1131
1131 1132 1176
1176 1177 1132
1132 1133 1177
1177 1178 1133
1133 1134 1178
1178 1179 1134
1134 1135 1179
1179 1180 1135
1135 1136 1180
1180 1181 1136
1136 1137 1181
1181 1182 1137
1137 1138 1182
1182 1183 1138
1138 1139 1183
1183 1184 1139
1139 1140 1184
1184 1185 1140
1140 1141 1185
1185 1186 1141
1141 1142 1186
1186 1187 1142
1142 1143 1187
1187 1188 1143
1143 1144 1188
1188 1189 1144
1144 1145 1189
1189 1190 1145
1145 1146 1190
1190 1191 1146
1146 1147 1191
1191 1192 1147
1147 1148 1192
1192 1193 1148
1148 1149 1193
1193 1194 1149
1149 1150 1194
1194 1195 1150
1150 1151 1195
1195 1196 1151
1151 1152 1196
1196 1197 1152
1152 1153 1197
1197 1198 1153
1153 1154 1198
1155 1156 1199
1199 1200 1156
1156 1157 1200
1200 1201 1157
1157 1158 1201
1201 1202 1158
1158 1159 1202
1202 1203 1159
1159 1160 1203
1203 1204 1160
1160 1161 1204
1204 1205 1161
1161 1162 1205
1205 1206 1162
1162 1163 1206
1206 1207 1163
1163 1164 1207
1207 1208 1164
1164 1165 1208
1208 1209 1165
1165 1166 1209
1209 1210 1166
1166 1167 1210
1210 1211 1167
1167 1168 1211
1211 1212 1168
1168 1169 1212
1212 1213 1169
1169 1170 1213
1213 1214 1170
1170 1171 1214
1214 1215 1171
1171 1172 1215
1215 1216 1172
1172 1173 1216
1216 1217 1173
1173 1174 1217
1217 1218 1174
1174 1175 1218
1218 1219 1175
1175 1176 1219
1219 1220 1176
1176 1177 1220
1220 1221 1177
1177 1178 1221
1221 1222 1178
1178 1179 1222
1222 1223 1179
1179 1180 1223
1223 1224 1180
1180 1181 1224
1224 1225 1181
1181 1182 1225
1225 1226 1182
1182 1183 1226
1226 1227 1183
1183 1184 1227
1227 1228 1184
1184 1185 1228
1228 1229 1185
1185 1186 1229
1229 1230 1186
1186 1187 1230
1230 1231 1187
1187 1188 1231
1231 1232 1188
1188 1189 1232
1232 1233 1189
1189 1190 1233
1233 1234 1190
1190 1191 1234
1234 1235 1191
1191 1192 1235
1235 1236 1192
1192 1193 1236
1236 1237 1193
1193 1194 1237
1237 1238 1194
1194 1195 1238
1238 1239 1195
1195 1196 1239
1239 1240 1196
1196 1197 1240
1240 1241 1197
1197 1198 1241
1199 1200 1242
1242 1243 1200
1200 1201 1243
1243 1244 1201
1201 1202 1244
1244 1245 1202
1202 1203 1245
1245 1246 1203
1203 1204 1246
1246 1247 1204
1204 1205 1247
1247 1248 1205
1205 1206 1248
1248 1249 1206
1206 1207 1249
1249 1250 1207
1207 1208 1250
1250 1251 1208
1208 1209 1251
1251 1252 1209
1209 1210 1252
1252 1253 1210
1210 1211 1253
1253 1254 1211
1211 1212 1254
1254 1255 1212
1212 1213 1255
1255 1256 1213
1213 1214 1256
1256 1257 1214
1214 1215 1257
1257 1258 1215
1215 1216 1258
1258 1259 1216
1216 1217 1259
1259 1260 1217
1217 1218 1260
1260 1261 1218
1218 1219 1261
1261 1262 1219
1219 1220 1262
1262 1263 1220
1220 1221 1263
1263 1264 1221
1221 1222 1264
1264 1265 1222
1222 1223 1265
1265 1266 1223
1223 1224 1266
1266 1267 1224
1224 1225 1267
1267 1268 1225
1225 1226 1268
1268 1269 1226
1226 1227 1269
1269 1270 1227
1227 1228 1270
1270 1271 1228
1228 1229 1271
1271 1272 1229
1229 1230 1272
1272 1273 1230
1230 1231 1273
1273 1274 1231
1231 1232 1274
1274 1275 1232
1232 1233 1275
1275 1276 1233
1233 1234 1276
1276 1277 1234
1234 1235 1277
1277 1278 1235
1235 1236 1278
1278 1279 1236
1236 1237 1279
1279 1280 1237
1237 1238 1280
1280 1281 1238
1238 1239 1281
1281 1282 1239
1239 1240 1282
1282 1283 1240
1240 1241 1283
1242 1243 1284
1284 1285 1243
1243 1244 1285
1285 1286 1244
1244 1245 1286
1286 1287 1245
1245 1246 1287
1287 1288 1246
1246 1247 1288
1288 1289 1247
1247 1248 1289
1289 1290 1248
1248 1249 1290
1290 1291 1249
1249 1250 1291
1291 1292 1250
1250 1251 1292
1292 1293 1251
1251 1252 1293
1293 1294 1252
1252 1253 1294
1294 1295 1253
1253 1254 1295
1295 1296 1254
1254 1255 1296
1296 1297 1255
1255 1256 1297
1297 1298 1256
1256 1257 1298
1298 1299 1257
1257 1258 1299
1299 1300 1258
1258 1259 1300
1300 1301 1259
1259 1260 1301
1301 1302 1260
1260 1261 1302
1302 1303 1261
1261 1262 1303
1303 1304 1262
1262 1263 1304
1304 1305 1263
1263 1264 1305
1305 1306 1264
1264 1265 1306
1306 1307 1265
1265 1266 1307
1307 1308 1266
1266 1267 1308
1308 1309 1267
1267 1268 1309
1309 1310 1268
1268 1269 1310
1310 1311 1269
1269 1270 1311
1311 1312 1270
1270 1271 1312
1312 1313 1271
1271 1272 1313
1313 1314 1272
1272 1273 1314
1314 1315 1273
1273 1274 1315
1315 1316 1274
1274 1275 1316
1316 1317 1275
1275 1276 1317
1317 1318 1276
1276 1277 1318
1318 1319 1277
1277 1278 1319
1319 1320 1278
1278 1279 1320
1320 1321 1279
1279 1280 1321
1321 1322 1280
1280 1281 1322
1322 1323 1281
1281 1282 1323
1323 1324 1282
1282 1283 1324
1284 1285 1325
1325 1326 1285
1285 1286 1326
1326 1327 1286
1286 1287 1327
1327 1328 1287
1287 1288 1328
1328 1329 1288
1288 1289 1329
1329 1330 1289
1289 1290 1330
1330 1331 1290
1290 1291 1331
1331 1332 1291
1291 1292 1332
1332 1333 1292
1292 1293 1333
1333 1334 1293
1293 1294 1334
1334 1335 1294
1294 1295 1335
1335 1336 1295
1295 1296 1336
1336 1337 1296
1296 1297 1337
1337 1338 1297
1297 1298 1338
1338 1339 1298
1298 1299 1339
1339 1340 1299
1299 1300 1340
1340 1341 1300
1300 1301 1341
1341 1342 1301
1301 1302 1342
1342 1343 1302
1302 1303 1343
1343 1344 1303
1303 1304 1344
1344 1345 1304
1304 1305 1345
1345 1346 1305
1305 1306 1346
1346 1347 1306
1306 1307 1347
1347 1348 1307
1307 1308 1348
1348 1349 1308
1308 1309 1349
1349 1350 1309
1309 1310 1350
1350 1351 1310
1310 1311 1351
1351 1352 1311
1311 1312 1352
1352 1353 1312
1312 1313 1353
1353 1354 1313
1313 1314 1354
1354 1355 1314
1314 1315 1355
1355 1356 1315
1315 1316 1356
1356 1357 1316
1316 1317 1357
1357 1358 1317
1317 1318 1358
1358 1359 1318
1318 1319 1359
1359 1360 1319
1319 1320 1360
1360 1361 1320
1320 1321 1361
1361 1362 1321
1321 1322 1362
1362 1363 1322
1322 1323 1363
1363 1364 1323
1323 1324 1364
1325 1326 1365
1365 1366 1326
1326 1327 1366
1366 1367 1327
1327 1328 1367
1367 1368 1328
1328 1329 1368
1368 1369 1329
1329 1330 1369
1369 1370 1330
1330 1331 1370
1370 1371 1331
1331 1332 1371
1371 1372 1332
1332 1333 1372
1372 1373 1333
1333 1334 1373
1373 1374 1334
1334 1335 1374
1374 1375 1335
1335 1336 1375
1375 1376 1336
1336 1337 1376
1376 1377 1337
1337 1338 1377
1377 1378 1338
1338 1339 1378
1378 1379 1339
1339 1340 1379
1379 1380 1340
1340 1341 1380
1380 1381 1341
1341 1342 1381
1381 1382 1342
1342 1343 1382
1382 1383 1343
1343 1344 1383
1383 1384 1344
1344 1345 1384
1384 1385 1345
1345 1346 1385
1385 1386 1346
1346 1347 1386
1386 1387 1347
1347 1348 1387
1387 1388 1348
1348 1349 1388
1388 1389 1349
1349 1350 1389
1389 1390 1350
1350 1351 1390
1390 1391 1351
1351 1352 1391
1391 1392 1352
1352 1353 1392
1392 1393 1353
1353 1354 1393
1393 1394 1354
1354 1355 1394
1394 1395 1355
1355 1356 1395
1395 1396 1356
1356 1357 1396
1396 1397 1357
1357 1358 1397
1397 1398 1358
1358 1359 1398
1398 1399 1359
1359 1360 1399
1399 1400 1360
1360 1361 1400
1400 1401 1361
1361 1362 1401
1401 1402 1362
1362 1363 1402
1402 1403 1363
1363 1364 1403
1365 1366 1404
1404 1405 1366
1366 1367 1405
1405 1406 1367
1367 1368 1406
1406 1407 1368
1368 1369 1407
1407 1408 1369
1369 1370 1408
1408 1409 1370
1370 1371 1409
1409 1410 1371
1371 1372 1410
1410 1411 1372
1372 1373 1411
1411 1412 1373
1373 1374 1412
1412 1413 1374
1374 1375 1413
1413 1414 1375
1375 1376 1414
1414 1415 1376
1376 1377 1415
1415 1416 1377
1377 1378 1416
1416 1417 1378
1378 1379 1417
1417 1418 1379
1379 1380 1418
1418 1419 1380
1380 1381 1419
1419 1420 1381
1381 1382 1420
1420 1421 1382
1382 1383 1421
1421 1422 1383
1383 1384 1422
1422 1423 1384
1384 1385 1423
1423 1424 1385
1385 1386 1424
1424 1425 1386
1386 1387 1425
1425 1426 1387
1387 1388 1426
1426 1427 1388
1388 1389 1427
1427 1428 1389
1389 1390 1428
1428 1429 1390
1390 1391 1429
1429 1430 1391
1391 1392 1430
1430 1431 1392
1392 1393 1431
1431 1432 1393
1393 1394 1432
1432 1433 1394
1394 1395 1433
1433 1434 1395
1395 1396 1434
1434 1435 1396
1396 1397 1435
1435 1436 1397
1397 1398 1436
1436 1437 1398
1398 1399 1437
1437 1438 1399
1399 1400 1438
1438 1439 1400
1400 1401 1439
1439 1440 1401
1401 1402 1440
1440 1441 1402
1402 1403 1441
1404 1405 1442
1442 1443 1405
1405 1406 1443
1443 1444 1406
1406 1407 1444
1444 1445 1407
1407 1408 1445
1445 1446 1408
1408 1409 1446
1446 1447 1409
1409 1410 1447
1447 1448 1410
1410 1411 1448
1448 1449 1411
1411 1412 1449
1449 1450 1412
1412 1413 1450
1450 1451 1413
1413 1414 1451
1451 1452 1414
1414 1415 1452
1452 1453 1415
1415 1416 1453
1453 1454 1416
1416 1417 1454
1454 1455 1417
1417 1418 1455
1455 1456 1418
1418 1419 1456
1456 1457 1419
1419 1420 1457
1457 1458 1420
1420 1421 1458
1458 1459 1421
1421 1422 1459
1459 1460 1422
1422 1423 1460
1460 1461 1423
1423 1424 1461
1461 1462 1424
1424 1425 1462
1462 1463 1425
1425 1426 1463
1463 1464 1426
1426 1427 1464
1464 1465 1427
1427 1428 1465
1465 1466 1428
1428 1429 1466
1466 1467 1429
1429 1430 1467
1467 1468 1430
1430 1431 1468
1468 1469 1431
1431 1432 1469
1469 1470 1432
1432 1433 1470
1470 1471 1433
1433 1434 1471
1471 1472 1434
1434 1435 1472
1472 1473 1435
1435 1436 1473
1473 1474 1436
1436 1437 1474
1474 1475 1437
1437 1438 1475
1475 1476 1438
1438 1439 1476
1476 1477 1439
1439 1440 1477
1477 1478 1440
1440 1441 1478
1442 1443 1479
1479 1480 1443
1443 1444 1480
1480 1481 1444
1444 1445 1481
1481 1482 1445
1445 1446 1482
1482 1483 1446
1446 1447 1483
1483 1484 1447
1447 1448 1484
1484 1485 1448
1448 1449 1485
1485 1486 1449
1449 1450 1486
1486 1487 1450
1450 1451 1487
1487 1488 1451
1451 1452 1488
1488 1489 1452
1452 1453 1489
1489 1490 1453
1453 1454 1490
1490 1491 1454
1454 1455 1491
1491 1492 1455
1455 1456 1492
1492 1493 1456
1456 1457 1493
1493 1494 1457
1457 1458 1494
1494 1495 1458
1458 1459 1495
1495 1496 1459
1459 1460 1496
1496 1497 1460
1460 1461 1497
1497 1498 1461
1461 1462 1498
1498 1499 1462
1462 1463 1499
1499 1500 1463
1463 1464 1500
1500 1501 1464
1464 1465 1501
1501 1502 1465
1465 1466 1502
1502 1503 1466
1466 1467 1503
1503 1504 1467
1467 1468 1504
1504 1505 1468
1468 1469 1505
1505 1506 1469
1469 1470 1506
1506 1507 1470
1470 1471 1507
1507 1508 1471
1471 1472 1508
1508 1509 1472
1472 1473 1509
1509 1510 1473
1473 1474 1510
1510 1511 1474
1474 1475 1511
1511 1512 1475
1475 1476 1512
1512 1513 1476
1476 1477 1513
1513 1514 1477
1477 1478 1514
1479 1480 1515
1515 1516 1480
1480 1481 1516
1516 1517 1481
1481 1482 1517
1517 1518 1482
1482 1483 1518
1518 1519 1483
1483 1484 1519
1519 1520 1484
1484 1485 1520
1520 1521 1485
1485 1486 1521
1521 1522 1486
1486 1487 1522
1522 1523 1487
1487 1488 1523
1523 1524 1488
1488 1489 1524
1524 1525 1489
1489 1490 1525
1525 1526 1490
1490 1491 1526
1526 1527 1491
1491 1492 1527
1527 1528 1492
1492 1493 1528
1528 1529 1493
1493 1494 1529
1529 1530 1494
1494 1495 1530
1530 1531 1495
1495 1496 1531
1531 1532 1496
1496 1497 1532
1532 1533 1497
1497 1498 1533
1533 1534 1498
1498 1499 1534
1534 1535 1499
1499 1500 1535
1535 1536 1500
1500 1501 1536
1536 1537 1501
1501 1502 1537
1537 1538 1502
1502 1503 1538
1538 1539 1503
1503 1504 1539
1539 1540 1504
1504 1505 1540
1540 1541 1505
1505 1506 1541
1541 1542 1506
1506 1507 1542
1542 1543 1507
1507 1508 1543
1543 1544 1508
1508 1509 1544
1544 1545 1509
1509 1510 1545
1545 1546 1510
1510 1511 1546
1546 1547 1511
1511 1512 1547
1547 1548 1512
1512 1513 1548
1548 1549 1513
1513 1514 1549
1515 1516 1550
1550 1551 1516
1516 1517 1551
1551 1552 1517
1517 1518 1552
1552 1553 1518
1518 1519 1553
1553 1554 1519
1519 1520 1554
1554 1555 1520
1520 1521 1555
1555 1556 1521
1521 1522 1556
1556 1557 1522
1522 1523 1557
1557 1558 1523
1523 1524 1558
1558 1559 1524
1524 1525 1559
1559 1560 1525
1525 1526 1560
1560 1561 1526
1526 1527 1561
1561 1562 1527
1527 1528 1562
1562 1563 1528
1528 1529 1563
1563 1564 1529
1529 1530 1564
1564 1565 1530
1530 1531 1565
1565 1566 1531
1531 1532 1566
1566 1567 1532
1532 1533 1567
1567 1568 1533
1533 1534 1568
1568 1569 1534
1534 1535 1569
1569 1570 1535
1535 1536 1570
1570 1571 1536
1536 1537 1571
1571 1572 1537
1537 1538 1572
1572 1573 1538
1538 1539 1573
1573 1574 1539
1539 1540 1574
1574 1575 1540
1540 1541 1575
1575 1576 1541
1541 1542 1576
1576 1577 1542
1542 1543 1577
1577 1578 1543
1543 1544 1578
1578 1579 1544
1544 1545 1579
1579 1580 1545
1545 1546 1580
1580 1581 1546
1546 1547 1581
1581 1582 1547
1547 1548 1582
1582 1583 1548
1548 1549 1583
1550 1551 1584
1584 1585 1551
1551 1552 1585
1585 1586 1552
1552 1553 1586
1586 1587 1553
1553 1554 1587
1587 1588 1554
1554 1555 1588
1588 1589 1555
1555 1556 1589
1589 1590 1556
1556 1557 1590
1590 1591 1557
1557 1558 1591
1591 1592 1558
1558 1559 1592
1592 1593 1559
1559 1560 1593
1593 1594 1560
1560 1561 1594
1594 1595 1561
1561 1562 1595
1595 1596 1562
1562 1563 1596
1596 1597 1563
1563 1564 1597
1597 1598 1564
1564 1565 1598
1598 1599 1565
1565 1566 1599
1599 1600 1566
1566 1567 1600
1600 1601 1567
1567 1568 1601
1601 1602 1568
1568 1569 1602
1602 1603 1569
1569 1570 1603
1603 1604 1570
1570 1571 1604
1604 1605 1571
1571 1572 1605
1605 1606 1572
1572 1573 1606
1606 1607 1573
1573 1574 1607
1607 1608 1574
1574 1575 1608
1608 1609 1575
1575 1576 1609
1609 1610 1576
1576 1577 1610
1610 1611 1577
1577 1578 1611
1611 1612 1578
1578 1579 1612
1612 1613 1579
1579 1580 1613
1613 1614 1580
1580 1581 1614
1614 1615 1581
1581 1582 1615
1615 1616 1582
1582 1583 1616
1584 1585 1617
1617 1618 1585
1585 1586 1618
1618 1619 1586
1586 1587 1619
1619 1620 1587
1587 1588 1620
1620 1621 1588
1588 1589 1621
1621 1622 1589
1589 1590 1622
1622 1623 1590
1590 1591 1623
1623 1624 1591
1591 1592 1624
1624 1625 1592
1592 1593 1625
1625 1626 1593
1593 1594 1626
1626 1627 1594
1594 1595 1627
1627 1628 1595
1595 1596 1628
1628 1629 1596
1596 1597 1629
1629 1630 1597
1597 1598 1630
1630 1631 1598
1598 1599 1631
1631 1632 1599
1599 1600 1632
1632 1633 1600
1600 1601 1633
1633 1634 1601
1601 1602 1634
1634 1635 1602
1602 1603 1635
1635 1636 1603
1603 1604 1636
1636 1637 1604
1604 1605 1637
1637 1638 1605
1605 1606 1638
1638 1639 1606
1606 1607 1639
1639 1640 1607
1607 1608 1640
1640 1641 1608
1608 1609 1641
1641 1642 1609
1609 1610 1642
1642 1643 1610
1610 1611 1643
1643 1644 1611
1611 1612 1644
1644 1645 1612
1612 1613 1645
1645 1646 1613
1613 1614 1646
1646 1647 1614
1614 1615 1647
1647 1648 1615
1615 1616 1648
1617 1618 1649
1649 1650 1618
1618 1619 1650
1650 1651 1619
1619 1620 1651
1651 1652 1620
1620 1621 1652
1652 1653 1621
1621 1622 1653
1653 1654 1622
1622 1623 1654
1654 1655 1623
1623 1624 1655
1655 1656 1624
1624 1625 1656
1656 1657 1625
1625 1626 1657
1657 1658 1626
1626 1627 1658
1658 1659 1627
1627 1628 1659
1659 1660 1628
1628 1629 1660
1660 1661 1629
1629 1630 1661
1661 1662 1630
1630 1631 1662
1662 1663 1631
1631 1632 1663
1663 1664 1632
1632 1633 1664
1664 1665 1633
1633 1634 1665
1665 1666 1634
1634 1635 1666
1666 1667 1635
1635 1636 1667
1667 1668 1636
1636 1637 1668
1668 1669 1637
1637 1638 1669
1669 1670 1638
1638 1639 1670
1670 1671 1639
1639 1640 1671
1671 1672 1640
1640 1641 1672
1672 1673 1641
1641 1642 1673
1673 1674 1642
1642 1643 1674
1674 1675 1643
1643 1644 1675
1675 1676 1644
1644 1645 1676
1676 1677 1645
1645 1646 1677
1677 1678 1646
1646 1647 1678
1678 1679 1647
1647 1648 1679
1649 1650 1680
1680 1681 1650
1650 1651 1681
1681 1682 1651
1651 1652 1682
1682 1683 1652
1652 1653 1683
1683 1684 1653
1653 1654 1684
1684 1685 1654
1654 1655 1685
1685 1686 1655
1655 1656 1686
1686 1687 1656
1656 1657 1687
1687 1688 1657
1657 1658 1688
1688 1689 1658
1658 1659 1689
1689 1690 1659
1659 1660 1690
1690 1691 1660
1660 1661 1691
1691 1692 1661
1661 1662 1692
1692 1693 1662
1662 1663 1693
1693 1694 1663
1663 1664 1694
1694 1695 1664
1664 1665 1695
1695 1696 1665
1665 1666 1696
1696 1697 1666
1666 1667 1697
1697 1698 1667
1667 1668 1698
1698 1699 1668
1668 1669 1699
1699 1700 1669
1669 1670 1700
1700 1701 1670
1670 1671 1701
1701 1702 1671
1671 1672 1702
1702 1703 1672
1672 1673 1703
1703 1704 1673
1673 1674 1704
1704 1705 1674
1674 1675 1705
1705 1706 1675
1675 1676 1706
1706 1707 1676
1676 1677 1707
1707 1708 1677
1677 1678 1708
1708 1709 1678
1678 1679 1709
1680 1681 1710
1710 1711 1681
1681 1682 1711
1711 1712 1682
1682 1683 1712
1712 1713 1683
1683 1684 1713
1713 1714 1684
1684 1685 1714
1714 1715 1685
1685 1686 1715
1715 1716 1686
1686 1687 1716
1716 1717 1687
1687 1688 1717
1717 1718 1688
1688 1689 1718
1718 1719 1689
1689 1690 1719
1719 1720 1690
1690 1691 1720
1720 1721 1691
1691 1692 1721
1721 1722 1692
1692 1693 1722
1722 1723 1693
1693 1694 1723
1723 1724 1694
1694 1695 1724
1724 1725 1695
1695 1696 1725
1725 1726 1696
1696 1697 1726
1726 1727 1697
1697 1698 1727
1727 1728 1698
1698 1699 1728
1728 1729 1699
1699 1700 1729
1729 1730 1700
1700 1701 1730
1730 1731 1701
1701 1702 1731
1731 1732 1702
1702 1703 1732
1732 1733 1703
1703 1704 1733
1733 1734 1704
1704 1705 1734
1734 1735 1705
1705 1706 1735
1735 1736 1706
1706 1707 1736
1736 1737 1707
1707 1708 1737
1737 1738 1708
1708 1709 1738
1710 1711 1739
1739 1740 1711
1711 1712 1740
1740 1741 1712
1712 1713 1741
1741 1742 1713
1713 1714 1742
1742 1743 1714
1714 1715 1743
1743 1744 1715
1715 1716 1744
1744 1745 1716
1716 1717 1745
1745 1746 1717
1717 1718 1746
1746 1747 1718
1718 1719 1747
1747 1748 1719
1719 1720 1748
1748 1749 1720
1720 1721 1749
1749 1750 1721
1721 1722 1750
1750 1751 1722
1722 1723 1751
1751 1752 1723
1723 1724 1752
1752 1753 1724
1724 1725 1753
1753 1754 1725
1725 1726 1754
1754 1755 1726
1726 1727 1755
1755 1756 1727
1727 1728 1756
1756 1757 1728
1728 1729 1757
1757 1758 1729
1729 1730 1758
1758 1759 1730
1730 1731 1759
1759 1760 1731
1731 1732 1760
1760 1761 1732
1732 1733 1761
1761 1762 1733
1733 1734 1762
1762 1763 1734
1734 1735 1763
1763 1764 1735
1735 1736 1764
1764 1765 1736
1736 1737 1765
1765 1766 1737
1737 1738 1766
1739 1740 1767
1767 1768 1740
1740 1741 1768
1768 1769 1741
1741 1742 1769
1769 1770 1742
1742 1743 1770
1770 1771 1743
1743 1744 1771
1771 1772 1744
1744 1745 1772
1772 1773 1745
1745 1746 1773
1773 1774 1746
1746 1747 1774
1774 1775 1747
1747 1748 1775
1775 1776 1748
1748 1749 1776
1776 1777 1749
1749 1750 1777
1777 1778 1750
1750 1751 1778
1778 1779 1751
1751 1752 1779
1779 1780 1752
1752 1753 1780
1780 1781 1753
1753 1754 1781
1781 1782 1754
1754 1755 1782
1782 1783 1755
1755 1756 1783
1783 1784 1756
1756 1757 1784
1784 1785 1757
1757 1758 1785
1785 1786 1758
1758 1759 1786
1786 1787 1759
1759 1760 1787
1787 1788 1760
1760 1761 1788
1788 1789 1761
1761 1762 1789
1789 1790 1762
1762 1763 1790
1790 1791 1763
1763 1764 1791
1791 1792 1764
1764 1765 1792
1792 1793 1765
1765 1766 1793
1767 1768 1794
1794 1795 1768
1768 1769 1795
1795 1796 1769
1769 1770 1796
1796 1797 1770
1770 1771 1797
1797 1798 1771
1771 1772 1798
1798 1799 1772
1772 1773 1799
1799 1800 1773
1773 1774 1800
1800 1801 1774
1774 1775 1801
1801 1802 1775
1775 1776 1802
1802 1803 1776
1776 1777 1803
1803 1804 1777
1777 1778 1804
1804 1805 1778
1778 1779 1805
1805 1806 1779
1779 1780 1806
1806 1807 1780
1780 1781 1807
1807 1808 1781
1781 1782 1808
1808 1809 1782
1782 1783 1809
1809 1810 1783
1783 1784 1810
1810 1811 1784
1784 1785 1811
1811 1812 1785
1785 1786 1812
1812 1813 1786
1786 1787 1813
1813 1814 1787
1787 1788 1814
1814 1815 1788
1788 1789 1815
1815 1816 1789
1789 1790 1816
1816 1817 1790
1790 1791 1817
1817 1818 1791
1791 1792 1818
1818 1819 1792
1792 1793 1819
1794 1795 1820
1820 1821 1795
1795 1796 1821
1821 1822 1796
1796 1797 1822
1822 1823 1797
1797 1798 1823
1823 1824 1798
1798 1799 1824
1824 1825 1799
1799 1800 1825
1825 1826 1800
1800 1801 1826
1826 1827 1801
1801 1802 1827
1827 1828 1802
1802 1803 1828
1828 1829 1803
1803 1804 1829
1829 1830 1804
1804 1805 1830
1830 1831 1805
1805 1806 1831
1831 1832 1806
1806 1807 1832
1832 1833 1807
1807 1808 1833
1833 1834 1808
1808 1809 1834
1834 1835 1809
1809 1810 1835
1835 1836 1810
1810 1811 1836
1836 1837 1811
1811 1812 1837
1837 1838 1812
1812 1813 1838
1838 1839 1813
1813 1814 1839
1839 1840 1814
1814 1815 1840
1840 1841 1815
1815 1816 1841
1841 1842 1816
1816 1817 1842
1842 1843 1817
1817 1818 1843
1843 1844 1818
1818 1819 1844
1820 1821 1845
1845 1846 1821
1821 1822 1846
1846 1847 1822
1822 1823 1847
1847 1848 1823
1823 1824 1848
1848 1849 1824
1824 1825 1849
1849 1850 1825
1825 1826 1850
1850 1851 1826
1826 1827 1851
1851 1852 1827
1827 1828 1852
1852 1853 1828
1828 1829 1853
1853 1854 1829
1829 1830 1854
1854 1855 1830
1830 1831 1855
1855 1856 1831
1831 1832 1856
1856 1857 1832
1832 1833 1857
1857 1858 1833
1833 1834 1858
1858 1859 1834
1834 1835 1859
1859 1860 1835
1835 1836 1860
1860 1861 1836
1836 1837 1861
1861 1862 1837
1837 1838 1862
1862 1863 1838
1838 1839 1863
1863 1864 1839
1839 1840 1864
1864 1865 1840
1840 1841 1865
1865 1866 1841
1841 1842 1866
1866 1867 1842
1842 1843 1867
1867 1868 1843
1843 1844 1868
1845 1846 1869
1869 1870 1846
1846 1847 1870
1870 1871 1847
1847 1848 1871
1871 1872 1848
1848 1849 1872
1872 1873 1849
1849 1850 1873
1873 1874 1850
1850 1851 1874
1874 1875 1851
1851 1852 1875
1875 1876 1852
1852 1853 1876
1876 1877 1853
1853 1854 1877
1877 1878 1854
1854 1855 1878
1878 1879 1855
1855 1856 1879
1879 1880 1856
1856 1857 1880
1880 1881 1857
1857 1858 1881
1881 1882 1858
1858 1859 1882
1882 1883 1859
1859 1860 1883
1883 1884 1860
1860 1861 1884
1884 1885 1861
1861 1862 1885
1885 1886 1862
1862 1863 1886
1886 1887 1863
1863 1864 1887
1887 1888 1864
1864 1865 1888
1888 1889 1865
1865 1866 1889
1889 1890 1866
1866 1867 1890
1890 1891 1867
1867 1868 1891
1869 1870 1892
1892 1893 1870
1870 1871 1893
1893 1894 1871
1871 1872 1894
1894 1895 1872
1872 1873 1895
1895 1896 1873
1873 1874 1896
1896 1897 1874
1874 1875 1897
1897 1898 1875
1875 1876 1898
1898 1899 1876
1876 1877 1899
1899 1900 1877
1877 1878 1900
1900 1901 1878
1878 1879 1901
1901 1902 1879
1879 1880 1902
1902 1903 1880
1880 1881 1903
1903 1904 1881
1881 1882 1904
1904 1905 1882
1882 1883 1905
1905 1906 1883
1883 1884 1906
1906 1907 1884
1884 1885 1907
1907 1908 1885
1885 1886 1908
1908 1909 1886
1886 1887 1909
1909 1910 1887
1887 1888 1910
1910 1911 1888
1888 1889 1911
1911 1912 1889
1889 1890 1912
1912 1913 1890
1890 1891 1913
1892 1893 1914
1914 1915 1893
1893 1894 1915
1915 1916 1894
1894 1895 1916
1916 1917 1895
1895 1896 1917
1917 1918 1896
1896 1897 1918
1918 1919 1897
1897 1898 1919
1919 1920 1898
1898 1899 1920
1920 1921 1899
1899 1900 1921
1921 1922 1900
1900 1901 1922
1922 1923 1901
1901 1902 1923
1923 1924 1902
1902 1903 1924
1924 1925 1903
1903 1904 1925
1925 1926 1904
1904 1905 1926
1926 1927 1905
1905 1906 1927
1927 1928 1906
1906 1907 1928
1928 1929 1907
1907 1908 1929
1929 1930 1908
1908 1909 1930
1930 1931 1909
1909 1910 1931
1931 1932 1910
1910 1911 1932
1932 1933 1911
1911 1912 1933
1933 1934 1912
1912 1913 1934
1914 1915 1935
1935 1936 1915
1915 1916 1936
1936 1937 1916
1916 1917 1937
1937 1938 1917
1917 1918 1938
1938 1939 1918
1918 1919 1939
1939 1940 1919
1919 1920 1940
1940 1941 1920
1920 1921 1941
1941 1942 1921
1921 1922 1942
1942 1943 1922
1922 1923 1943
1943 1944 1923
1923 1924 1944
1944 1945 1924
1924 1925 1945
1945 1946 1925
1925 1926 1946
1946 1947 1926
1926 1927 1947
1947 1948 1927
1927 1928 1948
1948 1949 1928
1928 1929 1949
1949 1950 1929
1929 1930 1950
1950 1951 1930
1930 1931 1951
1951 1952 1931
1931 1932 1952
1952 1953 1932
1932 1933 1953
1953 1954 1933
1933 1934 1954
1935 1936 1955
1955 1956 1936
1936 1937 1956
1956 1957 1937
1937 1938 1957
1957 1958 1938
1938 1939 1958
1958 1959 1939
1939 1940 1959
1959 1960 1940
1940 1941 1960
1960 1961 1941
1941 1942 1961
1961 1962 1942
1942 1943 1962
1962 1963 1943
1943 1944 1963
1963 1964 1944
1944 1945 1964
1964 1965 1945
1945 1946 1965
1965 1966 1946
1946 1947 1966
1966 1967 1947
1947 1948 1967
1967 1968 1948
1948 1949 1968
1968 1969 1949
1949 1950 1969
1969 1970 1950
1950 1951 1970
1970 1971 1951
1951 1952 1971
1971 1972 1952
1952 1953 1972
1972 1973 1953
1953 1954 1973
1955 1956 1974
1974 1975 1956
1956 1957 1975
1975 1976 1957
1957 1958 1976
1976 1977 1958
1958 1959 1977
1977 1978 1959
1959 1960 1978
1978 1979 1960
1960 1961 1979
1979 1980 1961
1961 1962 1980
1980 1981 1962
1962 1963 1981
1981 1982 1963
1963 1964 1982
1982 1983 1964
1964 1965 1983
1983 1984 1965
1965 1966 1984
1984 1985 1966
1966 1967 1985
1985 1986 1967
1967 1968 1986
1986 1987 1968
1968 1969 1987
1987 1988 1969
1969 1970 1988
1988 1989 1970
1970 1971 1989
1989 1990 1971
1971 1972 1990
1990 1991 1972
1972 1973 1991
1974 1975 1992
1992 1993 1975
1975 1976 1993
1993 1994 1976
1976 1977 1994
1994 1995 1977
1977 1978 1995
1995 1996 1978
1978 1979 1996
1996 1997 1979
1979 1980 1997
1997 1998 1980
1980 1981 1998
1998 1999 1981
1981 1982 1999
1999 2000 1982
1982 1983 2000
2000 2001 1983
1983 1984 2001
2001 2002 1984
1984 1985 2002
2002 2003 1985
1985 1986 2003
2003 2004 1986
1986 1987 2004
2004 2005 1987
1987 1988 2005
2005 2006 1988
1988 1989 2006
2006 2007 1989
1989 1990 2007
2007 2008 1990
1990 1991 2008
1992 1993 2009
2009 2010 1993
1993 1994 2010
2010 2011 1994
1994 1995 2011
2011 2012 1995
1995 1996 2012
2012 2013 1996
1996 1997 2013
2013 2014 1997
1997 1998 2014
2014 2015 1998
1998 1999 2015
2015 2016 1999
1999 2000 2016
2016 2017 2000
2000 2001 2017
2017 2018 2001
2001 2002 2018
2018 2019 2002
2002 2003 2019
2019 2020 2003
2003 2004 2020
2020 2021 2004
2004 2005 2021
2021 2022 2005
2005 2006 2022
2022 2023 2006
2006 2007 2023
2023 2024 2007
2007 2008 2024
2009 2010 2025
2025 2026 2010
2010 2011 2026
2026 2027 2011
2011 2012 2027
2027 2028 2012
2012 2013 2028
2028 2029 2013
2013 2014 2029
2029 2030 2014
2014 2015 2030
2030 2031 2015
2015 2016 2031
2031 2032 2016
2016 2017 2032
2032 2033 2017
2017 2018 2033
2033 2034 2018
2018 2019 2034
2034 2035 2019
2019 2020 2035
2035 2036 2020
2020 2021 2036
2036 2037 2021
2021 2022 2037
2037 2038 2022
2022 2023 2038
2038 2039 2023
2023 2024 2039
2025 2026 2040
2040 2041 2026
2026 2027 2041
2041 2042 2027
2027 2028 2042
2042 2043 2028
2028 2029 2043
2043 2044 2029
2029 2030 2044
2044 2045 2030
2030 2031 2045
2045 2046 2031
2031 2032 2046
2046 2047 2032
2032 2033 2047
2047 2048 2033
2033 2034 2048
2048 2049 2034
2034 2035 2049
2049 2050 2035
2035 2036 2050
2050 2051 2036
2036 2037 2051
2051 2052 2037
2037 2038 2052
2052 2053 2038
2038 2039 2053
2040 2041 2054
2054 2055 2041
2041 2042 2055
2055 2056 2042
2042 2043 2056
2056 2057 2043
2043 2044 2057
2057 2058 2044
2044 2045 2058
2058 2059 2045
2045 2046 2059
2059 2060 2046
2046 2047 2060
2060 2061 2047
2047 2048 2061
2061 2062 2048
2048 2049 2062
2062 2063 2049
2049 2050 2063
2063 2064 2050
2050 2051 2064
2064 2065 2051
2051 2052 2065
2065 2066 2052
2052 2053 2066
2054 2055 2067
2067 2068 2055
2055 2056 2068
2068 2069 2056
2056 2057 2069
2069 2070 2057
2057 2058 2070
2070 2071 2058
2058 2059 2071
2071 2072 2059
2059 2060 2072
2072 2073 2060
2060 2061 2073
2073 2074 2061
2061 2062 2074
2074 2075 2062
2062 2063 2075
2075 2076 2063
2063 2064 2076
2076 2077 2064
2064 2065 2077
2077 2078 2065
2065 2066 2078
2067 2068 2079
2079 2080 2068
2068 2069 2080
2080 2081 2069
2069 2070 2081
2081 2082 2070
2070 2071 2082
2082 2083 2071
2071 2072 2083
2083 2084 2072
2072 2073 2084
2084 2085 2073
2073 2074 2085
2085 2086 2074
2074 2075 2086
2086 2087 2075
2075 2076 2087
2087 2088 2076
2076 2077 2088
2088 2089 2077
2077 2078 2089
2079 2080 2090
2090 2091 2080
2080 2081 2091
2091 2092 2081
2081 2082 2092
2092 2093 2082
2082 2083 2093
2093 2094 2083
2083 2084 2094
2094 2095 2084
2084 2085 2095
2095 2096 2085
2085 2086 2096
2096 2097 2086
2086 2087 2097
2097 2098 2087
2087 2088 2098
2098 2099 2088
2088 2089 2099
2090 2091 2100
2100 2101 2091
2091 2092 2101
2101 2102 2092
2092 2093 2102
2102 2103 2093
2093 2094 2103
2103 2104 2094
2094 2095 2104
2104 2105 2095
2095 2096 2105
2105 2106 2096
2096 2097 2106
2106 2107 2097
2097 2098 2107
2107 2108 2098
2098 2099 2108
2100 2101 2109
2109 2110 2101
2101 2102 2110
2110 2111 2102
2102 2103 2111
2111 2112 2103
2103 2104 2112
2112 2113 2104
2104 2105 2113
2113 2114 2105
2105 2106 2114
2114 2115 2106
2106 2107 2115
2115 2116 2107
2107 2108 2116
2109 2110 2117
2117 2118 2110
2110 2111 2118
2118 2119 2111
2111 2112 2119
2119 2120 2112
2112 2113 2120
2120 2121 2113
2113 2114 2121
2121 2122 2114
2114 2115 2122
2122 2123 2115
2115 2116 2123
2117 2118 2124
2124 2125 2118
2118 2119 2125
2125 2126 2119
2119 2120 2126
2126 2127 2120
2120 2121 2127
2127 2128 2121
2121 2122 2128
2128 2129 2122
2122 2123 2129
2124 2125 2130
2130 2131 2125
2125 2126 2131
2131 2132 2126
2126 2127 2132
2132 2133 2127
2127 2128 2133
2133 2134 2128
2128 2129 2134
2130 2131 2135
2135 2136 2131
2131 2132 2136
2136 2137 2132
2132 2133 2137
2137 2138 2133
2133 2134 2138
2135 2136 2139
2139 2140 2136
2136 2137 2140
2140 2141 2137
2137 2138 2141
2139 2140 2142
2142 2143 2140
2140 2141 2143
2142 2143 2144
