0 1 33
33 34 1
1 2 34
34 35 2
2 3 35
35 36 3
3 4 36
36 37 4
4 5 37
37 38 5
5 6 38
38 39 6
6 7 39
39 40 7
7 8 40
40 41 8
8 9 41
41 42 9
9 10 42
42 43 10
10 11 43
43 44 11
11 12 44
44 45 12
12 13 45
45 46 13
13 14 46
46 47 14
14 15 47
47 48 15
15 16 48
48 49 16
16 17 49
49 50 17
17 18 50
50 51 18
18 19 51
51 52 19
19 20 52
52 53 20
20 21 53
53 54 21
21 22 54
54 55 22
22 23 55
55 56 23
23 24 56
56 57 24
24 25 57
57 58 25
25 26 58
58 59 26
26 27 59
59 60 27
27 28 60
60 61 28
28 29 61
61 62 29
29 30 62
62 63 30
30 31 63
63 64 31
31 32 64
33 34 65
65 66 34
34 35 66
66 67 35
35 36 67
67 68 36
36 37 68
68 69 37
37 38 69
69 70 38
38 39 70
70 71 39
39 40 71
71 72 40
40 41 72
72 73 41
41 42 73
73 74 42
42 43 74
74 75 43
43 44 75
75 76 44
44 45 76
76 77 45
45 46 77
77 78 46
46 47 78
78 79 47
47 48 79
79 80 48
48 49 80
80 81 49
49 50 81
81 82 50
50 51 82
82 83 51
51 52 83
83 84 52
52 53 84
84 85 53
53 54 85
85 86 54
54 55 86
86 87 55
55 56 87
87 88 56
56 57 88
88 89 57
57 58 89
89 90 58
58 59 90
90 91 59
59 60 91
91 92 60
60 61 92
92 93 61
61 62 93
93 94 62
62 63 94
94 95 63
63 64 95
65 66 96
96 97 66
66 67 97
97 98 67
67 68 98
98 99 68
68 69 99
99 100 69
69 70 100
100 101 70
70 71 101
101 102 71
71 72 102
102 103 72
72 73 103
103 104 73
73 74 104
104 105 74
74 75 105
105 106 75
75 76 106
106 107 76
76 77 107
107 108 77
77 78 108
108 109 78
78 79 109
109 110 79
79 80 110
110 111 80
80 81 111
111 112 81
81 82 112
112 113 82
82 83 113
113 114 83
83 84 114
114 115 84
84 85 115
115 116 85
85 86 116
116 117 86
86 87 117
117 118 87
87 88 118
118 119 88
88 89 119
119 120 89
89 90 120
120 121 90
90 91 121
121 122 91
91 92 122
122 123 92
92 93 123
123 124 93
93 94 124
124 125 94
94 95 125
96 97 126
126 127 97
97 98 127
127 128 98
98 99 128
128 129 99
99 100 129
129 130 100
100 101 130
130 131 101
101 102 131
131 132 102
102 103 132
132 133 103
103 104 133
133 134 104
104 105 134
134 135 105
105 106 135
135 136 106
106 107 136
136 137 107
107 108 137
137 138 108
108 109 138
138 139 109
109 110 139
139 140 110
110 111 140
140 141 111
111 112 141
141 142 112
112 113 142
142 143 113
113 114 143
143 144 114
114 115 144
144 145 115
115 116 145
145 146 116
116 117 146
146 147 117
117 118 147
147 148 118
118 119 148
148 149 119
119 120 149
149 150 120
120 121 150
150 151 121
121 122 151
151 152 122
122 123 152
152 153 123
123 124 153
153 154 124
124 125 154
126 127 155
155 156 127
127 128 156
156 157 128
128 129 157
157 158 129
129 130 158
158 159 130
130 131 159
159 160 131
131 132 160
160 161 132
132 133 161
161 162 133
133 134 162
162 163 134
134 135 163
163 164 135
135 136 164
164 165 136
136 137 165
165 166 137
137 138 166
166 167 138
138 139 167
167 168 139
139 140 168
168 169 140
140 141 169
169 170 141
141 142 170
170 171 142
142 143 171
171 172 143
143 144 172
172 173 144
144 145 173
173 174 145
145 146 174
174 175 146
146 147 175
175 176 147
147 148 176
176 177 148
148 149 177
177 178 149
149 150 178
178 179 150
150 151 179
179 180 151
151 152 180
180 181 152
152 153 181
181 182 153
153 154 182
155 156 183
183 184 156
156 157 184
184 185 157
157 158 185
185 186 158
158 159 186
186 187 159
159 160 187
187 188 160
160 161 188
188 189 161
161 162 189
189 190 162
162 163 190
190 191 163
163 164 191
191 192 164
164 165 192
192 193 165
165 166 193
193 194 166
166 167 194
194 195 167
167 168 195
195 196 168
168 169 196
196 197 169
169 170 197
197 198 170
170 171 198
198 199 171
171 172 199
199 200 172
172 173 200
200 201 173
173 174 201
201 202 174
174 175 202
202 203 175
175 176 203
203 204 176
176 177 204
204 205 177
177 178 205
205 206 178
178 179 206
206 207 179
179 180 207
207 208 180
180 181 208
208 209 181
181 182 209
183 184 210
210 211 184
184 185 211
211 212 185
185 186 212
212 213 186
186 187 213
213 214 187
187 188 214
214 215 188
188 189 215
215 216 189
189 190 216
216 217 190
190 191 217
217 218 191
191 192 218
218 219 192
192 193 219
219 220 193
193 194 220
220 221 194
194 195 221
221 222 195
195 196 222
222 223 196
196 197 223
223 224 197
197 198 224
224 225 198
198 199 225
225 226 199
199 200 226
226 227 200
200 201 227
227 228 201
201 202 228
228 229 202
202 203 229
229 230 203
203 204 230
230 231 204
204 205 231
231 232 205
205 206 232
232 233 206
206 207 233
233 234 207
207 208 234
234 235 208
208 209 235
210 211 236
236 237 211
211 212 237
237 238 212
212 213 238
238 239 213
213 214 239
239 240 214
214 215 240
240 241 215
215 216 241
241 242 216
216 217 242
242 243 217
217 218 243
243 244 218
218 219 244
244 245 219
219 220 245
245 246 220
220 221 246
246 247 221
221 222 247
247 248 222
222 223 248
248 249 223
223 224 249
249 250 224
224 225 250
250 251 225
225 226 251
251 252 226
226 227 252
252 253 227
227 228 253
253 254 228
228 229 254
254 255 229
229 230 255
255 256 230
230 231 256
256 257 231
231 232 257
257 258 232
232 233 258
258 259 233
233 234 259
259 260 234
234 235 260
236 237 261
261 262 237
237 238 262
262 263 238
238 239 263
263 264 239
239 240 264
264 265 240
240 241 265
265 266 241
241 242 266
266 267 242
242 243 267
267 268 243
243 244 268
268 269 244
244 245 269
269 270 245
245 246 270
270 271 246
246 247 271
271 272 247
247 248 272
272 273 248
248 249 273
273 274 249
249 250 274
274 275 250
250 251 275
275 276 251
251 252 276
276 277 252
252 253 277
277 278 253
253 254 278
278 279 254
254 255 279
279 280 255
255 256 280
280 281 256
256 257 281
281 282 257
257 258 282
282 283 258
258 259 283
283 284 259
259 260 284
261 262 285
285 286 262
262 263 286
286 287 263
263 264 287
287 288 264
264 265 288
288 289 265
265 266 289
289 290 266
266 267 290
290 291 267
267 268 291
291 292 268
268 269 292
292 293 269
269 270 293
293 294 270
270 271 294
294 295 271
271 272 295
295 296 272
272 273 296
296 297 273
273 274 297
297 298 274
274 275 298
298 299 275
275 276 299
299 300 276
276 277 300
300 301 277
277 278 301
301 302 278
278 279 302
302 303 279
279 280 303
303 304 280
280 281 304
304 305 281
281 282 305
305 306 282
282 283 306
306 307 283
283 284 307
285 286 308
308 309 286
286 287 309
309 310 287
287 288 310
310 311 288
288 289 311
311 312 289
289 290 312
312 313 290
290 291 313
313 314 291
291 292 314
314 315 292
292 293 315
315 316 293
293 294 316
316 317 294
294 295 317
317 318 295
295 296 318
318 319 296
296 297 319
319 320 297
297 298 320
320 321 298
298 299 321
321 322 299
299 300 322
322 323 300
300 301 323
323 324 301
301 302 324
324 325 302
302 303 325
325 326 303
303 304 326
326 327 304
304 305 327
327 328 305
305 306 328
328 329 306
306 307 329
308 309 330
330 331 309
309 310 331
331 332 310
310 311 332
332 333 311
311 312 333
333 334 312
312 313 334
334 335 313
313 314 335
335 336 314
314 315 336
336 337 315
315 316 337
337 338 316
316 317 338
338 339 317
317 318 339
339 340 318
318 319 340
340 341 319
319 320 341
341 342 320
320 321 342
342 343 321
321 322 343
343 344 322
322 323 344
344 345 323
323 324 345
345 346 324
324 325 346
346 347 325
325 326 347
347 348 326
326 327 348
348 349 327
327 328 349
349 350 328
328 329 350
330 331 351
351 352 331
331 332 352
352 353 332
332 333 353
353 354 333
333 334 354
354 355 334
334 335 355
355 356 335
335 336 356
356 357 336
336 337 357
357 358 337
337 338 358
358 359 338
338 339 359
359 360 339
339 340 360
360 361 340
340 341 361
361 362 341
341 342 362
362 363 342
342 343 363
363 364 343
343 344 364
364 365 344
344 345 365
365 366 345
345 346 366
366 367 346
346 347 367
367 368 347
347 348 368
368 369 348
348 349 369
369 370 349
349 350 370
351 352 371
371 372 352
352 353 372
372 373 353
353 354 373
373 374 354
354 355 374
374 375 355
355 356 375
375 376 356
356 357 376
376 377 357
357 358 377
377 378 358
358 359 378
378 379 359
359 360 379
379 380 360
360 361 380
380 381 361
361 362 381
381 382 362
362 363 382
382 383 363
363 364 383
383 384 364
364 365 384
384 385 365
365 366 385
385 386 366
366 367 386
386 387 367
367 368 387
387 388 368
368 369 388
388 389 369
369 370 389
371 372 390
390 391 372
372 373 391
391 392 373
373 374 392
392 393 374
374 375 393
393 394 375
375 376 394
394 395 376
376 377 395
395 396 377
377 378 396
396 397 378
378 379 397
397 398 379
379 380 398
398 399 380
380 381 399
399 400 381
381 382 400
400 401 382
382 383 401
401 402 383
383 384 402
402 403 384
384 385 403
403 404 385
385 386 404
404 405 386
386 387 405
405 406 387
387 388 406
406 407 388
388 389 407
390 391 408
408 409 391
391 392 409
409 410 392
392 393 410
410 411 393
393 394 411
411 412 394
394 395 412
412 413 395
395 396 413
413 414 396
396 397 414
414 415 397
397 398 415
415 416 398
398 399 416
416 417 399
399 400 417
417 418 400
400 401 418
418 419 401
401 402 419
419 420 402
402 403 420
420 421 403
403 404 421
421 422 404
404 405 422
422 423 405
405 406 423
423 424 406
406 407 424
408 409 425
425 426 409
409 410 426
426 427 410
410 411 427
427 428 411
411 412 428
428 429 412
412 413 429
429 430 413
413 414 430
430 431 414
414 415 431
431 432 415
415 416 432
432 433 416
416 417 433
433 434 417
417 418 434
434 435 418
418 419 435
435 436 419
419 420 436
436 437 420
420 421 437
437 438 421
421 422 438
438 439 422
422 423 439
439 440 423
423 424 440
425 426 441
441 442 426
426 427 442
442 443 427
427 428 443
443 444 428
428 429 444
444 445 429
429 430 445
445 446 430
430 431 446
446 447 431
431 432 447
447 448 432
432 433 448
448 449 433
433 434 449
449 450 434
434 435 450
450 451 435
435 436 451
451 452 436
436 437 452
452 453 437
437 438 453
453 454 438
438 439 454
454 455 439
439 440 455
441 442 456
456 457 442
442 443 457
457 458 443
443 444 458
458 459 444
444 445 459
459 460 445
445 446 460
460 461 446
446 447 461
461 462 447
447 448 462
462 463 448
448 449 463
463 464 449
449 450 464
464 465 450
450 451 465
465 466 451
451 452 466
466 467 452
452 453 467
467 468 453
453 454 468
468 469 454
454 455 469
456 457 470
470 471 457
457 458 471
471 472 458
458 459 472
472 473 459
459 460 473
473 474 460
460 461 474
474 475 461
461 462 475
475 476 462
462 463 476
476 477 463
463 464 477
477 478 464
464 465 478
478 479 465
465 466 479
479 480 466
466 467 480
480 481 467
467 468 481
481 482 468
468 469 482
470 471 483
483 484 471
471 472 484
484 485 472
472 473 485
485 486 473
473 474 486
486 487 474
474 475 487
487 488 475
475 476 488
488 489 476
476 477 489
489 490 477
477 478 490
490 491 478
478 479 491
491 492 479
479 480 492
492 493 480
480 481 493
493 494 481
481 482 494
483 484 495
495 496 484
484 485 496
496 497 485
485 486 497
497 498 486
486 487 498
498 499 487
487 488 499
499 500 488
488 489 500
500 501 489
489 490 501
501 502 490
490 491 502
502 503 491
491 492 503
503 504 492
492 493 504
504 505 493
493 494 505
495 496 506
506 507 496
496 497 507
507 508 497
497 498 508
508 509 498
498 499 509
509 510 499
499 500 510
510 511 500
500 501 511
511 512 501
501 502 512
512 513 502
502 503 513
513 514 503
503 504 514
514 515 504
504 505 515
506 507 516
516 517 507
507 508 517
517 518 508
508 509 518
518 519 509
509 510 519
519 520 510
510 511 520
520 521 511
511 512 521
521 522 512
512 513 522
522 523 513
513 514 523
523 524 514
514 515 524
516 517 525
525 526 517
517 518 526
526 527 518
518 519 527
527 528 519
519 520 528
528 529 520
520 521 529
529 530 521
521 522 530
530 531 522
522 523 531
531 532 523
523 524 532
525 526 533
533 534 526
526 527 534
534 535 527
527 528 535
535 536 528
528 529 536
536 537 529
529 530 537
537 538 530
530 531 538
538 539 531
531 532 539
533 534 540
540 541 534
534 535 541
541 542 535
535 536 542
542 543 536
536 537 543
543 544 537
537 538 544
544 545 538
538 539 545
540 541 546
546 547 541
541 542 547
547 548 542
542 543 548
548 549 543
543 544 549
549 550 544
544 545 550
546 547 551
551 552 547
547 548 552
552 553 548
548 549 553
553 554 549
549 550 554
551 552 555
555 556 552
552 553 556
556 557 553
553 554 557
555 556 558
558 559 556
556 557 559
558 559 560
