0 1.000000000000 0.000000000000
1 0.990022981250 0.009977018750
2 0.980169914350 0.019830085650
3 0.970436811375 0.029563188625
4 0.960819822762 0.039180177238
5 0.951315230867 0.048684769133
6 0.941919442322 0.058080557678
7 0.932628979297 0.067371020703
8 0.923440469993 0.076559530007
9 0.914350638844 0.085649361156
10 0.905356296936 0.094643703064
11 0.896454333284 0.103545666716
12 0.887641707487 0.112358292513
13 0.878915444502 0.121084555498
14 0.870272631846 0.129727368154
15 0.861710419761 0.138289580239
16 0.853226024027 0.146773975974
17 0.844816731399 0.155183268601
18 0.836479906544 0.163520093456
19 0.828212999956 0.171787000044
20 0.820013555304 0.179986444696
21 0.811879215683 0.188120784317
22 0.803807727421 0.196192272579
23 0.795796941387 0.204203058612
24 0.787844811149 0.212155188851
25 0.779949388458 0.220050611542
26 0.772108816247 0.227891183753
27 0.764321319814 0.235678680186
28 0.756585197017 0.243414802983
29 0.748898807823 0.251101192177
30 0.741260564409 0.258739435591
31 0.733668921412 0.266331078588
32 0.726122367749 0.273877632251
33 0.718619418719 0.281380581281
34 0.711158610097 0.288841389903
35 0.703738492184 0.296261507816
36 0.696357625989 0.303642374011
37 0.689014578990 0.310985421010
38 0.681707923245 0.318292076755
39 0.674436232893 0.325563767107
40 0.667198084282 0.332801915718
41 0.659992055399 0.340007944601
42 0.652816728029 0.347183271971
43 0.645670688968 0.354329311032
44 0.638552533710 0.361447466290
45 0.631460868642 0.368539131358
46 0.624394314970 0.375605685030
47 0.617351510425 0.382648489575
48 0.610331111994 0.389668888007
49 0.603331795917 0.396668204083
50 0.596352258117 0.403647741883
51 0.589391211710 0.410608788290
52 0.582447384699 0.417552615301
53 0.575519515058 0.424480484942
54 0.568606346214 0.431393653786
55 0.561706620718 0.438293379282
56 0.554819074935 0.445180925065
57 0.547942433023 0.452057566977
58 0.541075402621 0.458924597379
59 0.534216670863 0.465783329137
60 0.527364902568 0.472635097432
61 0.520518739521 0.479481260479
62 0.513676802115 0.486323197885
63 0.506837692524 0.493162307477
64 0.500000000000 0.500000000000
65 0.980121872701 0.009939063650
66 0.970342473643 0.019755257655
67 0.960680867124 0.029452532957
68 0.951133271784 0.039034703482
69 0.941696035662 0.048505454028
70 0.932365628748 0.057868349345
71 0.923138634434 0.067126844055
72 0.914011740136 0.076284292898
73 0.904981727601 0.085343960771
74 0.896045463363 0.094309031869
75 0.887199889989 0.103182617391
76 0.878442018634 0.111967761041
77 0.869768923629 0.120667441977
78 0.861177739441 0.129284574668
79 0.852665660573 0.137822005980
80 0.844229944123 0.146282509502
81 0.835867915043 0.154668778340
82 0.827576972980 0.162983416852
83 0.819354600261 0.171228933054
84 0.811198369418 0.179407732134
85 0.803105949766 0.187522112591
86 0.795075111611 0.195574264950
87 0.787103728043 0.203566273799
88 0.779189773556 0.211500122568
89 0.771331319990 0.219377700903
90 0.763526529905 0.227200813869
91 0.755773648051 0.234971192156
92 0.748070991774 0.242690502913
93 0.740416940648 0.250360359947
94 0.732809926646 0.257982333790
95 0.725248424313 0.265557960024
96 0.717730942597 0.273088747424
97 0.710256016783 0.280576183864
98 0.702822202613 0.288021742478
99 0.695428070117 0.295426885365
100 0.688072199840 0.302793068004
101 0.680753178341 0.310121740943
102 0.673469596338 0.317414352431
103 0.666220045889 0.324672347988
104 0.659003120552 0.331897171071
105 0.651817414457 0.339090260536
106 0.644661524526 0.346253049505
107 0.637534051356 0.353386961275
108 0.630433603061 0.360493407260
109 0.623358797251 0.367573782734
110 0.616308265240 0.374629465367
111 0.609280653658 0.381661812280
112 0.602274627569 0.388672160411
113 0.595288870462 0.395661825997
114 0.588322085113 0.402632107518
115 0.581372991121 0.409584287997
116 0.574440322989 0.416519640391
117 0.567522825175 0.423439432107
118 0.560619247812 0.430344931709
119 0.553728340234 0.437237414153
120 0.546848845698 0.444118167003
121 0.539979495084 0.450988494522
122 0.533119002446 0.457849721658
123 0.526266060648 0.464703195489
124 0.519419339314 0.471550285767
125 0.512577483707 0.478392382814
126 0.505739116092 0.485230894051
127 0.498902838580 0.492067238237
128 0.960634565805 0.019682717097
129 0.951042340935 0.029345260940
130 0.941562083032 0.038893680758
131 0.932190204091 0.048331631193
132 0.922923236806 0.057662651382
133 0.913757826053 0.066890175790
134 0.904690719446 0.076017544923
135 0.895718757482 0.085048015182
136 0.886838863729 0.093984767261
137 0.878048035740 0.102830912296
138 0.869343337158 0.111589495369
139 0.860721891829 0.120263495763
140 0.852180880277 0.128855824254
141 0.843717539188 0.137369317435
142 0.835329163706 0.145806730275
143 0.827013112596 0.154170727477
144 0.818766815238 0.162463875363
145 0.810587779941 0.170688634886
146 0.802473602013 0.178847357274
147 0.794421970970 0.186942282401
148 0.786430675473 0.194975540614
149 0.778497605786 0.202949157499
150 0.770620753036 0.210865061380
151 0.762798205648 0.218725092809
152 0.755028143079 0.226531015136
153 0.747308827526 0.234284525763
154 0.739638594387 0.241987266777
155 0.732015841932 0.249640835393
156 0.724439021321 0.257246792666
157 0.716906626734 0.264806671864
158 0.709417186963 0.272321984663
159 0.701969257325 0.279794227393
160 0.694561413508 0.287224884948
161 0.687192245435 0.294615435180
162 0.679860353171 0.301967350739
163 0.672564342475 0.309282101587
164 0.665302822564 0.316561154682
165 0.658074403352 0.323805974427
166 0.650877695185 0.331018020200
167 0.643711308005 0.338198744925
168 0.636573853174 0.345349591023
169 0.629463944546 0.352471988024
170 0.622380202034 0.359567348377
171 0.615321253925 0.366637065707
172 0.608285740935 0.373682512039
173 0.601272318274 0.380705037990
174 0.594279658707 0.387705972535
175 0.587306453038 0.394686625893
176 0.580351410953 0.401648292212
177 0.573413258997 0.408592254989
178 0.566490738571 0.415519791999
179 0.559582601284 0.422432182057
180 0.552687604457 0.429330710576
181 0.545804504742 0.436216675774
182 0.538932052502 0.443091392920
183 0.532068985421 0.449956198167
184 0.525214023633 0.456812449950
185 0.518365865170 0.463661529238
186 0.511523183472 0.470504837200
187 0.504684626047 0.477343791344
188 0.497848815470 0.484179819413
189 0.491014352098 0.491014352098
190 0.941517447146 0.029241276427
191 0.932102533384 0.038756983644
192 0.922794074898 0.048163146362
193 0.913588667278 0.057463280414
194 0.904483017772 0.066660802418
195 0.895473935523 0.075759040565
196 0.886558321267 0.084761244010
197 0.877733156958 0.093670590016
198 0.868995496008 0.102490188383
199 0.860342454676 0.111223082510
200 0.851771205451 0.119872247268
201 0.843278972904 0.128440583620
202 0.834863032736 0.136930911175
203 0.826520713886 0.145345959197
204 0.818249403822 0.153688357917
205 0.810046555950 0.161960630778
206 0.801909698607 0.170165189286
207 0.793836443964 0.178304330610
208 0.785824496191 0.186380238828
209 0.777871657302 0.194394989271
210 0.769975830457 0.202350555879
211 0.762135019901 0.210248820738
212 0.754347327883 0.218091584918
213 0.746610948703 0.225880580119
214 0.738924160512 0.233617479776
215 0.731285315793 0.241303910024
216 0.723692830841 0.248941458851
217 0.716145175678 0.256531684944
218 0.708640863886 0.264076124169
219 0.701178444096 0.271576296169
220 0.693756491603 0.279033708387
221 0.686373602166 0.286449860716
222 0.679028385560 0.293826247322
223 0.671719461467 0.301164359377
224 0.664445454677 0.308465684613
225 0.657204992833 0.315731707959
226 0.649996703287 0.322963908836
227 0.642819212847 0.330163759870
228 0.635671146585 0.337332722516
229 0.628551129769 0.344472244766
230 0.621457788702 0.351583756575
231 0.614389754552 0.358668668229
232 0.607345665577 0.365728367220
233 0.600324171567 0.372764218635
234 0.593323935922 0.379777564683
235 0.586343639151 0.386769727886
236 0.579381979409 0.393742013647
237 0.572437673723 0.400695716081
238 0.565509455963 0.407632122935
239 0.558596075078 0.414552522790
240 0.551696290294 0.421458210652
241 0.544808866661 0.428350494528
242 0.537932568373 0.435230699639
243 0.531066153004 0.442100172460
244 0.524208364744 0.448960281935
245 0.517357929286 0.455812419731
246 0.510513548889 0.462657997573
247 0.503673899625 0.469498443208
248 0.496837629736 0.476335193873
249 0.490003360461 0.483169688718
250 0.922751033395 0.038624483302
251 0.913504121726 0.047999837305
252 0.904358457685 0.057270039306
253 0.895310812139 0.066438489749
254 0.886358057160 0.075508505814
255 0.877497154975 0.084483329855
256 0.868725146721 0.093366135113
257 0.860039141737 0.102160027956
258 0.851436307996 0.110868046739
259 0.842913864624 0.119493157098
260 0.834469077102 0.128038244776
261 0.826099255956 0.136506106509
262 0.817801758893 0.144899440785
263 0.809573996477 0.153220839242
264 0.801413440279 0.161472780470
265 0.793317632845 0.169657626531
266 0.785284197747 0.177777623187
267 0.777310848879 0.185834903458
268 0.769395397382 0.193831494436
269 0.761535755837 0.201769326600
270 0.753729938868 0.209650244698
271 0.745976060505 0.217476019688
272 0.738272328404 0.225248360306
273 0.730617035689 0.232968924583
274 0.723008551249 0.240639329592
275 0.715445309064 0.248261160840
276 0.707925797761 0.255835979250
277 0.700448550299 0.263365328132
278 0.693012135074 0.270850737560
279 0.685615147459 0.278293729210
280 0.678256203224 0.285695818428
281 0.670933932073 0.293058517015
282 0.663646973121 0.300383332986
283 0.656393970098 0.307671771157
284 0.649173568655 0.314925330600
285 0.641984413243 0.322145503203
286 0.634825146450 0.329333769387
287 0.627694407933 0.336491595557
288 0.620590836050 0.343620429555
289 0.613513068993 0.350721698695
290 0.606459748463 0.357796806655
291 0.599429522331 0.364847133576
292 0.592421049046 0.371874035688
293 0.585433000208 0.378878848310
294 0.578464064076 0.385862888642
295 0.571512946559 0.392827461535
296 0.564578372386 0.399773864748
297 0.557659083385 0.406703396216
298 0.550753836522 0.413617360020
299 0.543861399196 0.420517073080
300 0.536980544432 0.427403869693
301 0.530110044110 0.434279105606
302 0.523248662761 0.441144159395
303 0.516395150613 0.448000432600
304 0.509548238026 0.454849347009
305 0.502706630358 0.461692340356
306 0.495869004847 0.468530859555
307 0.489034008863 0.475366352758
308 0.482200260643 0.482200260643
309 0.904316947451 0.047841526275
310 0.895229276294 0.057082708918
311 0.886237944064 0.066222974544
312 0.877339886924 0.075265630159
313 0.868532129300 0.084213911439
314 0.859811771492 0.093070986504
315 0.851175977798 0.101839956148
316 0.842621965844 0.110523850185
317 0.834146998231 0.119125620943
318 0.825748377160 0.127648134275
319 0.817423442975 0.136094159978
320 0.809169576578 0.144466362360
321 0.800984205823 0.152767292895
322 0.792864814697 0.160999385395
323 0.784808954563 0.169164954913
324 0.776814255546 0.177266200084
325 0.768878437114 0.185305209025
326 0.760999316141 0.193283968052
327 0.753174811960 0.201204372327
328 0.745402947595 0.209068237902
329 0.737681847425 0.216877313644
330 0.730009731527 0.224633293312
331 0.722384907363 0.232337825935
332 0.714805759903 0.239992525895
333 0.707270740579 0.247598980497
334 0.699778356604 0.255158757526
335 0.692327160239 0.262673410004
336 0.684915739735 0.270144481448
337 0.677542710477 0.277573508115
338 0.670206708305 0.284962022103
339 0.662906382654 0.292311551150
340 0.655640391967 0.299623619496
341 0.648407398481 0.306899745266
342 0.641206065493 0.314141439262
343 0.634035053858 0.321350200489
344 0.626893021371 0.328527513752
345 0.619778621435 0.335674844792
346 0.612690504899 0.342793638372
347 0.605627321083 0.349885314776
348 0.598587721817 0.356951269942
349 0.591570364126 0.363992874728
350 0.584573915083 0.371011478035
351 0.577597054454 0.378008409351
352 0.570638478617 0.384984984772
353 0.563696901569 0.391942512166
354 0.556771056367 0.398882298812
355 0.549859693272 0.405805657424
356 0.542961577843 0.412713913281
357 0.536075485931 0.419608408847
358 0.529200198731 0.426490508246
359 0.522334495610 0.433361598636
360 0.515477147651 0.440223090562
361 0.508626910288 0.447076415081
362 0.501782517482 0.453923019453
363 0.494942676264 0.460764360070
364 0.488106063473 0.467601894311
365 0.481271323952 0.474437071415
366 0.886197913527 0.056901043236
367 0.877261271244 0.066013960453
368 0.868416350316 0.075030064137
369 0.859660237255 0.083952583219
370 0.850990090460 0.092784679805
371 0.842403127041 0.101529446978
372 0.833896611043 0.110189903309
373 0.825467844291 0.118768984380
374 0.817114160658 0.127269533115
375 0.808832924715 0.135694289685
376 0.800621534759 0.144045883035
377 0.792477430209 0.152326824602
378 0.784398102127 0.160539505610
379 0.776381105914 0.168686197886
380 0.768424074184 0.176769058429
381 0.760524728684 0.184790137151
382 0.752680889458 0.192751386937
383 0.744890480721 0.200654675519
384 0.737151532578 0.208501797567
385 0.729462178916 0.216294487247
386 0.721820651683 0.224034429235
387 0.714225272427 0.231723269534
388 0.706674442030 0.239362623787
389 0.699166629386 0.246954085499
390 0.691700360255 0.254499231390
391 0.684274206299 0.261999627096
392 0.676886775565 0.269456829825
393 0.669536703498 0.276872391709
394 0.662222645808 0.284247859891
395 0.654943271534 0.291584777509
396 0.647697257997 0.298884681324
397 0.640483285552 0.306149100518
398 0.633300034421 0.313379552394
399 0.626146181249 0.320577539855
400 0.619020398155 0.327744546595
401 0.611921351632 0.334882034917
402 0.604847704205 0.341991442192
403 0.597798115852 0.349074180631
404 0.590771248009 0.356131636494
405 0.583765766756 0.363165172897
406 0.576780347698 0.370176132395
407 0.569813679090 0.377165842812
408 0.562864465733 0.384135622590
409 0.555931430326 0.391086788418
410 0.549013314731 0.398020661578
411 0.542108878243 0.404938575213
412 0.535216895333 0.411841879355
413 0.528336150562 0.418731945566
414 0.521465433161 0.425610168668
415 0.514603529649 0.432477967161
416 0.507749216901 0.439336780518
417 0.500901254550 0.446188064772
418 0.494058378787 0.453033285379
419 0.487219296789 0.459873908818
420 0.480382683348 0.466711393179
421 0.473547179243 0.473547179243
422 0.868377762155 0.065811118923
423 0.859584482214 0.074801422638
424 0.850878578852 0.083698902022
425 0.842257266319 0.092506712430
426 0.833717811189 0.101227937926
427 0.825257519579 0.109865583666
428 0.816873727401 0.118422566490
429 0.808563794536 0.126901704419
430 0.800325103931 0.135305707210
431 0.792155065536 0.143637168601
432 0.784051125002 0.151898561907
433 0.776010775729 0.160092239018
434 0.768031573172 0.168220433324
435 0.760111149241 0.176285266076
436 0.752247225531 0.184288755496
437 0.744437623527 0.192232828123
438 0.736680271153 0.200119330834
439 0.728973204897 0.207950043691
440 0.721314567745 0.215726691518
441 0.713702603383 0.223450955477
442 0.706135647373 0.231124482163
443 0.698612116598 0.238748892648
444 0.691130497441 0.246325788513
445 0.683689334336 0.253856758209
446 0.676287218319 0.261343380147
447 0.668922777286 0.268787226525
448 0.661594666543 0.276189863641
449 0.654301561526 0.283552853247
450 0.647042150413 0.290877750271
451 0.639815128982 0.298166101915
452 0.632619194953 0.305419443336
453 0.625453044802 0.312639295330
454 0.618315370030 0.319827159338
455 0.611204856351 0.326984515348
456 0.604120182458 0.334112817999
457 0.597060021991 0.341213496325
458 0.590023044983 0.348287952528
459 0.583007922292 0.355337564748
460 0.576013328890 0.362363689261
461 0.569037949171 0.369367666388
462 0.562080480143 0.376350825612
463 0.555139635616 0.383314493448
464 0.548214147469 0.390259999761
465 0.541302766992 0.397188685431
466 0.534404262880 0.404101907512
467 0.527517418838 0.411001044346
468 0.520641028069 0.417887497448
469 0.513773887590 0.424762692335
470 0.506914790391 0.431628075857
471 0.500062518203 0.438485111996
472 0.493215833547 0.445335274578
473 0.486373473350 0.452180038839
474 0.479534143294 0.459020871681
475 0.472696514569 0.465859222475
476 0.850841411335 0.074579294332
477 0.842184343740 0.083452400021
478 0.833610546059 0.092236560939
479 0.825117329862 0.100934851250
480 0.816702038072 0.109550261756
481 0.808362034908 0.118085689315
482 0.800094700314 0.126543926645
483 0.791897429801 0.134927653258
484 0.783767639599 0.143239429313
485 0.775702776865 0.151481692693
486 0.767700333404 0.159656760004
487 0.759757861622 0.167766831243
488 0.751872990424 0.175813997553
489 0.744043439682 0.183800251710
490 0.736267031325 0.191727499723
491 0.728541696475 0.199597573734
492 0.720865477772 0.207412244003
493 0.713236527329 0.215173231160
494 0.705653100647 0.222882216120
495 0.698113547513 0.230540849999
496 0.690616300932 0.238150760981
497 0.683159864971 0.245713561421
498 0.675742802765 0.253230851579
499 0.668363724795 0.260704223949
500 0.661021278626 0.268135264025
501 0.653714139273 0.275525551957
502 0.646441001421 0.282876660604
503 0.639200571935 0.290190154796
504 0.631991564256 0.297467587268
505 0.624812692739 0.304710496365
506 0.617662669119 0.311920401180
507 0.610540198930 0.319098799293
508 0.603443980506 0.326247162857
509 0.596372704069 0.333366938012
510 0.589325053676 0.340459543534
511 0.582299709121 0.347526373191
512 0.575295350429 0.354568797822
513 0.568310661637 0.361588170919
514 0.561344336138 0.368585833758
515 0.554395080231 0.375563123117
516 0.547461617212 0.382521377807
517 0.540542688771 0.389461946401
518 0.533637056041 0.396386192775
519 0.526743497493 0.403295501447
520 0.519860806081 0.410191279913
521 0.512987783488 0.417074959713
522 0.506123233917 0.423947994123
523 0.499265955973 0.430811854063
524 0.492414734995 0.437668020948
525 0.485568334938 0.444517978163
526 0.478725491835 0.451363201174
527 0.471884908296 0.458205148017
528 0.465045250430 0.465045250430
529 0.833574793010 0.083212603495
530 0.825047241170 0.091973703445
531 0.816599039375 0.100649620496
532 0.808227561433 0.109243330603
533 0.799930193787 0.117757710631
534 0.791704330517 0.126195528180
535 0.783547374241 0.134559433833
536 0.775456742707 0.142851956274
537 0.767429880655 0.151075501234
538 0.759464275254 0.159232354197
539 0.751557473676 0.167324686495
540 0.743707100407 0.175354564542
541 0.735910872789 0.183323960682
542 0.728166612889 0.191234765832
543 0.720472255013 0.199088801634
544 0.712825848181 0.206887833250
545 0.705225553908 0.214633580025
546 0.697669639878 0.222327726317
547 0.690156470361 0.229971929248
548 0.682684494782 0.237567826712
549 0.675252235000 0.245117041839
550 0.667858272970 0.252621188030
551 0.660501238474 0.260081870203
552 0.653179798596 0.267500686967
553 0.645892647582 0.274879228943
554 0.638638498883 0.282219078429
555 0.631416077218 0.289521805438
556 0.624224112901 0.296788965697
557 0.617061335853 0.304022095730
558 0.609926472149 0.311222710735
559 0.602818240280 0.318392300416
560 0.595735350406 0.325532328384
561 0.588676503465 0.332644230379
562 0.581640393506 0.339729416510
563 0.574625709720 0.346789272854
564 0.567631141370 0.353825166945
565 0.560655381687 0.360838452536
566 0.553697133547 0.367830477398
567 0.546755112992 0.374802589686
568 0.539828053436 0.381756145965
569 0.532914706832 0.388692516823
570 0.526013844586 0.395613092684
571 0.519124255042 0.402519286364
572 0.512244740325 0.409412534662
573 0.505374110089 0.416294296275
574 0.498511174954 0.423166048114
575 0.491654737960 0.430029278227
576 0.484803586646 0.436885477433
577 0.477956484783 0.443736129263
578 0.471112165903 0.450582700292
579 0.464269328005 0.457426630863
580 0.816564708426 0.091717645787
581 0.808160332615 0.100371719155
582 0.799831512182 0.108944236985
583 0.791575649722 0.117438056344
584 0.783390147866 0.125855920712
585 0.775272411495 0.134200453244
586 0.767219855912 0.142474153630
587 0.759229920420 0.150679398703
588 0.751300085453 0.158818446610
589 0.743427891669 0.166893444490
590 0.735610958513 0.174906438210
591 0.727847000705 0.182859384417
592 0.720133840673 0.190754162572
593 0.712469416370 0.198592588063
594 0.704851783703 0.206376423492
595 0.697279114153 0.214107390360
596 0.689749688029 0.221787177750
597 0.682261884523 0.229417451297
598 0.674814169705 0.236999858539
599 0.667405083419 0.244536034744
600 0.660033226355 0.252027604840
601 0.652697247467 0.259476186135
602 0.645395832891 0.266883387118
603 0.638127695597 0.274250807456
604 0.630891566938 0.281580034367
605 0.623686188637 0.288872640780
606 0.616510306738 0.296130180607
607 0.609362665704 0.303354186584
608 0.602242004763 0.310546166134
609 0.595147054441 0.317707600517
610 0.588076535775 0.324839942923
611 0.581029159850 0.331944620311
612 0.574003630218 0.339023034790
613 0.566998645412 0.346076568673
614 0.560012903966 0.353106589089
615 0.553045108711 0.360114455489
616 0.546093972412 0.367101526068
617 0.539158221482 0.374069165737
618 0.532236599922 0.381018752028
619 0.525327870428 0.387951681091
620 0.518430814848 0.394869370719
621 0.511544231409 0.401773262263
622 0.504666930988 0.408664819040
623 0.497797730533 0.415545522952
624 0.490935445971 0.422416867760
625 0.484078883420 0.429280350837
626 0.477226831015 0.436137463166
627 0.470378050715 0.442989679494
628 0.463531271948 0.449838448793
629 0.456685186738 0.456685186738
630 0.799798621476 0.100100689262
631 0.791511322923 0.108652510502
632 0.783295849963 0.117126249897
633 0.775149608802 0.125524627685
634 0.767070002536 0.133850241262
635 0.759054440979 0.142105563641
636 0.751100355932 0.150292945569
637 0.743205219911 0.158414621392
638 0.735366566601 0.166472717383
639 0.727582010519 0.174469262861
640 0.719849264227 0.182406201791
641 0.712166151234 0.190285405946
642 0.704530613898 0.198108686616
643 0.696940715819 0.205877807025
644 0.689394639106 0.213594491911
645 0.681890677312 0.221260437500
646 0.674427224930 0.228877317806
647 0.667002764979 0.236446791416
648 0.659615855290 0.243970504184
649 0.652265115202 0.251450092694
650 0.644949212405 0.258887183573
651 0.637666851571 0.266283394018
652 0.630416763507 0.273640328451
653 0.623197696562 0.280959577038
654 0.616008408244 0.288242711035
655 0.608847659202 0.295491280818
656 0.601714207145 0.302706811604
657 0.594606803390 0.309890802621
658 0.587524189402 0.317044724839
659 0.580465096376 0.324170022681
660 0.573428244913 0.331268114911
661 0.566412347866 0.338340399496
662 0.559416113027 0.345388257737
663 0.552438248510 0.352413061680
664 0.545477467098 0.359416180244
665 0.538532492038 0.366398987341
666 0.531602060588 0.373362867749
667 0.524684927854 0.380309223504
668 0.517779867513 0.387239477135
669 0.510885671940 0.394155074134
670 0.504001148920 0.401057481697
671 0.497125117494 0.407948185896
672 0.490256400869 0.414828685234
673 0.483393818980 0.421700482774
674 0.476536179438 0.428565076172
675 0.469682269326 0.435423947869
676 0.462830847117 0.442278555255
677 0.455980636669 0.449130322850
678 0.783264423060 0.108367788470
679 0.775088230968 0.116821935624
680 0.766980152257 0.125201305876
681 0.758937585108 0.133508472218
682 0.750957931765 0.141745882808
683 0.743038615396 0.149915864881
684 0.735177100258 0.158020631422
685 0.727370913352 0.166062291077
686 0.719617664961 0.174042858989
687 0.711915066461 0.181964269717
688 0.704260943476 0.189828389101
689 0.696653243839 0.197637027248
690 0.689090039760 0.205391948881
691 0.681569524814 0.213094884299
692 0.674090006370 0.220747536674
693 0.666649894673 0.228351589864
694 0.659247689814 0.235908712019
695 0.651881967601 0.243420559888
696 0.644551365640 0.250888778818
697 0.637254569846 0.258315003858
698 0.629990302535 0.265700856872
699 0.622757311397 0.273047945374
700 0.615554360495 0.280357858125
701 0.608380221901 0.287632163251
702 0.601233669457 0.294872404025
703 0.594113472910 0.302080097883
704 0.587018394430 0.309256734053
705 0.579947185537 0.316403774908
706 0.572898586795 0.323522656610
707 0.565871327961 0.330614793516
708 0.558864130980 0.337681582045
709 0.551875713098 0.344724407686
710 0.544904792277 0.351744651004
711 0.537950091795 0.358743695585
712 0.531010345851 0.365722934062
713 0.524084303086 0.372683774606
714 0.517170730000 0.379627644569
715 0.510268411406 0.386555993286
716 0.503376149974 0.393470291368
717 0.496492762542 0.400372028298
718 0.489617075361 0.407262706509
719 0.482747916656 0.414143833833
720 0.475884108809 0.421016913823
721 0.469024459260 0.427883435963
722 0.462167752303 0.434744865745
723 0.455312741354 0.441602636509
724 0.448458143368 0.448458143368
725 0.766950211943 0.116524894029
726 0.758879194676 0.124885757839
727 0.750872570283 0.133174974238
728 0.742927732295 0.141394968114
729 0.735042094970 0.149548044722
730 0.727213114728 0.157636398149
731 0.719438312778 0.165662121118
732 0.711715296375 0.173627217355
733 0.704041777020 0.181533613355
734 0.696415583796 0.189383171667
735 0.688834671215 0.197177701876
736 0.681297121181 0.204918972435
737 0.673801139542 0.212608718951
738 0.666345048120 0.220248653070
739 0.658927273195 0.227840467081
740 0.651546332026 0.235385839205
741 0.644200818097 0.242886434381
742 0.636889386804 0.250343906123
743 0.629610741412 0.257759894120
744 0.622363620891 0.265136023567
745 0.615146788486 0.272473900973
746 0.607959022658 0.279775112522
747 0.600799108530 0.287041219810
748 0.593665831789 0.294273758915
749 0.586557972841 0.301474237743
750 0.579474303655 0.308644137250
751 0.572413584858 0.315784911638
752 0.565374565860 0.322897992521
753 0.558355985219 0.329984792279
754 0.551356574034 0.337046710853
755 0.544375059179 0.344085141346
756 0.537410168944 0.351101477938
757 0.530460637542 0.358097121770
758 0.523525210668 0.365073487706
759 0.516602648673 0.372032008116
760 0.509691729672 0.378974136202
761 0.502791249457 0.385901345643
762 0.495900020573 0.392815128837
763 0.489016868035 0.399716991385
764 0.482140624126 0.406608445112
765 0.475270120558 0.413490998630
766 0.468404180481 0.420366147807
767 0.461541609374 0.427235365744
768 0.454681187064 0.434100094465
769 0.447821660430 0.440961738365
770 0.750844131548 0.124577934226
771 0.742872345639 0.132849728469
772 0.734961221494 0.141052832441
773 0.727108164955 0.149189531076
774 0.719310625645 0.157262000574
775 0.711566120387 0.165272319970
776 0.703872254979 0.173222482486
777 0.696226742664 0.181114408902
778 0.688627417481 0.188949958917
779 0.681072241979 0.196730943728
780 0.673559308832 0.204459135213
781 0.666086837019 0.212136275875
782 0.658653163298 0.219764084512
783 0.651256730223 0.227344262554
784 0.643896072039 0.234878495799
785 0.636569799492 0.242368457090
786 0.629276584937 0.249815804598
787 0.622015147981 0.257222181668
788 0.614784242894 0.264589212999
789 0.607582647081 0.271918503212
790 0.600409151799 0.279211632697
791 0.593262553740 0.286470156617
792 0.586141648924 0.293695602155
793 0.579045227194 0.300889469451
794 0.571972069211 0.308053231540
795 0.564920944018 0.315188338086
796 0.557890609362 0.322296218409
797 0.550879812523 0.329378287845
798 0.543887293825 0.336435953096
799 0.536911790160 0.343470619858
800 0.529952040549 0.350483698691
801 0.523006790671 0.357476611780
802 0.516074798068 0.364450797020
803 0.509154835071 0.371407711624
804 0.502245691324 0.378348832308
805 0.495346173256 0.385275654004
806 0.488455102491 0.392189684973
807 0.481571311102 0.399092440300
808 0.474693635906 0.405985432936
809 0.467820910417 0.412870164405
810 0.460951956717 0.419748114905
811 0.454085576544 0.426620734835
812 0.447220543636 0.433489437936
813 0.440355596994 0.440355596994
814 0.734934285104 0.132532857448
815 0.727055764521 0.140719630508
816 0.719234182441 0.148840509998
817 0.711466983248 0.156897655920
818 0.703751681169 0.164893134077
819 0.696085882416 0.172828929243
820 0.688467303760 0.180706956689
821 0.680893785843 0.188529075299
822 0.673363300617 0.196297097518
823 0.665873952639 0.204012800301
824 0.658423974739 0.211677931825
825 0.651011719031 0.219294218958
826 0.643635644320 0.226863370004
827 0.636294301523 0.234387078363
828 0.628986317885 0.241867021572
829 0.621710381729 0.249304861837
830 0.614465227648 0.256702242610
831 0.607249623757 0.264060787518
832 0.600062359945 0.271382096273
833 0.592902238669 0.278667743753
834 0.585768066551 0.285919277043
835 0.578658648568 0.293138216240
836 0.571572782738 0.300326053985
837 0.564509257555 0.307484258936
838 0.557466849814 0.314614278290
839 0.550444325376 0.321717543861
840 0.543440440197 0.328795476974
841 0.536453944118 0.335849495949
842 0.529483584401 0.342881021702
843 0.522528111298 0.349891484636
844 0.515586282318 0.356882328771
845 0.508656867156 0.363855015786
846 0.501738650098 0.370811025535
847 0.494830432046 0.377751855411
848 0.487931029344 0.384679015939
849 0.481039271633 0.391594024963
850 0.474153996588 0.398498399096
851 0.467274043875 0.405393644889
852 0.460398246930 0.412281249040
853 0.453525424901 0.419162669978
854 0.446654374022 0.426039330687
855 0.439783860427 0.432912614033
856 0.719208729601 0.140395635199
857 0.711417509262 0.148501282717
858 0.703679544597 0.156543691328
859 0.695992349325 0.164524915346
860 0.688353532125 0.172446931056
861 0.680760815231 0.180311650147
862 0.673212047552 0.188120930260
863 0.665705211837 0.195876586810
864 0.658238425513 0.203580400700
865 0.650809935905 0.211234126920
866 0.643418110657 0.218839498371
867 0.636061424644 0.226398230585
868 0.628738444801 0.233912021669
869 0.621447813938 0.241382553595
870 0.614188235005 0.248811489349
871 0.606958456102 0.256200472232
872 0.599757257460 0.263551121980
873 0.592583439762 0.270865033868
874 0.585435814914 0.278143775679
875 0.578313197953 0.285388888267
876 0.571214401406 0.292601884821
877 0.564138230450 0.299784253930
878 0.557083480596 0.306937461758
879 0.550048936023 0.314062957656
880 0.543033370538 0.321162178753
881 0.536035548964 0.328236557081
882 0.529054230942 0.335287525056
883 0.522088174567 0.342316522243
884 0.515136141684 0.349324999663
885 0.508196901963 0.356314424027
886 0.501269237278 0.363286278741
887 0.494351943659 0.370242063724
888 0.487443832609 0.377183291668
889 0.480543729392 0.384111482787
890 0.473650470246 0.391028156885
891 0.466762896773 0.397934824940
892 0.459879849571 0.404832979635
893 0.453000160055 0.411724086994
894 0.446122642545 0.418609579082
895 0.439246086092 0.425490848958
896 0.432369247819 0.432369247819
897 0.703655534057 0.148172232972
898 0.695945696314 0.156200511331
899 0.688285511529 0.164168085631
900 0.680672593041 0.172076925472
901 0.673104670508 0.179928938467
902 0.665579602794 0.187725982794
903 0.658095384721 0.195469875808
904 0.650650147487 0.203162403726
905 0.643242153316 0.210805326544
906 0.635869785383 0.218400383893
907 0.628531534132 0.225949295953
908 0.621225981664 0.233453765653
909 0.613951785073 0.240915476459
910 0.606707660462 0.248336092198
911 0.599492367680 0.255717253407
912 0.592304697320 0.263060576598
913 0.585143459019 0.270367651088
914 0.578007472498 0.277640039446
915 0.570895559674 0.284879276378
916 0.563806539457 0.292086871507
917 0.556739223229 0.299264311053
918 0.549692413012 0.306413063125
919 0.542664900079 0.313534581824
920 0.535655466267 0.320630314154
921 0.528662885478 0.327701705173
922 0.521685927571 0.334750204772
923 0.514723361821 0.341777271916
924 0.507773962012 0.348784379205
925 0.500836510037 0.355773014130
926 0.493909799791 0.362744679514
927 0.486992638461 0.369700890259
928 0.480083847212 0.376643168842
929 0.473182258845 0.383573037900
930 0.466286714537 0.390492012423
931 0.459396057870 0.397401590577
932 0.452509128368 0.404303245602
933 0.445624753413 0.411198418386
934 0.438741740664 0.418088512217
935 0.431858870388 0.424974889415
936 0.688262879014 0.155868560493
937 0.680628611632 0.163823100793
938 0.673040514410 0.171719375596
939 0.665496326400 0.179559290278
940 0.657993918001 0.187344702617
941 0.650531297290 0.195077433494
942 0.643106609907 0.202759272872
943 0.635718133196 0.210391986797
944 0.628364265546 0.217977319369
945 0.621043512249 0.225516995923
946 0.613754469395 0.233012721581
947 0.606495806922 0.240466181683
948 0.599266252342 0.247879038504
949 0.592064575458 0.255252930680
950 0.584889575325 0.262589470035
951 0.577740068803 0.269890241839
952 0.570614881788 0.277156803429
953 0.563512841778 0.284390686590
954 0.556432772994 0.291593398845
955 0.549373492379 0.298766428288
956 0.542333808062 0.305911247328
957 0.535312518393 0.313029319202
958 0.528308413380 0.320122102933
959 0.521320276366 0.327191059922
960 0.514346887756 0.334237658251
961 0.507387028355 0.341263377347
962 0.500439483977 0.348269709616
963 0.493503048631 0.355258161299
964 0.486576527700 0.362230249856
965 0.479658738641 0.369187500065
966 0.472748510946 0.376131437299
967 0.465844683308 0.383063580245
968 0.458946099882 0.389985432223
969 0.452051604164 0.396898473304
970 0.445160032490 0.403804152969
971 0.438270206236 0.410703884664
972 0.431380924621 0.417599042078
973 0.424490957644 0.424490957644
974 0.673019174959 0.163490412520
975 0.665454829971 0.171374734501
976 0.657933326997 0.179203155803
977 0.650452549443 0.186977535616
978 0.643010519604 0.194699697014
979 0.635605398034 0.202371435095
980 0.628235477108 0.209994520022
981 0.620899169886 0.217570701263
982 0.613594995467 0.225101706992
983 0.606321562571 0.232589245239
984 0.599077552284 0.240035001044
985 0.591861701729 0.247440636181
986 0.584672788739 0.254807785980
987 0.577509619029 0.262138059514
988 0.570371014960 0.269433037878
989 0.563255807198 0.276694276276
990 0.556162827643 0.283923304805
991 0.549090905064 0.291121632926
992 0.542038861462 0.298290752699
993 0.535005510962 0.305432145024
994 0.527989659057 0.312547284232
995 0.520990104232 0.319637644604
996 0.514005639581 0.326704704550
997 0.507035056398 0.333749951501
998 0.500077147135 0.340774883711
999 0.493130709568 0.347781011639
1000 0.486194549340 0.354769855805
1001 0.479267482489 0.361742943620
1002 0.472348335446 0.368701803242
1003 0.465435944406 0.375647956989
1004 0.458529151985 0.382582913085
1005 0.451626803201 0.389508158195
1006 0.444727739267 0.396425150147
1007 0.437830791228 0.403335312480
1008 0.430934772512 0.410240030370
1009 0.424038472225 0.417140648730
1010 0.657913179234 0.171043410383
1011 0.650413324515 0.178860935610
1012 0.642953163489 0.186624870710
1013 0.635530733419 0.194337042690
1014 0.628144209949 0.201999250176
1015 0.620791900155 0.209613268740
1016 0.613472230908 0.217180851222
1017 0.606183733881 0.224703729684
1018 0.598925028818 0.232183613103
1019 0.591694806195 0.239622187467
1020 0.584491810825 0.247021112698
1021 0.577314826736 0.254382022775
1022 0.570162664526 0.261706523771
1023 0.563034150575 0.268996195569
1024 0.555928119052 0.276252592224
1025 0.548843405403 0.283477245960
1026 0.541778842349 0.290671669982
1027 0.534733256756 0.297837364306
1028 0.527705468741 0.304975820072
1029 0.520694291201 0.312088525844
1030 0.513698531384 0.319176971769
1031 0.506716992468 0.326242654513
1032 0.499748476776 0.333287079348
1033 0.492791788372 0.340311761881
1034 0.485845736555 0.347318226472
1035 0.478909137818 0.354308003661
1036 0.471980817604 0.361282624720
1037 0.465059609714 0.368243615676
1038 0.458144355076 0.375192489633
1039 0.451233898077 0.382130739688
1040 0.444327082327 0.389059831886
1041 0.437422744538 0.395981199759
1042 0.430519708379 0.402896240074
1043 0.423616777484 0.409806310537
1044 0.416712729281 0.416712729281
1045 0.642934095668 0.178532952166
1046 0.635493552291 0.186287015783
1047 0.628089747076 0.193989760382
1048 0.620720870675 0.201642989806
1049 0.613385244230 0.209248483358
1050 0.606081307358 0.216807998637
1051 0.598807602836 0.224323269843
1052 0.591562759749 0.231796008346
1053 0.584345476092 0.239227899776
1054 0.577154502534 0.246620604174
1055 0.569988627500 0.253975753788
1056 0.562846664942 0.261294954503
1057 0.555727443927 0.268579785710
1058 0.548629801196 0.275831803892
1059 0.541552575074 0.283052544908
1060 0.534494601974 0.290243529473
1061 0.527454713565 0.297406267072
1062 0.520431736175 0.304542262119
1063 0.513424490365 0.311653017949
1064 0.506431792477 0.318740041890
1065 0.499452455927 0.325804847482
1066 0.492485294062 0.332848956642
1067 0.485529122162 0.339873898496
1068 0.478582760314 0.346881207483
1069 0.471645034648 0.353872418489
1070 0.464714778432 0.360849061592
1071 0.457790830874 0.367812654897
1072 0.450872035453 0.374764697969
1073 0.443957235994 0.381706665001
1074 0.437045272385 0.388639999511
1075 0.430134974625 0.395566109906
1076 0.423225157001 0.402486366959
1077 0.416314611611 0.409402102780
1078 0.628071643609 0.185964178195
1079 0.620685504546 0.193658038803
1080 0.613333340381 0.201302821448
1081 0.606013485466 0.208900310887
1082 0.598724390874 0.216452267940
1083 0.591464608924 0.223960430586
1084 0.584232776265 0.231426511324
1085 0.577027596611 0.238852197403
1086 0.569847824713 0.246239148465
1087 0.562692251836 0.253588997678
1088 0.555559693927 0.260903351184
1089 0.548448981755 0.268183791201
1090 0.541358953921 0.275431877833
1091 0.534288451307 0.282649154092
1092 0.527236313917 0.289837149473
1093 0.520201378405 0.296997385840
1094 0.513182477557 0.304131381327
1095 0.506178439923 0.311240655413
1096 0.499188091111 0.318326731350
1097 0.492210254796 0.325391138624
1098 0.485243754995 0.332435412287
1099 0.478287417509 0.339461091601
1100 0.471340072043 0.346469715837
1101 0.464400552811 0.353462819639
1102 0.457467698950 0.360441926483
1103 0.450540352875 0.367408542572
1104 0.443617358229 0.374364150366
1105 0.436697555883 0.381310203396
1106 0.429779779674 0.388248121832
1107 0.422862850742 0.395179289715
1108 0.415945572094 0.402105053572
1109 0.409026722684 0.409026722684
1110 0.613316088361 0.193341955819
1111 0.605979716586 0.200978803458
1112 0.598674735711 0.208568788453
1113 0.591399606865 0.216113676674
1114 0.584152890268 0.223615208658
1115 0.576933228412 0.231075100010
1116 0.569739329014 0.238495038934
1117 0.562569949359 0.245876687151
1118 0.555423882200 0.253221678904
1119 0.548299944458 0.260531623642
1120 0.541196967872 0.267808107270
1121 0.534113792537 0.275052696767
1122 0.527049261771 0.282266943308
1123 0.520002219322 0.289452387931
1124 0.512971507069 0.296610565224
1125 0.505955964579 0.303743008464
1126 0.498954428587 0.310851252127
1127 0.491965734008 0.317936834727
1128 0.484988714468 0.325001298505
1129 0.478022203999 0.332046188713
1130 0.471065037793 0.339073049935
1131 0.464116053648 0.346083422163
1132 0.457174091917 0.353078834784
1133 0.450237995393 0.360060801053
1134 0.443306607272 0.367030811926
1135 0.436378768901 0.373990331151
1136 0.429453315766 0.380940790800
1137 0.422529073387 0.387883588428
1138 0.415604852000 0.394820085335
1139 0.408679441564 0.401751606441
1140 0.598658230509 0.200670884746
1141 0.591367238366 0.208253847370
1142 0.584105209876 0.215792137565
1143 0.576870711563 0.223287500398
1144 0.569662390141 0.230741653765
1145 0.562478955831 0.238156289120
1146 0.555319167130 0.245533070120
1147 0.548181817260 0.252873634848
1148 0.541065723382 0.260179596568
1149 0.533969717820 0.267452547853
1150 0.526892642032 0.274694063288
1151 0.519833341909 0.281905704812
1152 0.512790665184 0.289089025236
1153 0.505763459294 0.296245573330
1154 0.498750570803 0.303376896468
1155 0.491750844702 0.310484543724
1156 0.484763124947 0.317570066000
1157 0.477786254498 0.324635015811
1158 0.470819076313 0.331680944227
1159 0.463860433480 0.338709397531
1160 0.456909169962 0.345721911824
1161 0.449964130031 0.352720007992
1162 0.443024157680 0.359705185949
1163 0.436088094362 0.366678919964
1164 0.429154776617 0.373642654296
1165 0.422223032173 0.380597800276
1166 0.415291676058 0.387545734341
1167 0.408359505694 0.394487797552
1168 0.401425296388 0.401425296388
1169 0.584089359336 0.207955320332
1170 0.576839574325 0.215487469412
1171 0.569616454670 0.222977110125
1172 0.562418649898 0.230425964763
1173 0.555244871478 0.237835727584
1174 0.548093878130 0.245208066645
1175 0.540964462831 0.252544624018
1176 0.533855442600 0.259847019475
1177 0.526765650219 0.267116852687
1178 0.519693928646 0.274355708276
1179 0.512639126601 0.281565159044
1180 0.505600096147 0.288746771058
1181 0.498575690521 0.295902106315
1182 0.491564763389 0.303032726143
1183 0.484566167770 0.310140191660
1184 0.477578756090 0.317226064120
1185 0.470601379594 0.324291902373
1186 0.463632888704 0.331339260179
1187 0.456672132494 0.338369681322
1188 0.449717958869 0.345384695147
1189 0.442769213544 0.352385811154
1190 0.435824739139 0.359374514652
1191 0.428883372784 0.366352262474
1192 0.421943943741 0.373320480095
1193 0.415005269691 0.380280559466
1194 0.408066153138 0.387233858277
1195 0.401125376943 0.394181700308
1196 0.569601181787 0.215199409107
1197 0.562388606019 0.222683764987
1198 0.555200498204 0.230127749830
1199 0.548035570131 0.237533062853
1200 0.540892580079 0.244901376294
1201 0.533770320418 0.252234338603
1202 0.526667607925 0.259533576181
1203 0.519583275988 0.266800698045
1204 0.512516169345 0.274037298805
1205 0.505465139905 0.281244963628
1206 0.498429044342 0.288425270961
1207 0.491406741830 0.295579796138
1208 0.484397092958 0.302710112200
1209 0.477398958242 0.309817790718
1210 0.470411197575 0.316904399813
1211 0.463432669058 0.323971502035
1212 0.456462228689 0.331020650056
1213 0.449498729313 0.338053382686
1214 0.442541020283 0.345071219876
1215 0.435587946145 0.352075658655
1216 0.428638345505 0.359068169011
1217 0.421691048618 0.366050191033
1218 0.414744875082 0.373023132647
1219 0.407798630388 0.379988368653
1220 0.400851102638 0.386947240737
1221 0.393901058555 0.393901058555
1222 0.555185741926 0.222407129037
1223 0.548006513365 0.229846666558
1224 0.540849631854 0.237247945134
1225 0.533713854915 0.244612643260
1226 0.526597974256 0.251942415568
1227 0.519500806584 0.259238897136
1228 0.512421186205 0.266503706127
1229 0.505357960027 0.273738448644
1230 0.498309983471 0.280944721416
1231 0.491276117993 0.288124115626
1232 0.484255228577 0.295278218013
1233 0.477246182247 0.302408612188
1234 0.470247846063 0.309516877140
1235 0.463259085989 0.316604585723
1236 0.456278765126 0.323673300837
1237 0.449305742839 0.330724571988
1238 0.442338873242 0.337759930624
1239 0.435377004496 0.344780886403
1240 0.428418977287 0.351788923209
1241 0.421463623586 0.358785496388
1242 0.414509764303 0.365772030393
1243 0.407556207126 0.372749917689
1244 0.400601743367 0.379720518448
1245 0.393645145035 0.386685161313
1246 0.540835346751 0.229582326624
1247 0.533685708425 0.236979981127
1248 0.526556355153 0.244341467812
1249 0.519446078194 0.251668449338
1250 0.512353694541 0.258962569097
1251 0.505278039849 0.266225455895
1252 0.498217963558 0.273458726596
1253 0.491172324818 0.280663990084
1254 0.484139989792 0.287842848653
1255 0.477119828832 0.294996899748
1256 0.470110714495 0.302127734970
1257 0.463111519031 0.309236939095
1258 0.456121112650 0.316326086788
1259 0.449138361260 0.323396739628
1260 0.442162125091 0.330450441822
1261 0.435191256865 0.337488716750
1262 0.428224600819 0.344513063146
1263 0.421260991101 0.351524952419
1264 0.414299250502 0.358525826260
1265 0.407338188253 0.365517095426
1266 0.400376598049 0.372500139220
1267 0.393413255227 0.379476305949
1268 0.386446914190 0.386446914190
1269 0.526542509545 0.236728745227
1270 0.519418790647 0.244087418774
1271 0.512313342950 0.251412001238
1272 0.505224984207 0.258704145813
1273 0.498152551831 0.265965491276
1274 0.491094898062 0.273197666077
1275 0.484050885756 0.280402289932
1276 0.477019385396 0.287580975995
1277 0.469999271852 0.294735330288
1278 0.462989421902 0.301866951273
1279 0.455988711200 0.308977427031
1280 0.448996012031 0.316068332774
1281 0.442010190614 0.323141226883
1282 0.435030105374 0.330197647763
1283 0.428054604874 0.337239110139
1284 0.421082526707 0.344267102491
1285 0.414112695873 0.351283084609
1286 0.407143923575 0.358288486327
1287 0.400175005196 0.365284706780
1288 0.393204718548 0.372273114664
1289 0.386231821382 0.379255049150
1290 0.512299916904 0.243850041548
1291 0.505198524860 0.251172608895
1292 0.498113433498 0.258463155000
1293 0.491043482306 0.265723329666
1294 0.483987526359 0.272954771902
1295 0.476944431882 0.280159112452
1296 0.469913072883 0.287337973646
1297 0.462892327490 0.294492969466
1298 0.455881074960 0.301625703192
1299 0.448878192206 0.308737765350
1300 0.441882551108 0.315830730094
1301 0.434893015522 0.322906152304
1302 0.427908439283 0.329965564041
1303 0.420927664039 0.337010472047
1304 0.413949518076 0.344042355275
1305 0.406972814775 0.351062663557
1306 0.399996351507 0.358072816707
1307 0.393018907835 0.365074204588
1308 0.386039243993 0.372068187764
1309 0.379056098712 0.379056098712
1310 0.498100415961 0.250949792020
1311 0.491017836146 0.258239105835
1312 0.483949627076 0.265498467789
1313 0.476894646377 0.272729528090
1314 0.469851762912 0.279933927272
1315 0.462819853003 0.287113296737
1316 0.455797796341 0.294269256819
1317 0.448784472552 0.301403415170
1318 0.441778757353 0.308517363424
1319 0.434779519552 0.315612674573
1320 0.427785617847 0.322690899510
1321 0.420795898700 0.329753564626
1322 0.413809194144 0.336802169277
1323 0.406824320631 0.343838184410
1324 0.399840077618 0.350863051500
1325 0.392855246602 0.357878182484
1326 0.385868589553 0.364884960166
1327 0.378878847615 0.371884739223
1328 0.483937013886 0.258031493057
1329 0.476869809718 0.265290387954
1330 0.469815083149 0.272521403327
1331 0.462771704523 0.279726189905
1332 0.455738550836 0.286906386992
1333 0.448714501272 0.294063621243
1334 0.441698433406 0.301199503612
1335 0.434689219104 0.308315626944
1336 0.427685721311 0.315413562638
1337 0.420686790771 0.322494858270
1338 0.413691263843 0.329561035036
1339 0.406697960378 0.336613586284
1340 0.399705682636 0.343653976318
1341 0.392713214045 0.350683640188
1342 0.385719318390 0.357703983900
1343 0.378722738469 0.364716385247
1344 0.371722194986 0.371722194986
1345 0.469802874660 0.265098562670
1346 0.462747681664 0.272329857975
1347 0.455703100972 0.279535348438
1348 0.448668008232 0.286716681645
1349 0.441641279741 0.293875489773
1350 0.434621788392 0.301013387387
1351 0.427608399428 0.308131968168
1352 0.420599967127 0.315232802586
1353 0.413595331533 0.322317435258
1354 0.406593316305 0.329387383410
1355 0.399592726712 0.336444135514
1356 0.392592348669 0.343489150945
1357 0.385590947680 0.350523860007
1358 0.378587268178 0.357549664620
1359 0.371580032377 0.364567939314
1360 0.455691301042 0.272154349479
1361 0.448644809004 0.279360851218
1362 0.441607077520 0.286543620922
1363 0.434576977404 0.293704296800
1364 0.427553374118 0.300844496706
1365 0.420535123485 0.307965815822
1366 0.413521068369 0.315069823925
1367 0.406510035497 0.322158063746
1368 0.399500833399 0.329232049441
1369 0.392492250568 0.336293266094
1370 0.385483054633 0.343343169567
1371 0.378471991483 0.350383187050
1372 0.371457784733 0.357414717907
1373 0.364439134728 0.364439134728
1374 0.441595692099 0.279202153950
1375 0.434554615622 0.286386656829
1376 0.427520442192 0.293549492387
1377 0.420492027062 0.300692282435
1378 0.413468213896 0.307816623761
1379 0.406447831520 0.314924086374
1380 0.399429690899 0.322016211781
1381 0.392412583209 0.329094512332
1382 0.385395278191 0.336160470870
1383 0.378376523453 0.343215541161
1384 0.371355043755 0.350261148589
1385 0.364329540564 0.357298691155
1386 0.427509479114 0.286245260443
1387 0.420470519374 0.293410550564
1388 0.413436578728 0.300556223654
1389 0.406406486063 0.307683878883
1390 0.399379053713 0.314795086914
1391 0.392353074640 0.321891389069
1392 0.385327320664 0.328974296765
1393 0.378300541002 0.336045291804
1394 0.371271461692 0.343105826940
1395 0.364238784993 0.350157326809
1396 0.357201188977 0.357201188977
1397 0.413426046812 0.293286976594
1398 0.406385851075 0.300435835249
1399 0.399348743823 0.307567107757
1400 0.392313518654 0.314682366248
1401 0.385278948504 0.321783152454
1402 0.378243784044 0.328870977845
1403 0.371206752388 0.335947324036
1404 0.364166556592 0.343013643684
1405 0.357121875135 0.350071361482
1406 0.399338652823 0.300330673588
1407 0.392293775998 0.307465882178
1408 0.385249993433 0.314585513359
1409 0.378206056230 0.321691110037
1410 0.371160692306 0.328784184354
1411 0.364112605235 0.335866218521
1412 0.357060473782 0.342938665771
1413 0.350002951396 0.350002951396
1414 0.385240353225 0.307379823388
1415 0.378187225645 0.314504169310
1416 0.371133120907 0.321614924062
1417 0.364076742717 0.328713601096
1418 0.357016769769 0.335801683752
1419 0.349951855263 0.342880626358
1420 0.371123941319 0.314438029341
1421 0.364058843106 0.321554312598
1422 0.356990609144 0.328658969984
1423 0.349917891951 0.335753486459
1424 0.342839317870 0.342839317870
1425 0.356981899254 0.321509050373
1426 0.349900940568 0.328620090581
1427 0.342814592074 0.335721451899
1428 0.342806360036 0.328596819981
1429 0.335705463691 0.335705463691
