0 -39.1918358845308461 -22.6274169979695188 15.9999999999999982
1 -37.6364505694107336 -24.3241661527010358 17.1997828332829883
2 -36.0673250042387608 -25.8604984102344559 18.2861337907408732
3 -34.4827208074393212 -27.2634305216859154 19.2781566002923626
4 -32.8826481515891444 -28.5509071722632264 20.1885400705350371
5 -31.2660159773316835 -29.7370279270950242 21.0272540995825423
6 -29.6286465347955748 -30.8344321013175495 21.8032360328778871
7 -27.9635793100588543 -31.8542329177776438 22.5243441056564357
8 -26.2636488392113563 -32.8046820809733504 23.1964131541248939
9 -24.5247286523243737 -33.6901339121693510 23.8225221483779031
10 -22.7484032304652466 -34.5109658945690114 24.4029380093474089
11 -20.9437255796714688 -35.2643385385615389 24.9356529146749679
12 -19.1267040391632044 -35.9459704983118726 25.4176394956878475
13 -17.3177877524868720 -36.5521930701822200 25.8463035871657816
14 -15.5372488863713798 -37.0818364975177133 26.2208180462455225
15 -13.8012564562179936 -37.5368736065371280 26.5425778717244789
16 -12.1185598678479689 -37.9222055154092246 26.8150486774954580
17 -10.4905588831169041 -38.2443736543460986 27.0428559532201724
18 -8.9123537016155367 -38.5103445106836588 27.2309257493342791
19 -7.3757221695226214 -38.7263796610527677 27.3836856691353923
20 -5.8707479201706070 -38.8975947744657375 27.5047530368710653
21 -4.3879670351598694 -39.0277315533313214 27.5967736356889581
22 -2.9191320653281170 -39.1192933472744784 27.6615176010836343
23 -1.4580438895645611 -39.1737506332673178 27.7000247172938785
24 0.0000000000000000 -39.1918358845308532 27.7128129211020351
25 1.4580438895645611 -39.1737506332673178 27.7000247172938785
26 2.9191320653281170 -39.1192933472744784 27.6615176010836343
27 4.3879670351598694 -39.0277315533313214 27.5967736356889581
28 5.8707479201706070 -38.8975947744657375 27.5047530368710653
29 7.3757221695226214 -38.7263796610527677 27.3836856691353923
30 8.9123537016155367 -38.5103445106836588 27.2309257493342791
31 10.4905588831169041 -38.2443736543460986 27.0428559532201724
32 12.1185598678479689 -37.9222055154092246 26.8150486774954580
33 13.8012564562179936 -37.5368736065371280 26.5425778717244789
34 15.5372488863713798 -37.0818364975177133 26.2208180462455225
35 17.3177877524868720 -36.5521930701822200 25.8463035871657816
36 19.1267040391632044 -35.9459704983118726 25.4176394956878475
37 20.9437255796714688 -35.2643385385615389 24.9356529146749679
38 22.7484032304652466 -34.5109658945690114 24.4029380093474089
39 24.5247286523243737 -33.6901339121693510 23.8225221483779031
40 26.2636488392113563 -32.8046820809733504 23.1964131541248939
41 27.9635793100588543 -31.8542329177776438 22.5243441056564357
42 29.6286465347955748 -30.8344321013175495 21.8032360328778871
43 31.2660159773316835 -29.7370279270950242 21.0272540995825423
44 32.8826481515891444 -28.5509071722632335 20.1885400705350371
45 34.4827208074393212 -27.2634305216859154 19.2781566002923626
46 36.0673250042387608 -25.8604984102344559 18.2861337907408732
47 37.6364505694107336 -24.3241661527010358 17.1997828332829883
48 39.1918358845308461 -22.6274169979695188 15.9999999999999982
49 -39.8835710988180523 -20.4320392250364762 17.1997828332829847
50 -38.3232668584648053 -22.1259484369604813 18.5948816360809168
51 -36.7354835210165334 -23.6711170461834186 19.8540290183883847
52 -35.1222785649582789 -25.0879459071808490 21.0004885315518273
53 -33.4833053956649920 -26.3954807766771076 22.0487381577427364
54 -31.8139568707082105 -27.6133599582840503 23.0081398649033204
55 -30.1064158754882492 -28.7584432749918122 23.8863070299958018
56 -28.3530777538571606 -29.8401130164339428 24.6915094121477239
57 -26.5500512859432263 -30.8587561909382231 25.4328909694123482
58 -24.6996116850770342 -31.8072993695005337 26.1194350900890839
59 -22.8118935062350658 -32.6736787810436482 26.7590775172345694
60 -20.9044157830810100 -33.4450876175960516 27.3574764007829678
61 -18.9998725605623768 -34.1114683135341323 27.9179614617032108
62 -17.1213292518448803 -34.6694424770516250 28.4409887834500132
63 -15.2877979714826377 -35.1227931467678189 28.9252940305278692
64 -13.5102213608550610 -35.4831628025200132 29.3669725424762760
65 -11.7911906577879702 -35.7660787553778903 29.7616436598484917
66 -10.1261443551554873 -35.9887999681197854 30.1042767286180393
67 -8.5066386541076966 -36.1655673397157571 30.3922496338281185
68 -6.9224272381383205 -36.3076326073090883 30.6241051393399317
69 -5.3636289473601027 -36.4209984694985138 30.8016615623220495
70 -3.8216048953754242 -36.5081705911152170 30.9281233849335315
71 -2.2896717384797141 -36.5680882427915535 31.0085847080678292
72 -0.7627781160749690 -36.5993892934564116 31.0467852263590345
73 0.7627781160749690 -36.5993892934564116 31.0467852263590345
74 2.2896717384797141 -36.5680882427915535 31.0085847080678292
75 3.8216048953754242 -36.5081705911152170 30.9281233849335315
76 5.3636289473601027 -36.4209984694985138 30.8016615623220495
77 6.9224272381383205 -36.3076326073090883 30.6241051393399317
78 8.5066386541076966 -36.1655673397157571 30.3922496338281185
79 10.1261443551554873 -35.9887999681197925 30.1042767286180393
80 11.7911906577879702 -35.7660787553778903 29.7616436598484917
81 13.5102213608550610 -35.4831628025200132 29.3669725424762760
82 15.2877979714826377 -35.1227931467678189 28.9252940305278692
83 17.1213292518448803 -34.6694424770516250 28.4409887834500168
84 18.9998725605623768 -34.1114683135341323 27.9179614617032108
85 20.9044157830810100 -33.4450876175960516 27.3574764007829678
86 22.8118935062350658 -32.6736787810436482 26.7590775172345694
87 24.6996116850770342 -31.8072993695005337 26.1194350900890839
88 26.5500512859432263 -30.8587561909382231 25.4328909694123482
89 28.3530777538571570 -29.8401130164339463 24.6915094121477239
90 30.1064158754882492 -28.7584432749918122 23.8863070299958018
91 31.8139568707082105 -27.6133599582840503 23.0081398649033204
92 33.4833053956649920 -26.3954807766771076 22.0487381577427364
93 35.1222785649582860 -25.0879459071808490 21.0004885315518344
94 36.7354835210165334 -23.6711170461834186 19.8540290183883847
95 38.3232668584647698 -22.1259484369605346 18.5948816360809168
96 39.8835710988180523 -20.4320392250364762 17.1997828332829847
97 -40.4295110799095028 -18.3049704951032197 18.2861337907408732
98 -38.8675304584579706 -19.9783034264132233 19.8540290183883847
99 -37.2650634697991023 -21.5149944256569263 21.2701682987181826
100 -35.6265602157161680 -22.9318566782002264 22.5583278743446201
101 -33.9507207701035654 -24.2514989208627441 23.7321166203491210
102 -32.2306405531644486 -25.4989290149006465 24.7990005569936116
103 -30.4576140597851932 -26.6917534378232979 25.7659473763264479
104 -28.6259565388681914 -27.8329527789504461 26.6435987028694043
105 -26.7363244625061256 -28.9113128702155819 27.4464012642113673
106 -24.7978280724265367 -29.9057166370092951 28.1907047680131662
107 -22.8279003972956893 -30.7917968181075139 28.8920787096313134
108 -20.8504271011867672 -31.5484903252694302 29.5626867502681066
109 -18.8907878520046815 -32.1643977552825007 30.2090988175835911
110 -16.9709365852656866 -32.6404831627994270 30.8315774866920762
111 -15.1041929635032464 -32.9908600334580271 31.4239798430122654
112 -13.2945954640337849 -33.2389776920160216 31.9753669789316604
113 -11.5378979854098294 -33.4126086022685342 32.4726730724448771
114 -9.8257227076572313 -33.5373892925930761 32.9043871346860470
115 -8.1477991593292156 -33.6334538642476772 33.2626539834204635
116 -6.4947857479974589 -33.7131063487651019 33.5446600579654657
117 -4.8587195542389185 -33.7809659091011980 33.7526174768920484
118 -3.2337747339729179 -33.8351940514694718 33.8928066773662664
119 -1.6153288386329434 -33.8713764109279580 33.9723501214195380
120 0.0000000000000000 -33.8849153109621142 33.9972427465658669
121 1.6153288386329434 -33.8713764109279580 33.9723501214195380
122 3.2337747339729179 -33.8351940514694718 33.8928066773662664
123 4.8587195542389185 -33.7809659091011980 33.7526174768920484
124 6.4947857479974589 -33.7131063487651019 33.5446600579654657
125 8.1477991593292156 -33.6334538642476772 33.2626539834204635
126 9.8257227076572313 -33.5373892925930761 32.9043871346860470
127 11.5378979854098294 -33.4126086022685342 32.4726730724448771
128 13.2945954640337849 -33.2389776920160216 31.9753669789316604
129 15.1041929635032464 -32.9908600334580271 31.4239798430122654
130 16.9709365852656866 -32.6404831627994270 30.8315774866920798
131 18.8907878520046815 -32.1643977552825007 30.2090988175835911
132 20.8504271011867708 -31.5484903252694302 29.5626867502681101
133 22.8279003972956893 -30.7917968181075246 28.8920787096313134
134 24.7978280724265367 -29.9057166370092951 28.1907047680131662
135 26.7363244625061292 -28.9113128702155819 27.4464012642113708
136 28.6259565388681914 -27.8329527789504461 26.6435987028694043
137 30.4576140597851932 -26.6917534378232979 25.7659473763264479
138 32.2306405531644486 -25.4989290149006465 24.7990005569936116
139 33.9507207701035654 -24.2514989208627441 23.7321166203491210
140 35.6265602157161680 -22.9318566782002264 22.5583278743446201
141 37.2650634697990384 -21.5149944256570294 21.2701682987181826
142 38.8675304584579706 -19.9783034264132233 19.8540290183883847
143 40.4295110799095028 -18.3049704951032197 18.2861337907408732
144 -40.8521838298116933 -16.2311969500057423 19.2781566002923626
145 -39.2879377668675929 -17.8728125224571031 21.0004885315518344
146 -37.6728505471233106 -19.3875778571660931 22.5583278743446201
147 -36.0129125605890579 -20.7920647611584215 23.9741563328339389
148 -34.3060293574105444 -22.1144930670321394 25.2595634585531421
149 -32.5442759117033802 -23.3845405015177583 26.4203211735928427
150 -30.7194770082747795 -24.6178670657374852 27.4640556632074109
151 -28.8284582168878032 -25.8082530836258535 28.4051768100230433
152 -26.8766167618481404 -26.9302984540342649 29.2644237362259325
153 -24.8787622250911973 -27.9486318620961924 30.0652817579412783
154 -22.8579441305206927 -28.8276859393245637 30.8298380389787852
155 -20.8406422189395926 -29.5423105338493990 31.5740323719312634
156 -18.8514181835435970 -30.0833631854767809 32.3050350861883757
157 -16.9064690639825557 -30.4613053242188094 33.0193909957969964
158 -15.0118926213659751 -30.7019586596863014 33.7050858830457756
159 -13.1641514330903853 -30.8416730464850950 34.3437959570630298
160 -11.3548584131822281 -30.9172777884425507 34.9168888157129729
161 -9.5737248841822549 -30.9611701734191485 35.4083285871356779
162 -7.8121305401706955 -30.9949272701631564 35.8090086422485072
163 -6.0636621674876086 -31.0296644398707784 36.1163664543873892
164 -4.3244850847336709 -31.0652697004980247 36.3352149737308636
165 -2.5917859421336651 -31.0961880944142095 36.4734112968196342
166 -0.8633164407891341 -31.1146021364273828 36.5395158508551177
167 0.8633164407891341 -31.1146021364273828 36.5395158508551177
168 2.5917859421336651 -31.0961880944142095 36.4734112968196342
169 4.3244850847336709 -31.0652697004980247 36.3352149737308636
170 6.0636621674876086 -31.0296644398707784 36.1163664543873821
171 7.8121305401706955 -30.9949272701631564 35.8090086422485072
172 9.5737248841822549 -30.9611701734191485 35.4083285871356779
173 11.3548584131822281 -30.9172777884425507 34.9168888157129729
174 13.1641514330903853 -30.8416730464850950 34.3437959570630298
175 15.0118926213659751 -30.7019586596863014 33.7050858830457756
176 16.9064690639825557 -30.4613053242188094 33.0193909957969964
177 18.8514181835435970 -30.0833631854767809 32.3050350861883757
178 20.8406422189395926 -29.5423105338493990 31.5740323719312634
179 22.8579441305206927 -28.8276859393245637 30.8298380389787852
180 24.8787622250911973 -27.9486318620961924 30.0652817579412783
181 26.8766167618481404 -26.9302984540342649 29.2644237362259325
182 28.8284582168878032 -25.8082530836258535 28.4051768100230433
183 30.7194770082747795 -24.6178670657374852 27.4640556632074109
184 32.5442759117033802 -23.3845405015177619 26.4203211735928463
185 34.3060293574105444 -22.1144930670321429 25.2595634585531457
186 36.0129125605889442 -20.7920647611586027 23.9741563328339353
187 37.6728505471233106 -19.3875778571660931 22.5583278743446201
188 39.2879377668675929 -17.8728125224571031 21.0004885315518344
189 40.8521838298116933 -16.2311969500057423 19.2781566002923626
190 -41.1671349880658681 -14.2017550568500024 20.1885400705350406
191 -39.6008095955386850 -15.7996526869798881 22.0487381577427364
192 -37.9777745303698282 -17.2764372032702909 23.7321166203491281
193 -36.3047274665699504 -18.6526463929762016 25.2595634585531457
194 -34.5787433205356649 -19.9640467643499804 26.6410838211090208
195 -32.7913446925649339 -21.2443517479471176 27.8819875916852489
196 -30.9349055380701223 -22.5056357412315577 28.9918605686782200
197 -29.0086408461938952 -23.7302461689298738 29.9895677364399482
198 -27.0215172470101095 -24.8781724371762571 30.9016850973479897
199 -24.9926479108193185 -25.9002512648632255 31.7575901923110351
200 -22.9472687006751528 -26.7534070172695841 32.5834017890601046
201 -20.9113820995883124 -27.4113223450502268 33.3966091988508254
202 -18.9042393387955094 -27.8717299642103420 34.2022865291733922
203 -16.9350665654604882 -28.1550399008745096 34.9928171001362287
204 -15.0020588916251825 -28.2992885811805301 35.7503635619454272
205 -13.0972158281029607 -28.3498967482910871 36.4519724008636246
206 -11.2099494134564459 -28.3510974604970585 37.0749552519371974
207 -9.3320637510891480 -28.3374223950212958 37.6019025868606036
208 -7.4586513445815985 -28.3299252584083057 38.0234645314307187
209 -5.5886898167821011 -28.3351430967280713 38.3390950834750299
210 -3.7223073295549138 -28.3492467475288308 38.5546966917399985
211 -1.8597467805140773 -28.3631510970010723 38.6791029079146895
212 0.0000000000000000 -28.3686750185814560 38.7197401552504274
213 1.8597467805140773 -28.3631510970010723 38.6791029079146895
214 3.7223073295549138 -28.3492467475288308 38.5546966917399985
215 5.5886898167821011 -28.3351430967280713 38.3390950834750299
216 7.4586513445815985 -28.3299252584083057 38.0234645314307116
217 9.3320637510891480 -28.3374223950212958 37.6019025868606036
218 11.2099494134564459 -28.3510974604970585 37.0749552519371974
219 13.0972158281029607 -28.3498967482910871 36.4519724008636246
220 15.0020588916251825 -28.2992885811805301 35.7503635619454272
221 16.9350665654604882 -28.1550399008745096 34.9928171001362287
222 18.9042393387955094 -27.8717299642103420 34.2022865291733922
223 20.9113820995883124 -27.4113223450502268 33.3966091988508254
224 22.9472687006751528 -26.7534070172695841 32.5834017890601046
225 24.9926479108193185 -25.9002512648632255 31.7575901923110351
226 27.0215172470101095 -24.8781724371762571 30.9016850973479897
227 29.0086408461938952 -23.7302461689298738 29.9895677364399482
228 30.9349055380701223 -22.5056357412315577 28.9918605686782200
229 32.7913446925649339 -21.2443517479471176 27.8819875916852489
230 34.5787433205354446 -19.9640467643503676 26.6410838211090244
231 36.3047274665699504 -18.6526463929762052 25.2595634585531457
232 37.9777745303698282 -17.2764372032702909 23.7321166203491281
233 39.6008095955386850 -15.7996526869798881 22.0487381577427364
234 41.1671349880658681 -14.2017550568500042 20.1885400705350406
235 -41.3860296065774307 -12.2086501479518699 21.0272540995825423
236 -39.8208496430721013 -13.7450148657937650 23.0081398649033169
237 -38.1980405727822969 -15.1630889918350125 24.7990005569936116
238 -36.5237440859921705 -16.4918994365462197 26.4203211735928463
239 -34.7938206469370073 -17.7759616540396941 27.8819875916852489
240 -32.9991402543928984 -19.0520625088998301 29.1903349865649808
241 -31.1323941476493218 -20.3271104878973183 30.3575791829359360
242 -29.1939568764639432 -21.5715289526111675 31.4067193533775786
243 -27.1951997072537281 -22.7305498384606537 32.3688618416502791
244 -25.1564227014452548 -23.7443799630516565 33.2770013227820840
245 -23.1025186347016209 -24.5646057477744364 34.1592414609820025
246 -21.0548950754893518 -25.1678270257860746 35.0324403397800239
247 -19.0266872299213183 -25.5583174900198138 35.8992699108783668
248 -17.0194424180756450 -25.7665621855825862 36.7480999905343850
249 -15.0268078723722791 -25.8385970484547620 37.5574486318545766
250 -13.0381670572754782 -25.8273837835489530 38.3008152221835729
251 -11.0451179643043194 -25.7799499679862372 38.9538130200719692
252 -9.0436135115756464 -25.7313578195016817 39.4982313454414751
253 -7.0351575158812558 -25.6988416218679383 39.9258825578206569
254 -5.0235163207796809 -25.6856483828028068 40.2369450993720434
255 -3.0125137606382388 -25.6845639838432973 40.4379516519052373
256 -1.0038098675576239 -25.6862489006604697 40.5365141960074382
257 1.0038098675576239 -25.6862489006604697 40.5365141960074382
258 3.0125137606382388 -25.6845639838432973 40.4379516519052373
259 5.0235163207796809 -25.6856483828028068 40.2369450993720434
260 7.0351575158812558 -25.6988416218679383 39.9258825578206569
261 9.0436135115756464 -25.7313578195016817 39.4982313454414751
262 11.0451179643043194 -25.7799499679862372 38.9538130200719692
263 13.0381670572754782 -25.8273837835489530 38.3008152221835729
264 15.0268078723722791 -25.8385970484547620 37.5574486318545766
265 17.0194424180756450 -25.7665621855825862 36.7480999905343850
266 19.0266872299213183 -25.5583174900198138 35.8992699108783668
267 21.0548950754893518 -25.1678270257860746 35.0324403397800239
268 23.1025186347016209 -24.5646057477744364 34.1592414609820025
269 25.1564227014452548 -23.7443799630516565 33.2770013227820840
270 27.1951997072537281 -22.7305498384606537 32.3688618416502791
271 29.1939568764639432 -21.5715289526111675 31.4067193533775786
272 31.1323941476493218 -20.3271104878973183 30.3575791829359360
273 32.9991402543927919 -19.0520625089000148 29.1903349865649808
274 34.7938206469370073 -17.7759616540396941 27.8819875916852489
275 36.5237440859921705 -16.4918994365462197 26.4203211735928463
276 38.1980405727822969 -15.1630889918350125 24.7990005569936116
277 39.8208496430721013 -13.7450148657937650 23.0081398649033169
278 41.3860296065774307 -12.2086501479518699 21.0272540995825423
279 -41.5177247784051744 -10.2419445282239661 21.8032360328778871
280 -39.9587503871807854 -11.6936993275760361 23.8863070299958018
281 -38.3445435785981914 -13.0311907955244219 25.7659473763264444
282 -36.6794367700543233 -14.2949139472692046 27.4640556632074073
283 -34.9579050492606171 -15.5375961890248622 28.9918605686782200
284 -33.1699911418768281 -16.7978889685456387 30.3575791829359360
285 -31.3083747191007866 -18.0758985719624974 31.5760599705614808
286 -29.3739403759082869 -19.3296337829729659 32.6731829580274464
287 -27.3777502022587100 -20.4919731973433734 33.6829011271607115
288 -25.3393477667043960 -21.4939823855404093 34.6399505768713780
289 -23.2795192628688490 -22.2858940585474663 35.5725021456309278
290 -21.2145324958308308 -22.8466955750636771 36.4961931204297372
291 -19.1504570715044444 -23.1876060629373235 37.4111603538636217
292 -17.0844422724694276 -23.3450583115071240 38.3031341363992226
293 -15.0071408681034111 -23.3719051572199419 39.1476662431723526
294 -12.9099362045101600 -23.3241312153549174 39.9163932519508151
295 -10.7885944620630259 -23.2502717726319013 40.5836308384538071
296 -8.6461485013939825 -23.1826048024082247 41.1316295649370289
297 -6.4895119298985113 -23.1359036421009847 41.5525714917274840
298 -4.3267109608737426 -23.1103964622276301 41.8472119455969391
299 -2.1630836412586905 -23.0987795901001505 42.0210358107566364
300 0.0000000000000000 -23.0954654122640584 42.0784918621249346
301 2.1630836412586905 -23.0987795901001505 42.0210358107566364
302 4.3267109608737426 -23.1103964622276301 41.8472119455969391
303 6.4895119298985113 -23.1359036421009847 41.5525714917274840
304 8.6461485013939825 -23.1826048024082247 41.1316295649370289
305 10.7885944620630259 -23.2502717726319013 40.5836308384538071
306 12.9099362045101600 -23.3241312153549174 39.9163932519508151
307 15.0071408681034111 -23.3719051572199419 39.1476662431723526
308 17.0844422724694276 -23.3450583115071240 38.3031341363992226
309 19.1504570715044444 -23.1876060629373235 37.4111603538636217
310 21.2145324958308308 -22.8466955750636771 36.4961931204297372
311 23.2795192628688490 -22.2858940585474663 35.5725021456309278
312 25.3393477667043960 -21.4939823855404093 34.6399505768713780
313 27.3777502022587100 -20.4919731973433734 33.6829011271607115
314 29.3739403759082869 -19.3296337829729659 32.6731829580274464
315 31.3083747191007724 -18.0758985719625187 31.5760599705614808
316 33.1699911418768281 -16.7978889685456387 30.3575791829359360
317 34.9579050492606171 -15.5375961890248622 28.9918605686782200
318 36.6794367700543233 -14.2949139472692046 27.4640556632074073
319 38.3445435785981914 -13.0311907955244219 25.7659473763264444
320 39.9587503871807854 -11.6936993275760361 23.8863070299958018
321 41.5177247784051744 -10.2419445282239678 21.8032360328778871
322 -41.5683645798913659 -8.2900536043630719 22.5243441056564357
323 -40.0188348009590698 -9.6344291020987569 24.6915094121477239
324 -38.4170224383378667 -10.8743291808138949 26.6435987028694043
325 -36.7648319061619659 -12.0620506259501532 28.4051768100230468
326 -35.0553164434485751 -13.2570968175978940 29.9895677364399482
327 -33.2784705096647642 -14.4969438156995913 31.4067193533775786
328 -31.4269240898586339 -15.7737616832995222 32.6731829580274464
329 -29.5012963355128477 -17.0325813807509583 33.8166332746527587
330 -27.5111569579664383 -18.1953785847738452 34.8721155221602217
331 -25.4718139641577928 -19.1880974242093281 35.8748325517261151
332 -23.3993887148772757 -19.9596244598919057 36.8521641045700221
333 -21.3035007768171916 -20.4929767159561678 37.8179687446513739
334 -19.1858805960930461 -20.8029770138408630 38.7703254192438962
335 -17.0402710181633879 -20.9316333479082459 39.6925167886375831
336 -14.8588608916767893 -20.9344333474103657 40.5581527368373926
337 -12.6368744729563556 -20.8693948926995105 41.3373651841443817
338 -10.3773923641533354 -20.7831347723436579 42.0044168719792168
339 -8.0893380354407327 -20.7062744902161882 42.5418947260720230
340 -5.7843454164556478 -20.6510537062566328 42.9426982026564374
341 -3.4720842281627582 -20.6177010872378688 43.2071178509959637
342 -1.1575138623828471 -20.6021847914850831 43.3383218811699322
343 1.1575138623828471 -20.6021847914850831 43.3383218811699322
344 3.4720842281627582 -20.6177010872378688 43.2071178509959637
345 5.7843454164556478 -20.6510537062566328 42.9426982026564374
346 8.0893380354407327 -20.7062744902161882 42.5418947260720230
347 10.3773923641533354 -20.7831347723436579 42.0044168719792097
348 12.6368744729563556 -20.8693948926995105 41.3373651841443817
349 14.8588608916767893 -20.9344333474103657 40.5581527368373926
350 17.0402710181633879 -20.9316333479082459 39.6925167886375831
351 19.1858805960930461 -20.8029770138408630 38.7703254192438962
352 21.3035007768171916 -20.4929767159561678 37.8179687446513739
353 23.3993887148772757 -19.9596244598919057 36.8521641045700221
354 25.4718139641577928 -19.1880974242093281 35.8748325517261151
355 27.5111569579664383 -18.1953785847738452 34.8721155221602217
356 29.5012963355125848 -17.0325813807514130 33.8166332746527587
357 31.4269240898586339 -15.7737616832995222 32.6731829580274464
358 33.2784705096647642 -14.4969438156995913 31.4067193533775786
359 35.0553164434485751 -13.2570968175978940 29.9895677364399482
360 36.7648319061619659 -12.0620506259501532 28.4051768100230468
361 38.4170224383378667 -10.8743291808138967 26.6435987028694043
362 40.0188348009590698 -9.6344291020987569 24.6915094121477239
363 41.5683645798913659 -8.2900536043630719 22.5243441056564357
364 -41.5415124648007676 -6.3426460503440447 23.1964131541248939
365 -39.9994924335144404 -7.5636407899374252 25.4328909694123482
366 -38.4060936336197543 -8.6986797532458429 27.4464012642113708
367 -36.7606309736145320 -9.8106836565220163 29.2644237362259325
368 -35.0558879538295187 -10.9622341661219753 30.9016850973479897
369 -33.2828334557220558 -12.1864588882425231 32.3688618416502720
370 -31.4354444636985413 -13.4638405749489110 33.6829011271607115
371 -29.5132385648727187 -14.7276715207130255 34.8721155221602217
372 -27.5228249651541965 -15.8903104024907087 35.9721022634204814
373 -25.4746474008189807 -16.8746913609371951 37.0173895794538481
374 -23.3778646168263471 -17.6316394441684494 38.0342048223461902
375 -21.2373327172188944 -18.1462530048647963 39.0344617093867328
376 -19.0505846498123539 -18.4380994453945490 40.0138940037341939
377 -16.8120257431573457 -18.5512750775637585 40.9537053684764416
378 -14.5168550146307371 -18.5435513010475681 41.8258009562232687
379 -12.1674204301473363 -18.4715114615342308 42.5999664835835645
380 -9.7729224698282824 -18.3806715864006023 43.2509063307534731
381 -7.3475264010914998 -18.2993328101358301 43.7624070920367600
382 -4.9047297407051751 -18.2396851642227276 44.1277408359036158
383 -2.4538756103766328 -18.2044912561360839 44.3460820433334675
384 0.0000000000000000 -18.1928709532594119 44.4186835293218749
385 2.4538756103766328 -18.2044912561360839 44.3460820433334675
386 4.9047297407051751 -18.2396851642227276 44.1277408359036158
387 7.3475264010914998 -18.2993328101358301 43.7624070920367600
388 9.7729224698282824 -18.3806715864006023 43.2509063307534731
389 12.1674204301473363 -18.4715114615342308 42.5999664835835645
390 14.5168550146307371 -18.5435513010475681 41.8258009562232687
391 16.8120257431573457 -18.5512750775637585 40.9537053684764416
392 19.0505846498123539 -18.4380994453945490 40.0138940037341939
393 21.2373327172188944 -18.1462530048647963 39.0344617093867328
394 23.3778646168263471 -17.6316394441684494 38.0342048223461902
395 25.4746474008189807 -16.8746913609371951 37.0173895794538481
396 27.5228249651541823 -15.8903104024907407 35.9721022634204814
397 29.5132385648727187 -14.7276715207130255 34.8721155221602217
398 31.4354444636985413 -13.4638405749489110 33.6829011271607115
399 33.2828334557220558 -12.1864588882425231 32.3688618416502720
400 35.0558879538295187 -10.9622341661219753 30.9016850973479897
401 36.7606309736145320 -9.8106836565220163 29.2644237362259325
402 38.4060936336197472 -8.6986797532458429 27.4464012642113673
403 39.9994924335144404 -7.5636407899374243 25.4328909694123482
404 41.5415124648007676 -6.3426460503440447 23.1964131541248939
405 -41.4388761510004642 -4.3939710777483274 23.8225221483779031
406 -39.8957351223027317 -5.4868414981374096 26.1194350900890839
407 -38.2980243622422449 -6.5226907508956318 28.1907047680131626
408 -36.6436063061400787 -7.5713241705935488 30.0652817579412783
409 -34.9265995151812518 -8.6941423661779993 31.7575901923110351
410 -33.1414475958355794 -9.9139111462653116 33.2770013227820840
411 -31.2840086577254439 -11.1975276885242838 34.6399505768713780
412 -29.3532868017349244 -12.4651892613271915 35.8748325517261080
413 -27.3512351000029028 -13.6243461210918611 37.0173895794538481
414 -25.2823772920827032 -14.5967873353375719 38.1016429822614029
415 -23.1500378221429344 -15.3367137814718451 39.1517682770339590
416 -20.9534517770044744 -15.8340331523865068 40.1775590691852855
417 -18.6892873851513492 -16.1107087641296687 41.1722673671564721
418 -16.3535234413118751 -16.2137505085122875 42.1150396592735063
419 -13.9475342670566160 -16.2000125155261507 42.9770390134787874
420 -11.4796772575726411 -16.1253170808592579 43.7286080169917781
421 -8.9648123854373445 -16.0328171174307883 44.3461488088078184
422 -6.4194114935795694 -15.9502736841471080 44.8149520302867614
423 -3.8569226738702738 -15.8914077875632174 45.1285641918415195
424 -1.2864227422448720 -15.8613753730367382 45.2853385523820435
425 1.2864227422448720 -15.8613753730367382 45.2853385523820435
426 3.8569226738702747 -15.8914077875632209 45.1285641918415195
427 6.4194114935795694 -15.9502736841471080 44.8149520302867614
428 8.9648123854373445 -16.0328171174307883 44.3461488088078184
429 11.4796772575726411 -16.1253170808592579 43.7286080169917781
430 13.9475342670566160 -16.2000125155261507 42.9770390134787874
431 16.3535234413118751 -16.2137505085122875 42.1150396592735063
432 18.6892873851513492 -16.1107087641296687 41.1722673671564721
433 20.9534517770044744 -15.8340331523865068 40.1775590691852855
434 23.1500378221429344 -15.3367137814718451 39.1517682770339590
435 25.2823772920826535 -14.5967873353376589 38.1016429822614029
436 27.3512351000029028 -13.6243461210918611 37.0173895794538481
437 29.3532868017349244 -12.4651892613271915 35.8748325517261080
438 31.2840086577254439 -11.1975276885242838 34.6399505768713780
439 33.1414475958355794 -9.9139111462653133 33.2770013227820840
440 34.9265995151812518 -8.6941423661779993 31.7575901923110351
441 36.6436063061400787 -7.5713241705935506 30.0652817579412783
442 38.2980243622422449 -6.5226907508956309 28.1907047680131626
443 39.8957351223027317 -5.4868414981374114 26.1194350900890839
444 41.4388761510004642 -4.3939710777483265 23.8225221483779031
445 -41.2615747890677511 -2.4452121458303839 24.4029380093474089
446 -39.7021826125938944 -3.4188398943030114 26.7590775172345694
447 -38.0804284712978003 -4.3736432500651841 28.8920787096313134
448 -36.3944804210348849 -5.3817173256540478 30.8298380389787852
449 -34.6427644650779030 -6.4962141336174222 32.5834017890601046
450 -32.8248319288727117 -7.7250651551677665 34.1592414609820025
451 -30.9399100321852174 -9.0177080402598779 35.5725021456309278
452 -28.9852361897022845 -10.2846528301646742 36.8521641045700221
453 -26.9583799774307948 -11.4300049223207463 38.0342048223461902
454 -24.8570026563969861 -12.3801639618104371 39.1517682770339590
455 -22.6788678407188229 -13.0936504527547939 40.2271708088486406
456 -20.4204087306286333 -13.5661179396444798 41.2670249875335955
457 -18.0775214805124733 -13.8239064831996536 42.2623097649118122
458 -15.6506083165703664 -13.9143800158027116 43.1908380110542467
459 -13.1462178709462361 -13.8944097449631307 44.0241108204207450
460 -10.5784595964463062 -13.8173201628152178 44.7345264430575256
461 -7.9649742897255198 -13.7250511243009772 45.3010171651734055
462 -5.3227146946403048 -13.6454362951769212 45.7107293378012969
463 -2.6646856693766163 -13.5934405577604362 45.9577830632206599
464 0.0000000000000000 -13.5755465157453070 46.0402490957513706
465 2.6646856693766163 -13.5934405577604362 45.9577830632206599
466 5.3227146946403048 -13.6454362951769212 45.7107293378012969
467 7.9649742897255198 -13.7250511243009772 45.3010171651734055
468 10.5784595964463062 -13.8173201628152178 44.7345264430575256
469 13.1462178709462361 -13.8944097449631307 44.0241108204207450
470 15.6506083165703664 -13.9143800158027116 43.1908380110542467
471 18.0775214805124733 -13.8239064831996536 42.2623097649118122
472 20.4204087306286333 -13.5661179396444798 41.2670249875335955
473 22.6788678407186808 -13.0936504527550390 40.2271708088486335
474 24.8570026563969861 -12.3801639618104371 39.1517682770339590
475 26.9583799774307948 -11.4300049223207463 38.0342048223461902
476 28.9852361897022845 -10.2846528301646742 36.8521641045700221
477 30.9399100321852174 -9.0177080402598779 35.5725021456309278
478 32.8248319288727117 -7.7250651551677638 34.1592414609820025
479 34.6427644650779030 -6.4962141336174204 32.5834017890601046
480 36.3944804210348849 -5.3817173256540478 30.8298380389787852
481 38.0804284712978003 -4.3736432500651850 28.8920787096313134
482 39.7021826125938944 -3.4188398943030114 26.7590775172345694
483 41.2615747890677511 -2.4452121458303835 24.4029380093474053
484 -41.0116758118846292 -0.5056291326046920 24.9356529146749679
485 -39.4165034001750598 -1.3812113106224966 27.3574764007829678
486 -37.7470076233242935 -2.2827543867485609 29.5626867502681066
487 -36.0047125182719938 -3.2773703258594775 31.5740323719312634
488 -34.1945925519316845 -4.4041269539615353 33.3966091988508254
489 -32.3234251001279631 -5.6501604964966194 35.0324403397800239
490 -30.3930850084500861 -6.9489762832681530 36.4961931204297372
491 -28.3991888235896255 -8.2028845042871286 37.8179687446513668
492 -26.3337824443220683 -9.3189431393015631 39.0344617093867328
493 -24.1894008428339511 -10.2292049596648056 40.1775590691852855
494 -21.9588071317822511 -10.9015337465636915 41.2670249875335955
495 -19.6366643781332186 -11.3372334647012671 42.3068380934738713
496 -17.2210824777447371 -11.5672241128402256 43.2854900009003103
497 -14.7157533460509988 -11.6402519723956548 44.1808910896705243
498 -12.1323975336323731 -11.6112819573821273 44.9664659651176422
499 -9.4881670455732117 -11.5319172818411086 45.6178645918468391
500 -6.8017772768487106 -11.4426484897270200 46.1172594742650759
501 -4.0897358480865131 -11.3709772128114270 46.4540088465850189
502 -1.3645593489686374 -11.3319162470832016 46.6232308184689614
503 1.3645593489686374 -11.3319162470832016 46.6232308184689614
504 4.0897358480865131 -11.3709772128114270 46.4540088465850189
505 6.8017772768487106 -11.4426484897270200 46.1172594742650759
506 9.4881670455732117 -11.5319172818411086 45.6178645918468391
507 12.1323975336323731 -11.6112819573821273 44.9664659651176351
508 14.7157533460509988 -11.6402519723956548 44.1808910896705243
509 17.2210824777447371 -11.5672241128402256 43.2854900009003103
510 19.6366643781329806 -11.3372334647016828 42.3068380934738713
511 21.9588071317822511 -10.9015337465636915 41.2670249875335955
512 24.1894008428339511 -10.2292049596648056 40.1775590691852855
513 26.3337824443220683 -9.3189431393015631 39.0344617093867328
514 28.3991888235896326 -8.2028845042871286 37.8179687446513739
515 30.3930850084500861 -6.9489762832681512 36.4961931204297372
516 32.3234251001279631 -5.6501604964966212 35.0324403397800239
517 34.1945925519316845 -4.4041269539615371 33.3966091988508254
518 36.0047125182719938 -3.2773703258594793 31.5740323719312634
519 37.7470076233242935 -2.2827543867485618 29.5626867502681066
520 39.4165034001750598 -1.3812113106224966 27.3574764007829678
521 41.0116758118846292 -0.5056291326046920 24.9356529146749679
522 -40.6934756348056581 1.4087736605741628 25.4176394956878511
523 -39.0413344001896689 0.6013618506531500 27.9179614617032108
524 -37.3005794795041652 -0.2777032996972681 30.2090988175835911
525 -35.4786658416682528 -1.2841254515742648 32.3050350861883828
526 -33.5897458658238506 -2.4356865245128811 34.2022865291733922
527 -31.6474958393059467 -3.6984357459629207 35.8992699108783668
528 -29.6562844392020182 -4.9909792865375300 37.4111603538636217
529 -27.6088468663764530 -6.2139714832710755 38.7703254192438962
530 -25.4931548421216263 -7.2792405409860956 40.0138940037341939
531 -23.2969267552845594 -8.1300432721042810 41.1722673671564721
532 -21.0106149342475383 -8.7436395979828507 42.2623097649118122
533 -18.6280511718599158 -9.1302828499738915 43.2854900009003103
534 -16.1494993084619232 -9.3239177730179659 44.2296080634679285
535 -13.5829585757480231 -9.3743296997422192 45.0735529885324695
536 -10.9426795619543711 -9.3348384031110587 45.7943070260069405
537 -8.2473694692647292 -9.2545188381967574 46.3717023400144441
538 -5.5154115541656878 -9.1720774378098060 46.7915935918301003
539 -2.7623879073262110 -9.1134082927287459 47.0458818850224247
540 0.0000000000000000 -9.0923759197274343 47.1309738933364386
541 2.7623879073262110 -9.1134082927287459 47.0458818850224247
542 5.5154115541656887 -9.1720774378098078 46.7915935918301003
543 8.2473694692647292 -9.2545188381967574 46.3717023400144441
544 10.9426795619543711 -9.3348384031110587 45.7943070260069405
545 13.5829585757480231 -9.3743296997422192 45.0735529885324695
546 16.1494993084617526 -9.3239177730182625 44.2296080634679356
547 18.6280511718599158 -9.1302828499738915 43.2854900009003103
548 21.0106149342475383 -8.7436395979828507 42.2623097649118122
549 23.2969267552845594 -8.1300432721042810 41.1722673671564721
550 25.4931548421216263 -7.2792405409860983 40.0138940037341939
551 27.6088468663764530 -6.2139714832710755 38.7703254192438962
552 29.6562844392020182 -4.9909792865375318 37.4111603538636217
553 31.6474958393059467 -3.6984357459629194 35.8992699108783668
554 33.5897458658238506 -2.4356865245128820 34.2022865291733922
555 35.4786658416682528 -1.2841254515742639 32.3050350861883828
556 37.3005794795041652 -0.2777032996972681 30.2090988175835911
557 39.0413344001896689 0.6013618506531511 27.9179614617032108
558 40.6934756348056581 1.4087736605741643 25.4176394956878511
559 -40.3140216390547437 3.2784524040904643 25.8463035871657816
560 -38.5852825460924436 2.5072151598705292 28.4409887834500097
561 -36.7529559034153834 1.6229793725448884 30.8315774866920798
562 -34.8334987751989402 0.5892209644047952 33.0193909957969964
563 -32.8505130814520712 -0.5886779100320062 34.9928171001362287
564 -30.8242186299438323 -1.8559883995086703 36.7480999905343850
565 -28.7596346868289388 -3.1230318616937032 38.3031341363992226
566 -26.6474617310717505 -4.2914909151470972 39.6925167886375831
567 -24.4718883613420175 -5.2840038438703392 40.9537053684764416
568 -22.2182815516504384 -6.0556914873042516 42.1150396592735063
569 -19.8755107298808511 -6.5966343789285844 43.1908380110542467
570 -17.4386305875720531 -6.9240902473081922 44.1808910896705243
571 -14.9098869513017220 -7.0760223352783758 45.0735529885324695
572 -12.2997914212799380 -7.1012878880519077 45.8507016448387219
573 -9.6247758474393112 -7.0514947975952635 46.4934415913259258
574 -6.9031545196942599 -6.9729164503976540 46.9864330828910468
575 -4.1521373257405791 -6.9013128765233853 47.3194636086306986
576 -1.3856431722493359 -6.8599933451281432 47.4870559658523774
577 1.3856431722493359 -6.8599933451281432 47.4870559658523774
578 4.1521373257405791 -6.9013128765233853 47.3194636086306986
579 6.9031545196942599 -6.9729164503976540 46.9864330828910468
580 9.6247758474393130 -7.0514947975952653 46.4934415913259258
581 12.2997914212796626 -7.1012878880523811 45.8507016448387219
582 14.9098869513017220 -7.0760223352783758 45.0735529885324695
583 17.4386305875720531 -6.9240902473081922 44.1808910896705243
584 19.8755107298808511 -6.5966343789285844 43.1908380110542467
585 22.2182815516504384 -6.0556914873042533 42.1150396592735063
586 24.4718883613420175 -5.2840038438703392 40.9537053684764416
587 26.6474617310717505 -4.2914909151470990 39.6925167886375831
588 28.7596346868289388 -3.1230318616937032 38.3031341363992226
589 30.8242186299438323 -1.8559883995086692 36.7480999905343850
590 32.8505130814520712 -0.5886779100320062 34.9928171001362287
591 34.8334987751989402 0.5892209644047943 33.0193909957969964
592 36.7529559034153834 1.6229793725448889 30.8315774866920798
593 38.5852825460924436 2.5072151598705306 28.4409887834500097
594 40.3140216390547437 3.2784524040904626 25.8463035871657816
595 -39.8824368690169990 5.0852660082397643 26.2208180462455225
596 -38.0611301027082263 4.3217751621557365 28.9252940305278692
597 -36.1230193634230119 3.4148152066730399 31.4239798430122654
598 -34.0946224559109510 2.3502989608560494 33.7050858830457756
599 -32.0089322661418123 1.1574801813726345 35.7503635619454272
600 -29.8902853782975768 -0.0942988310350084 37.5574486318545766
601 -27.7442340350447125 -1.3106126513392400 39.1476662431723526
602 -25.5591815385278771 -2.4009343297860157 40.5581527368373926
603 -23.3176140104025436 -3.3001895752019479 41.8258009562232687
604 -21.0033895135997994 -3.9789127376619291 42.9770390134787874
605 -18.6060207452012456 -4.4377537674428558 44.0241108204207450
606 -16.1218639124130085 -4.7013234942462452 44.9664659651176422
607 -13.5555469782939255 -4.8092192845697239 45.7943070260069405
608 -10.9191615530909640 -4.8095529908157060 46.4934415913259329
609 -8.2293645606253278 -4.7512258443364050 47.0500096908006356
610 -5.5035289209149303 -4.6774479262096333 47.4534788009714816
611 -2.7564896458044181 -4.6202804463565172 47.6975342489482230
612 0.0000000000000000 -4.5991235399129051 47.7791592921497354
613 2.7564896458044181 -4.6202804463565172 47.6975342489482230
614 5.5035289209149303 -4.6774479262096333 47.4534788009714816
615 8.2293645606251609 -4.7512258443366946 47.0500096908006356
616 10.9191615530909640 -4.8095529908157060 46.4934415913259258
617 13.5555469782939255 -4.8092192845697239 45.7943070260069405
618 16.1218639124130085 -4.7013234942462452 44.9664659651176351
619 18.6060207452012456 -4.4377537674428531 44.0241108204207450
620 21.0033895135997994 -3.9789127376619291 42.9770390134787874
621 23.3176140104025436 -3.3001895752019501 41.8258009562232687
622 25.5591815385278771 -2.4009343297860135 40.5581527368373926
623 27.7442340350447125 -1.3106126513392378 39.1476662431723526
624 29.8902853782975768 -0.0942988310350094 37.5574486318545766
625 32.0089322661418123 1.1574801813726345 35.7503635619454272
626 34.0946224559109510 2.3502989608560485 33.7050858830457756
627 36.1230193634230119 3.4148152066730408 31.4239798430122654
628 38.0611301027082263 4.3217751621557365 28.9252940305278692
629 39.8824368690169990 5.0852660082397660 26.2208180462455225
630 -39.4085143500157429 6.8161981080397833 26.5425778717244754
631 -37.4844310740288975 6.0413864920083498 29.3669725424762760
632 -35.4330968091270151 5.1060314411173833 31.9753669789316604
633 -33.2917480700150819 4.0203469629209501 34.3437959570630298
634 -31.1003386927374201 2.8324267481607452 36.4519724008636246
635 -28.8862539984813900 1.6223080013885127 38.3008152221835729
636 -26.6542582559540513 0.4817328933352101 39.9163932519508080
637 -24.3918633751651690 -0.5091568716655379 41.3373651841443746
638 -22.0805083870577405 -1.3015394602662511 42.5999664835835645
639 -19.7047728648895664 -1.8790335918747487 43.7286080169917781
640 -17.2553800714440655 -2.2525546620221717 44.7345264430575256
641 -14.7310168432017985 -2.4510350558961900 45.6178645918468391
642 -12.1383331483124088 -2.5151720556810617 46.3717023400144441
643 -9.4903000443579124 -2.4918489551057665 46.9864330828910468
644 -6.8025531894338531 -2.4274718928698671 47.4534788009714816
645 -4.0900227425514935 -2.3613757314035726 47.7670976574938067
646 -1.3646369298842178 -2.3212715198153813 47.9244140765527860
647 1.3646369298842178 -2.3212715198153813 47.9244140765527860
648 4.0900227425512972 -2.3613757314039066 47.7670976574938067
649 6.8025531894338531 -2.4274718928698671 47.4534788009714816
650 9.4903000443579124 -2.4918489551057665 46.9864330828910468
651 12.1383331483124088 -2.5151720556810644 46.3717023400144441
652 14.7310168432017985 -2.4510350558961900 45.6178645918468391
653 17.2553800714440655 -2.2525546620221744 44.7345264430575256
654 19.7047728648895664 -1.8790335918747512 43.7286080169917781
655 22.0805083870577405 -1.3015394602662511 42.5999664835835645
656 24.3918633751651690 -0.5091568716655379 41.3373651841443746
657 26.6542582559540513 0.4817328933352101 39.9163932519508080
658 28.8862539984813900 1.6223080013885138 38.3008152221835729
659 31.1003386927374201 2.8324267481607470 36.4519724008636246
660 33.2917480700150819 4.0203469629209492 34.3437959570630298
661 35.4330968091270151 5.1060314411173851 31.9753669789316604
662 37.4844310740288975 6.0413864920083480 29.3669725424762760
663 39.4085143500157500 6.8161981080397815 26.5425778717244754
664 -38.9008732778027237 8.4661220548656804 26.8150486774954580
665 -36.8699281248061510 7.6715687271788227 29.7616436598484917
666 -34.7051168489759263 6.7141915394960563 32.4726730724448771
667 -32.4525771872427313 5.6250430520300014 34.9168888157129658
668 -30.1577453326871598 4.4674477630567777 37.0749552519371974
669 -27.8486505627200707 3.3246222391097189 38.9538130200719692
670 -25.5296232310229954 2.2819390110412590 40.5836308384538071
671 -23.1874188652019910 1.4044819737763845 42.0044168719792168
672 -20.8045897673558855 0.7267366651132501 43.2509063307534731
673 -18.3672331106437241 0.2526532927652818 44.3461488088078184
674 -15.8687300867475756 -0.0353445132417278 45.3010171651734055
675 -13.3105129171035923 -0.1691876677712208 46.1172594742650759
676 -10.7009578437042130 -0.1904477993287984 46.7915935918301003
677 -8.0527809334042004 -0.1451999658312367 47.3194636086306986
678 -5.3795250620554587 -0.0770498353571358 47.6975342489482230
679 -2.6925985701835393 -0.0211744883144496 47.9244140765527860
680 -0.0000000000000160 -0.0000000000000080 48.0000000000000000
681 2.6925985701835393 -0.0211744883144496 47.9244140765527860
682 5.3795250620554587 -0.0770498353571358 47.6975342489482230
683 8.0527809334042004 -0.1451999658312367 47.3194636086306986
684 10.7009578437042165 -0.1904477993287984 46.7915935918301003
685 13.3105129171035923 -0.1691876677712182 46.1172594742650759
686 15.8687300867475756 -0.0353445132417253 45.3010171651734055
687 18.3672331106437241 0.2526532927652818 44.3461488088078184
688 20.8045897673558855 0.7267366651132477 43.2509063307534731
689 23.1874188652019910 1.4044819737763845 42.0044168719792097
690 25.5296232310229954 2.2819390110412590 40.5836308384538071
691 27.8486505627200707 3.3246222391097167 38.9538130200719692
692 30.1577453326871598 4.4674477630567795 37.0749552519371974
693 32.4525771872427313 5.6250430520299997 34.9168888157129658
694 34.7051168489759263 6.7141915394960554 32.4726730724448771
695 36.8699281248061510 7.6715687271788235 29.7616436598484917
696 38.9008732778027237 8.4661220548656839 26.8150486774954580
697 -38.3658785780464697 10.0370963344973010 27.0428559532201724
698 -36.2302872016860675 9.2249017301068541 30.1042767286180393
699 -33.9570924578224407 8.2593691709237600 32.9043871346860399
700 -31.6000223431651612 7.1894961281645049 35.4083285871356779
701 -29.2069595474030841 6.0869069193315477 37.6019025868606036
702 -26.8058163013436506 5.0336798667181277 39.4982313454414893
703 -24.3997989354776479 4.1035181541041714 41.1316295649370289
704 -21.9768287439812582 3.3475650066167186 42.5418947260720230
705 -19.5214502864294595 2.7865218867458212 43.7624070920367600
706 -17.0230479545755848 2.4157634112878368 44.8149520302867614
707 -14.4786518246655795 2.2131120049332247 45.7107293378012969
708 -11.8924230561919195 2.1436734671948954 46.4540088465850189
709 -9.2736370502259700 2.1644060435129364 47.0458818850224247
710 -6.6337500927978326 2.2299944848156934 47.4870559658523774
711 -3.9829578207075924 2.2995617699564526 47.7791592921497354
712 -1.3279616402993215 2.3424460081298335 47.9244140765527860
713 1.3279616402993215 2.3424460081298282 47.9244140765527860
714 3.9829578207075924 2.2995617699564526 47.7791592921497354
715 6.6337500927978326 2.2299944848156907 47.4870559658523774
716 9.2736370502259700 2.1644060435129391 47.0458818850224247
717 11.8924230561919195 2.1436734671948927 46.4540088465850189
718 14.4786518246655795 2.2131120049332247 45.7107293378012969
719 17.0230479545755848 2.4157634112878368 44.8149520302867614
720 19.5214502864294595 2.7865218867458235 43.7624070920367600
721 21.9768287439812582 3.3475650066167186 42.5418947260720230
722 24.3997989354776479 4.1035181541041714 41.1316295649370289
723 26.8058163013436506 5.0336798667181304 39.4982313454414893
724 29.2069595474030805 6.0869069193315477 37.6019025868605965
725 31.6000223431651612 7.1894961281645058 35.4083285871356779
726 33.9570924578224407 8.2593691709237600 32.9043871346860399
727 36.2302872016860675 9.2249017301068506 30.1042767286180393
728 38.3658785780464697 10.0370963344972992 27.0428559532201724
729 -37.8071135055504328 11.5368475422304915 27.2309257493342791
730 -35.5736193855244949 10.7158184945859478 30.3922496338281221
731 -33.2013250431149913 9.7605258752112523 33.2626539834204635
732 -30.7484596744977061 8.7319601296135048 35.8090086422485072
733 -28.2637606333868234 7.7055810868255223 38.0234645314307187
734 -25.7734284503111475 6.7567956825557758 39.9258825578206569
735 -23.2810362585176236 5.9478696315961956 41.5525714917274840
736 -20.7765098327628515 5.3161367782136431 42.9426982026564374
737 -18.2483955795996096 4.8722220279636153 44.1277408359036158
738 -15.6908241828627411 4.6055108777777463 45.1285641918415195
739 -13.1046076825425573 4.4890347960997286 45.9577830632206741
740 -10.4960070180159875 4.4842150623632078 46.6232308184689614
741 -7.8742285272418577 4.5461879598637198 47.1309738933364386
742 -5.2481069205484969 4.6299988603124547 47.4870559658523774
743 -2.6230354162510405 4.6973302817136524 47.6975342489482230
744 -0.0000000000001962 4.7227514628074792 47.7670976574938067
745 2.6230354162510405 4.6973302817136524 47.6975342489482230
746 5.2481069205484969 4.6299988603124520 47.4870559658523774
747 7.8742285272418577 4.5461879598637172 47.1309738933364386
748 10.4960070180159875 4.4842150623632051 46.6232308184689614
749 13.1046076825425537 4.4890347960997294 45.9577830632206599
750 15.6908241828627428 4.6055108777777498 45.1285641918415195
751 18.2483955795996096 4.8722220279636153 44.1277408359036158
752 20.7765098327628515 5.3161367782136431 42.9426982026564374
753 23.2810362585176236 5.9478696315961983 41.5525714917274840
754 25.7734284503111475 6.7567956825557758 39.9258825578206569
755 28.2637606333868270 7.7055810868255250 38.0234645314307187
756 30.7484596744977061 8.7319601296135048 35.8090086422485072
757 33.2013250431149913 9.7605258752112505 33.2626539834204635
758 35.5736193855244949 10.7158184945859496 30.3922496338281221
759 37.8071135055504328 11.5368475422304932 27.2309257493342791
760 -37.2258896678340108 12.9756270604637223 27.3836856691353923
761 -34.9045458082710667 12.1588184595774091 30.6241051393399317
762 -32.4437994125157374 11.2319037244796327 33.5446600579654657
763 -29.9043087595785373 10.2635467429245093 36.1163664543873892
764 -27.3332986500248296 9.3276241931593322 38.3390950834750299
765 -24.7561821725717586 8.4923314412804611 40.2369450993720363
766 -22.1775459082560182 7.8081566241645710 41.8472119455969462
767 -19.5914950232634126 7.3019373979506943 43.2071178509959637
768 -16.9924896959738518 6.9771270117548392 44.3460820433334675
769 -14.3795653831331283 6.8166129117282681 45.2853385523820435
770 -11.7567681528927608 6.7877732578726508 46.0402490957513706
771 -9.1314476690473505 6.8477011847199991 46.6232308184689614
772 -6.5112491428997599 6.9490022492158108 47.0458818850224247
773 -3.9006436076636195 7.0465128423546206 47.3194636086306843
774 -1.2990242685189228 7.1049198190794982 47.4534788009714816
775 1.2990242685189228 7.1049198190795009 47.4534788009714816
776 3.9006436076636195 7.0465128423546233 47.3194636086306843
777 6.5112491428997599 6.9490022492158108 47.0458818850224247
778 9.1314476690473505 6.8477011847199964 46.6232308184689614
779 11.7567681528927608 6.7877732578726535 46.0402490957513706
780 14.3795653831331283 6.8166129117282654 45.2853385523820435
781 16.9924896959738518 6.9771270117548365 44.3460820433334675
782 19.5914950232634126 7.3019373979506943 43.2071178509959637
783 22.1775459082560182 7.8081566241645710 41.8472119455969462
784 24.7561821725717586 8.4923314412804611 40.2369450993720363
785 27.3332986500248296 9.3276241931593340 38.3390950834750299
786 29.9043087595785373 10.2635467429245093 36.1163664543873821
787 32.4437994125157374 11.2319037244796327 33.5446600579654657
788 34.9045458082710667 12.1588184595774091 30.6241051393399317
789 37.2258896678340108 12.9756270604637240 27.3836856691353923
790 -36.6216791808854722 14.3645805491504674 27.5047530368710653
791 -34.2233243794599247 13.5654603098618214 30.8016615623220495
792 -31.6845344187771829 12.6827083907154918 33.7526174768920484
793 -29.0655552784131253 11.7875209085827599 36.3352149737308636
794 -26.4123215262907962 10.9510106656768453 38.5546966917399985
795 -23.7497417754542575 10.2333685459587347 40.4379516519052373
796 -21.0856717420735826 9.6761044112095149 42.0210358107566364
797 -18.4207723340789116 9.2986559856863504 43.3383218811699322
798 -15.7554884132946675 9.0964354766297042 44.4186835293218607
799 -13.0931426408882565 9.0447624613084727 45.2853385523820435
800 -10.4399220131659405 9.1044057616607059 45.9577830632206741
801 -7.8026872081054064 9.2273037456165383 46.4540088465850189
802 -5.1855462895385269 9.3625252371386036 46.7915935918301003
803 -2.5871455246636521 9.4647654055034174 46.9864330828910468
804 -0.0000000000001672 9.5024516886730979 47.0500096908006356
805 2.5871455246636521 9.4647654055034192 46.9864330828910468
806 5.1855462895385269 9.3625252371386019 46.7915935918301003
807 7.8026872081054064 9.2273037456165348 46.4540088465850189
808 10.4399220131659405 9.1044057616607095 45.9577830632206741
809 13.0931426408882565 9.0447624613084692 45.2853385523820435
810 15.7554884132946675 9.0964354766297042 44.4186835293218607
811 18.4207723340789116 9.2986559856863504 43.3383218811699322
812 21.0856717420735826 9.6761044112095149 42.0210358107566364
813 23.7497417754542575 10.2333685459587382 40.4379516519052373
814 26.4123215262907962 10.9510106656768453 38.5546966917399985
815 29.0655552784131253 11.7875209085827599 36.3352149737308636
816 31.6845344187771829 12.6827083907154918 33.7526174768920484
817 34.2233243794599247 13.5654603098618214 30.8016615623220495
818 36.6216791808854722 14.3645805491504657 27.5047530368710653
819 -35.9929904948443706 15.7137748532485304 27.5967736356889581
820 -33.5278056252894459 14.9444783729355191 30.9281233849335315
821 -30.9190249575351430 14.1170659559979246 33.8928066773662664
822 -28.2259818216887588 13.3035415801479626 36.4734112968196342
823 -25.4930827716364270 12.5709875919690184 38.6791029079146895
824 -22.7468490096808900 11.9737996044558415 40.5365141960074382
825 -20.0012597592455208 11.5477327061320292 42.0784918621249346
826 -17.2632584716960622 11.3035288057987344 43.3383218811699322
827 -14.5386140855972208 11.2273642443812527 44.3460820433334675
828 -11.8339015089924686 11.2858969097854676 45.1285641918415195
829 -9.1559371300252739 11.4323242902436988 45.7107293378012969
830 -6.5087356402548817 11.6118361574982405 46.1172594742650759
831 -3.8909636790476800 11.7696908938778240 46.3717023400144441
832 -1.2943857056516503 11.8610477884109748 46.4934415913259258
833 1.2943857056516503 11.8610477884109677 46.4934415913259258
834 3.8909636790476800 11.7696908938778204 46.3717023400144441
835 6.5087356402548817 11.6118361574982334 46.1172594742650759
836 9.1559371300252739 11.4323242902437006 45.7107293378012969
837 11.8339015089924686 11.2858969097854711 45.1285641918415195
838 14.5386140855972208 11.2273642443812509 44.3460820433334675
839 17.2632584716960622 11.3035288057987344 43.3383218811699322
840 20.0012597592455208 11.5477327061320292 42.0784918621249346
841 22.7468490096808900 11.9737996044558397 40.5365141960074382
842 25.4930827716364270 12.5709875919690202 38.6791029079146895
843 28.2259818216887588 13.3035415801479626 36.4734112968196342
844 30.9190249575351430 14.1170659559979246 33.8928066773662664
845 33.5278056252894459 14.9444783729355191 30.9281233849335315
846 35.9929904948443706 15.7137748532485304 27.5967736356889581
847 -35.3378678494993466 17.0316041480613514 27.6615176010836343
848 -32.8137292553283970 16.3011302295450591 31.0085847080678292
849 -30.1411368523250651 15.5367723957422399 33.9723501214195380
850 -27.3776940991862467 14.8096470989855344 36.5395158508551177
851 -24.5679932377965251 14.1843375092907280 38.7197401552504274
852 -21.7430391421232692 13.7124492962046318 40.5365141960074382
853 -18.9225881008148882 13.4226751788906356 42.0210358107566364
854 -16.1194107951006593 13.3157636892871754 43.2071178509959637
855 -13.3436658388944345 13.3674631362591114 44.1277408359036158
856 -10.6036364609960145 13.5345102728592703 44.8149520302867614
857 -7.9037557970220593 13.7603956375427039 45.3010171651734126
858 -5.2428497976285868 13.9829523377372986 45.6178645918468391
859 -2.6128674163395536 14.1440576876807835 45.7943070260069405
860 -0.0000000000002749 14.2025757761042843 45.8507016448387219
861 2.6128674163395544 14.1440576876807835 45.7943070260069476
862 5.2428497976285868 13.9829523377372986 45.6178645918468391
863 7.9037557970220593 13.7603956375427057 45.3010171651734126
864 10.6036364609960145 13.5345102728592703 44.8149520302867614
865 13.3436658388944345 13.3674631362591114 44.1277408359036158
866 16.1194107951006593 13.3157636892871754 43.2071178509959637
867 18.9225881008148882 13.4226751788906356 42.0210358107566364
868 21.7430391421232692 13.7124492962046300 40.5365141960074382
869 24.5679932377965251 14.1843375092907280 38.7197401552504274
870 27.3776940991862467 14.8096470989855344 36.5395158508551177
871 30.1411368523250651 15.5367723957422363 33.9723501214195380
872 32.8137292553283970 16.3011302295450626 31.0085847080678292
873 35.3378678494993466 17.0316041480613549 27.6615176010836343
874 -34.6544851547085244 18.3241722684380690 27.7000247172938749
875 -32.0773899491669354 17.6391094207564478 31.0467852263590345
876 -29.3451974643774669 16.9424576554810571 33.9972427465658669
877 -26.5143776583971089 16.3049550374418430 36.5395158508551177
878 -23.6333359911223511 15.7921635050320450 38.6791029079146895
879 -20.7372280148160222 15.4511954378845555 40.4379516519052373
880 -17.8508349473822712 15.3022398380630573 41.8472119455969391
881 -14.9921644163072045 15.3349169280429880 42.9426982026564374
882 -12.1739238853379597 15.5128109233900098 43.7624070920367600
883 -9.4024207252063796 15.7801638246655038 44.3461488088078184
884 -6.6769204749977593 16.0698748248373882 44.7345264430575256
885 -3.9894663787806355 16.3126054516283752 44.9664659651176351
886 -1.3269283755536978 16.4503520350205932 45.0735529885324695
887 1.3269283755536978 16.4503520350205967 45.0735529885324695
888 3.9894663787806355 16.3126054516283716 44.9664659651176351
889 6.6769204749977593 16.0698748248373882 44.7345264430575256
890 9.4024207252063796 15.7801638246655038 44.3461488088078184
891 12.1739238853379597 15.5128109233900044 43.7624070920367600
892 14.9921644163072045 15.3349169280429880 42.9426982026564374
893 17.8508349473822712 15.3022398380630573 41.8472119455969391
894 20.7372280148160222 15.4511954378845591 40.4379516519052373
895 23.6333359911223511 15.7921635050320468 38.6791029079146895
896 26.5143776583971089 16.3049550374418430 36.5395158508551177
897 29.3451974643774669 16.9424576554810571 33.9972427465658669
898 32.0773899491669354 17.6391094207564478 31.0467852263590345
899 34.6544851547085244 18.3241722684380726 27.7000247172938749
900 -33.9411254969542782 19.5959179422654266 27.7128129211020351
901 -31.3146118330919663 18.9602798726999637 31.0467852263590345
902 -28.5258080136921244 18.3346040151857252 33.9723501214195380
903 -25.6341958795550937 17.7926465142662451 36.4734112968196342
904 -22.6900141967358842 17.3982360818519837 38.5546966917399985
905 -19.7326658517920777 17.1933169415223475 40.2369450993720363
906 -16.7915243286191149 17.1880340105047829 41.5525714917274840
907 -13.8874907085405290 17.3587094835994655 42.5418947260720230
908 -11.0316672975276013 17.6539349212873589 43.2509063307534731
909 -8.2250956073169235 18.0043506727340130 43.7286080169917781
910 -5.4598028742550122 18.3321635124059803 44.0241108204207450
911 -2.7228772415210525 18.5643422197038497 44.1808910896705243
912 -0.0000000000001719 18.6478355460362337 44.2296080634679356
913 2.7228772415210525 18.5643422197038461 44.1808910896705243
914 5.4598028742550122 18.3321635124059839 44.0241108204207450
915 8.2250956073169235 18.0043506727340095 43.7286080169917781
916 11.0316672975276013 17.6539349212873553 43.2509063307534731
917 13.8874907085405290 17.3587094835994691 42.5418947260720230
918 16.7915243286191114 17.1880340105047829 41.5525714917274769
919 19.7326658517920777 17.1933169415223475 40.2369450993720363
920 22.6900141967358842 17.3982360818519872 38.5546966917399985
921 25.6341958795550937 17.7926465142662487 36.4734112968196342
922 28.5258080136921244 18.3346040151857217 33.9723501214195380
923 31.3146118330919663 18.9602798726999637 31.0467852263590345
924 33.9411254969542782 19.5959179422654266 27.7128129211020351
925 -33.1964412651439602 20.8495783648292381 27.7000247172938749
926 -30.5240575168486785 20.2669580132464837 31.0085847080678292
927 -27.6852502235622282 19.7181280954715454 33.8928066773662735
928 -24.7410701936794588 19.2777487919152684 36.3352149737308636
929 -21.7446088332427294 19.0075189035687373 38.3390950834750370
930 -18.7382709344298917 18.9420459393121661 39.9258825578206569
931 -15.7536504340836618 19.0790866483040524 41.1316295649370289
932 -12.8100265010486556 19.3786527985672734 42.0044168719792097
933 -9.9130879569104025 19.7730509218004826 42.5999664835835645
934 -7.0558552465431843 20.1789252531880763 42.9770390134787874
935 -4.2249024133104864 20.5110143947313013 43.1908380110542538
936 -1.4069686941151802 20.6975069628141206 43.2854900009003103
937 1.4069686941151802 20.6975069628141206 43.2854900009003103
938 4.2249024133104864 20.5110143947313013 43.1908380110542538
939 7.0558552465431843 20.1789252531880798 42.9770390134787874
940 9.9130879569104025 19.7730509218004862 42.5999664835835645
941 12.8100265010486556 19.3786527985672734 42.0044168719792097
942 15.7536504340836618 19.0790866483040524 41.1316295649370289
943 18.7382709344298917 18.9420459393121625 39.9258825578206569
944 21.7446088332427294 19.0075189035687373 38.3390950834750370
945 24.7410701936794588 19.2777487919152684 36.3352149737308636
946 27.6852502235622282 19.7181280954715454 33.8928066773662735
947 30.5240575168486785 20.2669580132464873 31.0085847080678292
948 33.1964412651439602 20.8495783648292452 27.7000247172938749
949 -32.4187357841712256 22.0876891992131199 27.6615176010836379
950 -29.7062007299140163 21.5636922181796962 30.9281233849335315
951 -26.8258148645382661 21.0982575183857115 33.7526174768920484
952 -23.8406465920909234 20.7661176969462637 36.1163664543873821
953 -20.8051092888052267 20.6243441715827842 38.0234645314307116
954 -17.7622027897679935 20.6976779527835504 39.4982313454414751
955 -14.7410287689599695 20.9683327615906414 40.5836308384538071
956 -11.7549889022088170 21.3785517643650422 41.3373651841443746
957 -8.8007589957718064 21.8437408762495231 41.8258009562232687
958 -5.8647581103385615 22.2694419958165426 42.1150396592735063
959 -2.9330934537350655 22.5675460811825026 42.2623097649118122
960 -0.0000000000002395 22.6744669294029499 42.3068380934738713
961 2.9330934537350655 22.5675460811825026 42.2623097649118122
962 5.8647581103385615 22.2694419958165426 42.1150396592735063
963 8.8007589957718064 21.8437408762495231 41.8258009562232687
964 11.7549889022088170 21.3785517643650422 41.3373651841443746
965 14.7410287689599695 20.9683327615906414 40.5836308384538071
966 17.7622027897679935 20.6976779527835504 39.4982313454414751
967 20.8051092888052267 20.6243441715827842 38.0234645314307116
968 23.8406465920909234 20.7661176969462673 36.1163664543873821
969 26.8258148645382661 21.0982575183857115 33.7526174768920484
970 29.7062007299140163 21.5636922181796997 30.9281233849335315
971 32.4187357841712256 22.0876891992131199 27.6615176010836343
972 -31.6050234596844994 23.3139567000827910 27.5967736356889581
973 -28.8596954320998229 22.8555381596366942 30.8016615623220531
974 -25.9490136645182830 22.4812026242854657 33.5446600579654657
975 -22.9363291343270070 22.2629671405496516 35.8090086422485072
976 -19.8748957963139361 22.2505154756897419 37.6019025868606036
977 -16.8035325984157495 22.4553277288765258 38.9538130200719692
978 -13.7443220514438984 22.8423983220197115 39.9163932519508151
979 -10.7003206468510861 23.3353676771963769 40.5581527368373926
980 -7.6598626181846701 23.8352789214340959 40.9537053684764416
981 -4.6076393701332119 24.2407520362339461 41.1722673671564721
982 -1.5383984011536160 24.4676516862081712 41.2670249875335955
983 1.5383984011536160 24.4676516862081712 41.2670249875335955
984 4.6076393701332119 24.2407520362339461 41.1722673671564721
985 7.6598626181846701 23.8352789214340959 40.9537053684764416
986 10.7003206468510861 23.3353676771963841 40.5581527368373926
987 13.7443220514438984 22.8423983220197080 39.9163932519508151
988 16.8035325984157495 22.4553277288765187 38.9538130200719692
989 19.8748957963139361 22.2505154756897419 37.6019025868606036
990 22.9363291343270070 22.2629671405496516 35.8090086422485072
991 25.9490136645182830 22.4812026242854657 33.5446600579654657
992 28.8596954320998229 22.8555381596366942 30.8016615623220531
993 31.6050234596844994 23.3139567000827910 27.5967736356889581
994 -30.7509312607148573 24.5330142253152736 27.5047530368710618
995 -27.9821185701327479 24.1488141477316809 30.6241051393399317
996 -25.0535258837857739 23.8729279890364268 33.2626539834204635
997 -22.0262974589829064 23.7716740452546347 35.4083285871356779
998 -18.9477959192307104 23.8836496974402728 37.0749552519371974
999 -15.8480869412059064 24.2050757821604421 38.3008152221835729
1000 -12.7370931669413014 24.6825178085591865 39.1476662431723526
1001 -9.6071907129083609 25.2231242630553396 39.6925167886375760
1002 -6.4425701923092697 25.7173399863806509 40.0138940037341939
1003 -3.2359490658294772 26.0632381120513159 40.1775590691852855
1004 -0.0000000000001384 26.1873009055098329 40.2271708088486406
1005 3.2359490658294772 26.0632381120513159 40.1775590691852855
1006 6.4425701923092697 25.7173399863806509 40.0138940037341939
1007 9.6071907129083609 25.2231242630553396 39.6925167886375760
1008 12.7370931669413014 24.6825178085591865 39.1476662431723526
1009 15.8480869412059064 24.2050757821604421 38.3008152221835729
1010 18.9477959192307068 23.8836496974402728 37.0749552519371903
1011 22.0262974589829064 23.7716740452546347 35.4083285871356779
1012 25.0535258837857739 23.8729279890364268 33.2626539834204635
1013 27.9821185701327479 24.1488141477316809 30.6241051393399317
1014 30.7509312607148608 24.5330142253152736 27.5047530368710653
1015 -29.8501674983113894 25.7507526005890419 27.3836856691353923
1016 -27.0669807314168018 25.4497488451298075 30.3922496338281256
1017 -24.1313697501652094 25.2780201216693143 32.9043871346860470
1018 -21.0977187740604997 25.2922347364125457 34.9168888157129658
1019 -18.0031228646344594 25.5174700001303449 36.4519724008636246
1020 -14.8634775059252959 25.9328958794897702 37.5574486318545766
1021 -11.6751924143595112 26.4680901732008316 38.3031341363992226
1022 -8.4229662702834069 27.0169484971119367 38.7703254192438962
1023 -5.0964497271031712 27.4651961441663666 39.0344617093867328
1024 -1.7069648342540520 27.7168777432822857 39.1517682770339590
1025 1.7069648342540520 27.7168777432822857 39.1517682770339590
1026 5.0964497271031712 27.4651961441663666 39.0344617093867328
1027 8.4229662702834069 27.0169484971119367 38.7703254192438962
1028 11.6751924143595112 26.4680901732008316 38.3031341363992226
1029 14.8634775059252959 25.9328958794897702 37.5574486318545766
1030 18.0031228646344594 25.5174700001303449 36.4519724008636246
1031 21.0977187740604997 25.2922347364125457 34.9168888157129658
1032 24.1313697501652094 25.2780201216693143 32.9043871346860470
1033 27.0669807314167983 25.4497488451298111 30.3922496338281221
1034 29.8501674983113894 25.7507526005890419 27.3836856691353923
1035 -28.8947598039348925 26.9734969684531656 27.2309257493342756
1036 -26.1041428465305927 26.7638982380129384 30.1042767286180393
1037 -23.1672188635661023 26.6984170627724779 32.4726730724448771
1038 -20.1275966369246966 26.8213260835641485 34.3437959570630298
1039 -17.0068733745166263 27.1418083998078963 35.7503635619454272
1040 -13.8047762118681856 27.6225505850912576 36.7480999905343850
1041 -10.5058273676975737 28.1785853494748544 37.4111603538636288
1042 -7.0956880467724410 28.6958612202432910 37.8179687446513739
1043 -3.5805153606044486 29.0616443664891975 38.0342048223461902
1044 -0.0000000000000508 29.1935746706752255 38.1016429822614029
1045 3.5805153606044486 29.0616443664891975 38.0342048223461902
1046 7.0956880467724410 28.6958612202432910 37.8179687446513739
1047 10.5058273676975737 28.1785853494748544 37.4111603538636288
1048 13.8047762118681856 27.6225505850912540 36.7480999905343850
1049 17.0068733745166263 27.1418083998078892 35.7503635619454272
1050 20.1275966369246966 26.8213260835641485 34.3437959570630298
1051 23.1672188635660987 26.6984170627724779 32.4726730724448771
1052 26.1041428465305927 26.7638982380129349 30.1042767286180393
1053 28.8947598039348925 26.9734969684531656 27.2309257493342756
1054 -27.8753196949295692 28.2072773198487923 27.0428559532201724
1055 -25.0787374670181897 28.0945100281990676 29.7616436598484917
1056 -22.1385013450932284 28.1329462508986303 31.9753669789316604
1057 -19.0827298345449847 28.3516596988302503 33.7050858830457756
1058 -15.9154465159915866 28.7437178109065172 34.9928171001362287
1059 -12.6208086093846301 29.2567532359827354 35.8992699108783668
1060 -9.1785525126192553 29.7956718583318292 36.4961931204297443
1061 -5.5858474748250080 30.2442772900565799 36.8521641045700221
1062 -1.8765876991839197 30.4990374820290562 37.0173895794538481
1063 1.8765876991839197 30.4990374820290562 37.0173895794538481
1064 5.5858474748250080 30.2442772900565799 36.8521641045700221
1065 9.1785525126192535 29.7956718583318292 36.4961931204297372
1066 12.6208086093846301 29.2567532359827318 35.8992699108783668
1067 15.9154465159915866 28.7437178109065172 34.9928171001362287
1068 19.0827298345449847 28.3516596988302503 33.7050858830457756
1069 22.1385013450932284 28.1329462508986374 31.9753669789316604
1070 25.0787374670181897 28.0945100281990712 29.7616436598484917
1071 27.8753196949295727 28.2072773198487923 27.0428559532201760
1072 -26.7823134099547531 29.4560834605435353 26.8150486774954580
1073 -23.9742097131738383 29.4417763105116634 29.3669725424762760
1074 -21.0188263999197709 29.5760448267849867 31.4239798430122583
1075 -17.9270297112163881 29.8720843598140142 33.0193909957969964
1076 -14.6855065270283465 30.3074164887232236 34.2022865291733922
1077 -11.2685300246386149 30.8179875222826887 35.0324403397800239
1078 -7.6603907693163684 31.3036020988073460 35.5725021456309278
1079 -3.8814728375771330 31.6532866855365143 35.8748325517261080
1080 -0.0000000000000160 31.7806208049814423 35.9721022634204743
1081 3.8814728375771330 31.6532866855365143 35.8748325517261080
1082 7.6603907693163684 31.3036020988073460 35.5725021456309278
1083 11.2685300246386149 30.8179875222826887 35.0324403397800239
1084 14.6855065270283429 30.3074164887232271 34.2022865291733851
1085 17.9270297112163881 29.8720843598140142 33.0193909957969964
1086 21.0188263999197744 29.5760448267849867 31.4239798430122654
1087 23.9742097131738383 29.4417763105116634 29.3669725424762760
1088 26.7823134099547531 29.4560834605435460 26.8150486774954544
1089 -25.6072578937977511 30.7206754984973465 26.5425778717244754
1090 -22.7733321312255903 30.8010179846120806 28.9252940305278692
1091 -19.7820193181496968 31.0175037902545370 30.8315774866920798
1092 -16.6272476581246487 31.3674886370510464 32.3050350861883757
1093 -13.2832104523433721 31.8154492990117674 33.3966091988508254
1094 -9.7223132941710908 32.2896709029421984 34.1592414609820025
1095 -5.9446608910210461 32.6915100740646949 34.6399505768713780
1096 -2.0020816069062817 32.9230501054868725 34.8721155221602288
1097 2.0020816069062812 32.9230501054868725 34.8721155221602217
1098 5.9446608910210461 32.6915100740646949 34.6399505768713780
1099 9.7223132941710908 32.2896709029421984 34.1592414609820025
1100 13.2832104523433721 31.8154492990117674 33.3966091988508254
1101 16.6272476581246487 31.3674886370510464 32.3050350861883757
1102 19.7820193181496968 31.0175037902545370 30.8315774866920798
1103 22.7733321312255903 30.8010179846120806 28.9252940305278692
1104 25.6072578937977511 30.7206754984973358 26.5425778717244718
1105 -24.3451879826456228 31.9965704892779463 26.2208180462455225
1106 -21.4639532942475633 32.1622273171810917 28.4409887834500097
1107 -18.4097916274994837 32.4421010549797728 30.2090988175835911
1108 -15.1640702993324084 32.8196808597088818 31.5740323719312670
1109 -11.6954957644027466 33.2496211508870019 32.5834017890601046
1110 -7.9850248943903237 33.6582911093169770 33.2770013227820840
1111 -4.0576942614398330 33.9558137722922808 33.6829011271607115
1112 -0.0000000000002628 34.0651627615023713 33.8166332746527587
1113 4.0576942614398330 33.9558137722922808 33.6829011271607115
1114 7.9850248943903237 33.6582911093169770 33.2770013227820840
1115 11.6954957644027466 33.2496211508870019 32.5834017890601046
1116 15.1640702993324084 32.8196808597088818 31.5740323719312670
1117 18.4097916274994837 32.4421010549797728 30.2090988175835911
1118 21.4639532942475668 32.1622273171810917 28.4409887834500132
1119 24.3451879826456263 31.9965704892779428 26.2208180462455225
1120 -22.9962338865678824 33.2737406660917543 25.8463035871657816
1121 -20.0414618396272850 33.5101064628809766 27.9179614617032108
1122 -16.8965805221375298 33.8312447120179911 29.5626867502681066
1123 -13.5365362905141886 34.2094032649786115 30.8298380389787816
1124 -9.9339516043619316 34.5943936310412212 31.7575901923110351
1125 -6.0876337484683312 34.9170087267031732 32.3688618416502791
1126 -2.0529837139503435 35.1033954662724810 32.6731829580274464
1127 2.0529837139503435 35.1033954662724881 32.6731829580274464
1128 6.0876337484683312 34.9170087267031732 32.3688618416502791
1129 9.9339516043619316 34.5943936310412212 31.7575901923110351
1130 13.5365362905141886 34.2094032649786115 30.8298380389787816
1131 16.8965805221375298 33.8312447120179911 29.5626867502681066
1132 20.0414618396272850 33.5101064628809766 27.9179614617032108
1133 22.9962338865678824 33.2737406660917543 25.8463035871657816
1134 -21.5667715956424537 34.5371968377377030 25.4176394956878511
1135 -18.5120876170940498 34.8262989282185416 27.3574764007829678
1136 -15.2525280740021110 35.1654400681726997 28.8920787096313170
1137 -11.7648440810488815 35.5199560326897341 30.0652817579412783
1138 -8.0343707068194075 35.8404066032982342 30.9016850973479933
1139 -4.0845136332008245 36.0684727683107553 31.4067193533775857
1140 -0.0000000000000140 36.1517971439250161 31.5760599705614808
1141 4.0845136332008245 36.0684727683107553 31.4067193533775857
1142 8.0343707068194075 35.8404066032982342 30.9016850973479933
1143 11.7648440810488815 35.5199560326897341 30.0652817579412783
1144 15.2525280740021092 35.1654400681726997 28.8920787096313134
1145 18.5120876170940498 34.8262989282185416 27.3574764007829678
1146 21.5667715956424537 34.5371968377377030 25.4176394956878511
1147 -20.0679502322131604 35.7699676711662278 24.9356529146749679
1148 -16.8902891063588356 36.0925186753466605 26.7590775172345730
1149 -13.5001962898157117 36.4284073879049259 28.1907047680131626
1150 -9.8840142117663934 36.7409821105562742 29.2644237362259325
1151 -6.0466755972546729 36.9873429865277714 29.9895677364399482
1152 -2.0375969942275098 37.1249994564429500 30.3575791829359360
1153 2.0375969942275098 37.1249994564429500 30.3575791829359360
1154 6.0466755972546729 36.9873429865277714 29.9895677364399482
1155 9.8840142117663934 36.7409821105562742 29.2644237362259325
1156 13.5001962898157117 36.4284073879049259 28.1907047680131626
1157 16.8902891063588356 36.0925186753466605 26.7590775172345730
1158 20.0679502322131604 35.7699676711662278 24.9356529146749679
1159 -18.5131715586025010 36.9561780403994007 24.4029380093474089
1160 -15.1961234372257010 37.2941408676379424 26.1194350900890839
1161 -11.6697691711136251 37.6099926234614230 27.4464012642113673
1162 -7.9363736892741610 37.8703037095760067 28.4051768100230468
1163 -4.0229995111904984 38.0432319302564181 28.9918605686782200
1164 -0.0000000000001069 38.1041250177998450 29.1903349865649808
1165 4.0229995111904984 38.0432319302564252 28.9918605686782200
1166 7.9363736892741610 37.8703037095760067 28.4051768100230468
1167 11.6697691711136251 37.6099926234614230 27.4464012642113673
1168 15.1961234372257010 37.2941408676379424 26.1194350900890839
1169 18.5131715586025010 36.9561780403994007 24.4029380093474053
1170 -16.9141474986760940 38.0841049899176838 23.8225221483779102
1171 -13.4494411475712106 38.4223969808756465 25.4328909694123482
1172 -9.7910658994696735 38.7072819597643445 26.6435987028694043
1173 -5.9599597617795466 38.9127810130066862 27.4640556632074073
1174 -2.0024759543720800 39.0203134019868116 27.8819875916852489
1175 2.0024759543720800 39.0203134019868116 27.8819875916852489
1176 5.9599597617795466 38.9127810130066862 27.4640556632074073
1177 9.7910658994696735 38.7072819597643445 26.6435987028694043
1178 13.4494411475712088 38.4223969808756465 25.4328909694123482
1179 16.9141474986760905 38.0841049899176838 23.8225221483779031
1180 -15.2778636255894096 39.1473281313173942 23.1964131541248975
1181 -11.6657570471019110 39.4745421185327032 24.6915094121477239
1182 -7.8869295188130000 39.7229442333477110 25.7659473763264479
1183 -3.9794681742887885 39.8764399380639816 26.4203211735928427
1184 -0.0000000000002218 39.9280935287003516 26.6410838211090244
1185 3.9794681742887885 39.8764399380639816 26.4203211735928427
1186 7.8869295188130000 39.7229442333477110 25.7659473763264479
1187 11.6657570471019110 39.4745421185327032 24.6915094121477239
1188 15.2778636255894060 39.1473281313173871 23.1964131541248939
1189 -13.6047852698325134 40.1442865221407104 22.5243441056564357
1190 -9.8523345116925345 40.4521426025678537 23.8863070299958018
1191 -5.9674000196178518 40.6620180067356642 24.7990005569936116
1192 -1.9986981091594063 40.7671394600083374 25.2595634585531421
1193 1.9986981091594063 40.7671394600083374 25.2595634585531421
1194 5.9674000196178518 40.6620180067356642 24.7990005569936116
1195 9.8523345116925345 40.4521426025678466 23.8863070299958018
1196 13.6047852698325134 40.1442865221407175 22.5243441056564357
1197 -11.8890782436096032 41.0763766295415209 21.8032360328778871
1198 -8.0068927723638907 41.3583748240778135 23.0081398649033204
1199 -4.0270537602662584 41.5279361241330420 23.7321166203491281
1200 -0.0000000000001065 41.5841295223170349 23.9741563328339389
1201 4.0270537602662584 41.5279361241330420 23.7321166203491281
1202 8.0068927723638907 41.3583748240778135 23.0081398649033204
1203 11.8890782436096032 41.0763766295415209 21.8032360328778871
1204 -10.1200136292457543 41.9456780750468923 21.0272540995825423
1205 -6.1175041998736885 42.1951334636569939 22.0487381577427364
1206 -2.0462903314071488 42.3194345353663266 22.5583278743446236
1207 2.0462903314071488 42.3194345353663266 22.5583278743446236
1208 6.1175041998736885 42.1951334636569939 22.0487381577427364
1209 10.1200136292457508 41.9456780750468852 21.0272540995825388
1210 -8.2844868364767148 42.7526622291132341 20.1885400705350371
1211 -4.1656592019093095 42.9607584296379557 21.0004885315518344
1212 -0.0000000000000579 43.0299888513139663 21.2701682987181826
1213 4.1656592019093095 42.9607584296379557 21.0004885315518344
1214 8.2844868364767148 42.7526622291132341 20.1885400705350371
1215 -6.3694630223723774 43.4946274716916648 19.2781566002923626
1216 -2.1320469374414359 43.6494204725966455 19.8540290183883847
1217 2.1320469374414359 43.6494204725966455 19.8540290183883847
1218 6.3694630223723774 43.4946274716916648 19.2781566002923626
1219 -4.3621860756707509 44.1654689053376757 18.2861337907408732
1220 -0.0000000000000299 44.2518968739210194 18.5948816360809133
1221 4.3621860756707509 44.1654689053376757 18.2861337907408732
1222 -2.2471205294073204 44.7562053777375155 17.1997828332829847
1223 2.2471205294073204 44.7562053777375155 17.1997828332829847
1224 0.0000000000000000 45.2548339959390375 15.9999999999999982
