0 -42.4578222082417511 -24.5130350811336477 17.3333333333333321
1 -40.9025494326828323 -26.2168069490665090 18.5380819747436441
2 -39.3352873982689033 -27.7697097007464393 19.6361500409794196
3 -37.7540973494455301 -29.1962113218887680 20.6448390106632687
4 -36.1588788281387039 -30.5126802263362649 21.5757231002191574
5 -34.5492748933488443 -31.7316624666259735 22.4376737084737954
6 -32.9230531723607385 -32.8640895183980106 23.2384205559807668
7 -31.2755354825302270 -33.9199143108291565 23.9850014264539908
8 -29.6007010049882879 -34.9074824835906625 24.6833175782976149
9 -27.8932758254707274 -35.8326216709876704 25.3374897712475544
10 -26.1508638858266913 -36.6981590639545914 25.9495171311847947
11 -24.3757973680996187 -37.5039598146591899 26.5193043062931046
12 -22.5760357817819575 -38.2476370370747532 27.0451635132769752
13 -20.7649422044561049 -38.9257170796342677 27.5246385095584358
14 -18.9591444007887233 -39.5352234814309895 27.9556246194455333
15 -17.1757710537324577 -40.0748706690344463 28.3372128052482992
16 -15.4290372345568070 -40.5458161426852755 28.6702215432358010
17 -13.7282886624692910 -40.9514679460124071 28.9570606841688267
18 -12.0768066916569001 -41.2968985125384123 29.2013169801886363
19 -10.4728361109388146 -41.5878163552213209 29.4070269595177152
20 -8.9107378878169961 -41.8298039703321862 29.5781380431257759
21 -7.3830449571957564 -42.0276944181654315 29.7180677207205406
22 -5.8814685219479692 -42.1853713035323139 29.8295621156001509
23 -4.3983029189334797 -42.3056728381532352 29.9146281465179733
24 -2.9268802464647683 -42.3905128696100348 29.9746191080767659
25 -1.4620958779384103 -42.4410357684142667 30.0103441924263201
26 0.0000000000000000 -42.4578222082417511 30.0222139978605398
27 1.4620958779384103 -42.4410357684142667 30.0103441924263201
28 2.9268802464647683 -42.3905128696100348 29.9746191080767659
29 4.3983029189334797 -42.3056728381532352 29.9146281465179733
30 5.8814685219479692 -42.1853713035323139 29.8295621156001509
31 7.3830449571957564 -42.0276944181654315 29.7180677207205406
32 8.9107378878169961 -41.8298039703321862 29.5781380431257759
33 10.4728361109388146 -41.5878163552213209 29.4070269595177152
34 12.0768066916569001 -41.2968985125384123 29.2013169801886363
35 13.7282886624692910 -40.9514679460124071 28.9570606841688267
36 15.4290372345568070 -40.5458161426852755 28.6702215432358010
37 17.1757710537324577 -40.0748706690344463 28.3372128052482992
38 18.9591444007887233 -39.5352234814309895 27.9556246194455333
39 20.7649422044561049 -38.9257170796342677 27.5246385095584358
40 22.5760357817819575 -38.2476370370747532 27.0451635132769752
41 24.3757973680996187 -37.5039598146591899 26.5193043062931046
42 26.1508638858266913 -36.6981590639545914 25.9495171311847947
43 27.8932758254707274 -35.8326216709876704 25.3374897712475544
44 29.6007010049882879 -34.9074824835906696 24.6833175782976149
45 31.2755354825302305 -33.9199143108291565 23.9850014264539979
46 32.9230531723607385 -32.8640895183980106 23.2384205559807668
47 34.5492748933488443 -31.7316624666259735 22.4376737084737954
48 36.1588788281387039 -30.5126802263362649 21.5757231002191574
49 37.7540973494455301 -29.1962113218887716 20.6448390106632687
50 39.3352873982689033 -27.7697097007464393 19.6361500409794196
51 40.9025494326828323 -26.2168069490665090 18.5380819747436441
52 42.4578222082417511 -24.5130350811336477 17.3333333333333321
53 -43.1556955403454197 -22.3142434137188630 18.5380819747436441
54 -41.5962189221098697 -24.0155881919505596 19.9250117987055013
55 -40.0125682773795361 -25.5766921376419845 21.1855422197385224
56 -38.4063310511735594 -27.0158205688708719 22.3405276163799513
57 -36.7779390204681178 -28.3488747838839181 23.4035146910544007
58 -35.1250964042123641 -29.5917033070028559 24.3835743480135463
59 -33.4424952871780903 -30.7594547218374927 25.2874564593258526
60 -31.7235462425478651 -31.8634419312655766 26.1215941720599147
61 -29.9628637840888743 -32.9088926076483759 26.8929652733647409
62 -28.1583795019841610 -33.8948458271649287 27.6087864669014174
63 -26.3130826755249849 -34.8151033366129781 28.2759661156245450
64 -24.4358148810991338 -35.6603810112309603 28.9003144832455554
65 -22.5411677528061389 -36.4205869579223744 29.4862103699384726
66 -20.6474381480976206 -37.0880797008611296 30.0359391733146097
67 -18.7738616400103417 -37.6592667404110131 30.5503150179555760
68 -16.9368348461065636 -38.1364895079262141 31.0282418678136622
69 -15.1475569110939006 -38.5270449840009093 31.4677346567232625
70 -13.4105183220744451 -38.8427783860018820 31.8652877845038631
71 -11.7244934823784241 -39.0966938630190981 32.2177712072550264
72 -10.0839133169778759 -39.3017579022914560 32.5220927679223522
73 -8.4810894980407401 -39.4680782975865228 32.7771554046687044
74 -6.9074760703185154 -39.6034234356916528 32.9826564501903974
75 -5.3550369452708591 -39.7117405465065687 33.1406282692668626
76 -3.8167752774490187 -39.7946056861638766 33.2538957832640705
77 -2.2871776784892321 -39.8512169818577178 33.3264057967839591
78 -0.7619901561209556 -39.8805002094040972 33.3611311866023925
79 0.7619901561209556 -39.8805002094040972 33.3611311866023925
80 2.2871776784892321 -39.8512169818577249 33.3264057967839520
81 3.8167752774490187 -39.7946056861638766 33.2538957832640705
82 5.3550369452708591 -39.7117405465065687 33.1406282692668626
83 6.9074760703185154 -39.6034234356916528 32.9826564501903974
84 8.4810894980407401 -39.4680782975865228 32.7771554046687044
85 10.0839133169778759 -39.3017579022914560 32.5220927679223522
86 11.7244934823784241 -39.0966938630190981 32.2177712072550264
87 13.4105183220744433 -38.8427783860018891 31.8652877845038596
88 15.1475569110939006 -38.5270449840009093 31.4677346567232625
89 16.9368348461065636 -38.1364895079262141 31.0282418678136622
90 18.7738616400103417 -37.6592667404110131 30.5503150179555760
91 20.6474381480976206 -37.0880797008611296 30.0359391733146097
92 22.5411677528061389 -36.4205869579223744 29.4862103699384726
93 24.4358148810991338 -35.6603810112309603 28.9003144832455554
94 26.3130826755249849 -34.8151033366129781 28.2759661156245450
95 28.1583795019841610 -33.8948458271649287 27.6087864669014174
96 29.9628637840888743 -32.9088926076483759 26.8929652733647409
97 31.7235462425478651 -31.8634419312655766 26.1215941720599147
98 33.4424952871780903 -30.7594547218374927 25.2874564593258526
99 35.1250964042123641 -29.5917033070028559 24.3835743480135463
100 36.7779390204681178 -28.3488747838839181 23.4035146910544007
101 38.4063310511735594 -27.0158205688708719 22.3405276163799513
102 40.0125682773795361 -25.5766921376419845 21.1855422197385224
103 41.5962189221097134 -24.0155881919508296 19.9250117987055013
104 43.1556955403454197 -22.3142434137188630 18.5380819747436441
105 -43.7169177557000310 -20.1805033016895550 19.6361500409794232
106 -42.1563492746614514 -21.8635545300490399 21.1855422197385224
107 -40.5600187023216208 -23.4173377161215441 22.5945386577471758
108 -38.9319322118736793 -24.8560411389930920 23.8847623632046080
109 -37.2724587449682616 -26.1968437087956545 25.0696868508877166
110 -35.5775995562698597 -27.4597089619486390 26.1571939156092199
111 -33.8405625669647989 -28.6624642362761826 27.1528906206232321
112 -32.0549396562408191 -29.8146650836991753 28.0636168300097886
113 -30.2175039902492095 -30.9152964159842973 28.8989082858003670
114 -28.3303138352443789 -31.9539047510777543 29.6705458182961657
115 -26.4017047192248597 -32.9139389754931173 30.3911600475594668
116 -24.4464070006366363 -33.7767088298041998 31.0726105338101775
117 -22.4836545829388115 -34.5263045101771624 31.7241165907833356
118 -20.5344483126688395 -35.1532218829435124 32.3510034425962303
119 -18.6173263642696369 -35.6570909087516696 32.9540138218592418
120 -16.7455362480830274 -36.0466355116475796 33.5294957321843015
121 -14.9248566968469376 -36.3385152285842850 34.0699422300732948
122 -13.1547288538873115 -36.5534963397515966 34.5658070080892443
123 -11.4296518744894868 -36.7128884976437604 35.0075259935282403
124 -9.7420147464900158 -36.8348822625967571 35.3876333961428742
125 -8.0833447433585022 -36.9330308207663478 35.7016914466575628
126 -6.4460477812405861 -37.0151563586591550 35.9489452939300875
127 -4.8235741783663633 -37.0837836594503116 36.1320650066514091
128 -3.2109335654986091 -37.1371804220695125 36.2563061540556149
129 -1.6040909032341573 -37.1719866831235350 36.3272665969220370
130 0.0000000000000000 -37.1846879896270579 36.3496764650537827
131 1.6040909032341573 -37.1719866831235350 36.3272665969220370
132 3.2109335654986091 -37.1371804220695125 36.2563061540556149
133 4.8235741783663633 -37.0837836594503116 36.1320650066514091
134 6.4460477812405861 -37.0151563586591550 35.9489452939300875
135 8.0833447433585022 -36.9330308207663478 35.7016914466575628
136 9.7420147464900158 -36.8348822625967571 35.3876333961428742
137 11.4296518744894868 -36.7128884976437604 35.0075259935282403
138 13.1547288538873115 -36.5534963397515966 34.5658070080892443
139 14.9248566968469376 -36.3385152285842778 34.0699422300732948
140 16.7455362480830274 -36.0466355116475796 33.5294957321843015
141 18.6173263642696369 -35.6570909087516696 32.9540138218592418
142 20.5344483126688395 -35.1532218829435124 32.3510034425962303
143 22.4836545829388115 -34.5263045101771624 31.7241165907833356
144 24.4464070006366363 -33.7767088298041998 31.0726105338101775
145 26.4017047192248597 -32.9139389754931173 30.3911600475594668
146 28.3303138352443789 -31.9539047510777543 29.6705458182961657
147 30.2175039902492095 -30.9152964159842973 28.8989082858003670
148 32.0549396562408191 -29.8146650836991753 28.0636168300097886
149 33.8405625669647989 -28.6624642362761826 27.1528906206232321
150 35.5775995562698597 -27.4597089619486390 26.1571939156092199
151 37.2724587449682616 -26.1968437087956545 25.0696868508877166
152 38.9319322118736793 -24.8560411389930920 23.8847623632046080
153 40.5600187023215284 -23.4173377161216862 22.5945386577471758
154 42.1563492746614514 -21.8635545300490399 21.1855422197385224
155 43.7169177557000310 -20.1805033016895585 19.6361500409794232
156 -44.1617093737372812 -18.0979017406261917 20.6448390106632687
157 -42.5995524423111149 -19.7529480720359736 22.3405276163799513
158 -40.9919291698159469 -21.2880217443997530 23.8847623632046080
159 -39.3445054799730869 -22.7155608299951481 25.2984818658187081
160 -37.6574201802213651 -24.0557987431863296 26.5939326200088644
161 -35.9256957117404525 -25.3329458061434458 27.7774412862385987
162 -34.1422589729501595 -26.5659755099145016 28.8540308697177963
163 -32.3017486803557077 -27.7605864845218129 29.8319773100363435
164 -30.4036410283554410 -28.9072340247453710 30.7244273056066106
165 -28.4539493397500465 -29.9846542949272781 31.5482689506831235
166 -26.4658864835974903 -30.9653566613300804 32.3218740093137669
167 -24.4583060255309803 -31.8228513730341547 33.0620234839196385
168 -22.4531192577881633 -32.5373965658173958 33.7812856521813885
169 -20.4707386898500019 -33.1013665814651716 34.4854808278982645
170 -18.5266320882482809 -33.5200830008541217 35.1733981736558974
171 -16.6282960968586409 -33.8117241144447576 35.8366722970181826
172 -14.7760863190797664 -34.0022269764257885 36.4625264310459869
173 -12.9646670056390843 -34.1213617428099809 37.0357946080436804
174 -11.1864168134191058 -34.1961821806459270 37.5431112608495567
175 -9.4330831239927306 -34.2488684849237970 37.9740957796000274
176 -7.6977951278942269 -34.2932057973519377 38.3238827144306384
177 -5.9752056046956863 -34.3356041342568261 38.5922687428093454
178 -4.2616855722622624 -34.3749364482795414 38.7840402776698170
179 -2.5543686315444063 -34.4066753246604122 38.9057308631721597
180 -0.8509355476800792 -34.4248148633477840 38.9641890755848266
181 0.8509355476800792 -34.4248148633477840 38.9641890755848266
182 2.5543686315444063 -34.4066753246604122 38.9057308631721597
183 4.2616855722622624 -34.3749364482795414 38.7840402776698170
184 5.9752056046956863 -34.3356041342568261 38.5922687428093454
185 7.6977951278942269 -34.2932057973519377 38.3238827144306384
186 9.4330831239927306 -34.2488684849237970 37.9740957796000274
187 11.1864168134191058 -34.1961821806459270 37.5431112608495567
188 12.9646670056390843 -34.1213617428099809 37.0357946080436804
189 14.7760863190797664 -34.0022269764257885 36.4625264310459869
190 16.6282960968586409 -33.8117241144447576 35.8366722970181826
191 18.5266320882482809 -33.5200830008541217 35.1733981736558974
192 20.4707386898500019 -33.1013665814651716 34.4854808278982645
193 22.4531192577881633 -32.5373965658173958 33.7812856521813885
194 24.4583060255309803 -31.8228513730341547 33.0620234839196385
195 26.4658864835974903 -30.9653566613300804 32.3218740093137669
196 28.4539493397500465 -29.9846542949272816 31.5482689506831235
197 30.4036410283554410 -28.9072340247453710 30.7244273056066106
198 32.3017486803557077 -27.7605864845218129 29.8319773100363435
199 34.1422589729501595 -26.5659755099145016 28.8540308697177963
200 35.9256957117404525 -25.3329458061434458 27.7774412862385987
201 37.6574201802213651 -24.0557987431863296 26.5939326200088644
202 39.3445054799730656 -22.7155608299951837 25.2984818658187081
203 40.9919291698159469 -21.2880217443997530 23.8847623632046080
204 42.5995524423111149 -19.7529480720359736 22.3405276163799513
205 44.1617093737372812 -18.0979017406261917 20.6448390106632687
206 -44.5041956276276665 -16.0581675243632738 21.5757231002191574
207 -42.9398152417816235 -17.6761920986184080 23.4035146910544007
208 -41.3233615232717213 -19.1804742802521382 25.0696868508877166
209 -39.6616429100358090 -20.5843831454633168 26.5939326200088608
210 -37.9544518909096311 -21.9130130161613508 27.9871299388517158
211 -36.1962426097054504 -23.1948851995313241 29.2545606960676494
212 -34.3800026987781777 -24.4491024991457415 30.4015920869001626
213 -32.5016226184037222 -25.6758161962981433 31.4387816211885358
214 -30.5629274945459137 -26.8557858655225559 32.3832399322292801
215 -28.5734667783352947 -27.9560839587545829 33.2567942826489755
216 -26.5497175952537923 -28.9395778347660375 34.0824490076313253
217 -24.5129698949411257 -29.7735505121760156 34.8805102719070490
218 -22.4846848015283207 -30.4379085742702742 35.6647258646451064
219 -20.4825206827191515 -30.9289141486202261 36.4399316144975955
220 -18.5162503554204072 -31.2603001128108495 37.2013724159793853
221 -16.5878377950078750 -31.4590177370870094 37.9364447504527433
222 -14.6924718942895112 -31.5600880305138816 38.6276081726752452
223 -12.8225323173912109 -31.5993397733915309 39.2563929934375651
224 -10.9697237003753028 -31.6083590062520194 39.8067431834018777
225 -9.1278771737295354 -31.6099465187789832 40.2677679960193373
226 -7.2930396635394130 -31.6167989003875576 40.6348323456427423
227 -5.4636760299842484 -31.6316475735951848 40.9094990927442836
228 -3.6389387496592716 -31.6504946613821474 41.0974976423875304
229 -1.8181817571348426 -31.6660471050745187 41.2062577266757373
230 0.0000000000000000 -31.6720064347958647 41.2417750393244944
231 1.8181817571348426 -31.6660471050745187 41.2062577266757373
232 3.6389387496592716 -31.6504946613821474 41.0974976423875304
233 5.4636760299842484 -31.6316475735951848 40.9094990927442836
234 7.2930396635394130 -31.6167989003875576 40.6348323456427423
235 9.1278771737295354 -31.6099465187789832 40.2677679960193373
236 10.9697237003753028 -31.6083590062520194 39.8067431834018777
237 12.8225323173912109 -31.5993397733915309 39.2563929934375651
238 14.6924718942895112 -31.5600880305138816 38.6276081726752452
239 16.5878377950078750 -31.4590177370870094 37.9364447504527433
240 18.5162503554204072 -31.2603001128108495 37.2013724159793853
241 20.4825206827191515 -30.9289141486202261 36.4399316144975955
242 22.4846848015283207 -30.4379085742702742 35.6647258646451064
243 24.5129698949411257 -29.7735505121760156 34.8805102719070490
244 26.5497175952537923 -28.9395778347660375 34.0824490076313253
245 28.5734667783352947 -27.9560839587545829 33.2567942826489755
246 30.5629274945459137 -26.8557858655225559 32.3832399322292801
247 32.5016226184037222 -25.6758161962981433 31.4387816211885323
248 34.3800026987781777 -24.4491024991457415 30.4015920869001626
249 36.1962426097054504 -23.1948851995313241 29.2545606960676494
250 37.9544518909096098 -21.9130130161613863 27.9871299388517158
251 39.6616429100358090 -20.5843831454633204 26.5939326200088608
252 41.3233615232717213 -19.1804742802521382 25.0696868508877166
253 42.9398152417816235 -17.6761920986184080 23.4035146910544043
254 44.5041956276276665 -16.0581675243632738 21.5757231002191574
255 -44.7550632470856868 -14.0547185066590199 22.4376737084737918
256 -43.1897150072226381 -15.6233741429239164 24.3835743480135463
257 -41.5696053197096660 -17.0812505404253585 26.1571939156092199
258 -39.9018224766849059 -18.4460922319251743 27.7774412862385987
259 -38.1854811255105417 -19.7494230217840006 29.2545606960676530
260 -36.4144771785254520 -21.0239082014211363 30.5938087813999786
261 -34.5818452793467372 -22.2877702009499359 31.8017495830806709
262 -32.6842170880049778 -23.5347313617339040 32.8916155437093423
263 -30.7253487998865964 -24.7348606308306529 33.8842088693050556
264 -28.7168087520969557 -25.8445774252572491 34.8052110007305018
265 -26.6769362875361935 -26.8181846080735014 35.6808918699914770
266 -24.6265888324124340 -27.6198803070881809 36.5331812781397716
267 -22.5849522136537253 -28.2307027525948300 37.3757589301088657
268 -20.5644257209748176 -28.6531544042887489 38.2112697701934181
269 -18.5695139431310956 -28.9081630227483153 39.0319261959497297
270 -16.5968478897224401 -29.0310725036621164 39.8213695069937188
271 -14.6391645686181562 -29.0627986794440929 40.5591986317656108
272 -12.6879670398448638 -29.0441254375202895 41.2244377762195526
273 -10.7373121082377470 -29.0078197500476058 41.8001976315787189
274 -8.7844253450134353 -28.9762064739908212 42.2754459436507730
275 -6.8299485796872226 -28.9586717489223524 42.6467716590247292
276 -4.8757606547452239 -28.9552491611921283 42.9164362925315714
277 -2.9237002245435151 -28.9592165535955139 43.0907850195255122
278 -0.9741979113862599 -28.9630606039549399 43.1762904715201756
279 0.9741979113862599 -28.9630606039549399 43.1762904715201756
280 2.9237002245435151 -28.9592165535955139 43.0907850195255122
281 4.8757606547452239 -28.9552491611921283 42.9164362925315714
282 6.8299485796872226 -28.9586717489223524 42.6467716590247292
283 8.7844253450134353 -28.9762064739908212 42.2754459436507730
284 10.7373121082377470 -29.0078197500476058 41.8001976315787189
285 12.6879670398448638 -29.0441254375202895 41.2244377762195526
286 14.6391645686181562 -29.0627986794440929 40.5591986317656108
287 16.5968478897224401 -29.0310725036621164 39.8213695069937188
288 18.5695139431310956 -28.9081630227483153 39.0319261959497297
289 20.5644257209748176 -28.6531544042887489 38.2112697701934181
290 22.5849522136537253 -28.2307027525948300 37.3757589301088657
291 24.6265888324124340 -27.6198803070881809 36.5331812781397716
292 26.6769362875361935 -26.8181846080735014 35.6808918699914770
293 28.7168087520969557 -25.8445774252572491 34.8052110007305018
294 30.7253487998865964 -24.7348606308306529 33.8842088693050556
295 32.6842170880049778 -23.5347313617339040 32.8916155437093423
296 34.5818452793467372 -22.2877702009499359 31.8017495830806709
297 36.4144771785254306 -21.0239082014211647 30.5938087813999751
298 38.1854811255105417 -19.7494230217840006 29.2545606960676530
299 39.9018224766849059 -18.4460922319251743 27.7774412862385987
300 41.5696053197096660 -17.0812505404253585 26.1571939156092199
301 43.1897150072226381 -15.6233741429239164 24.3835743480135463
302 44.7550632470856868 -14.0547185066590199 22.4376737084737918
303 -44.9226629813589469 -12.0801556582112433 23.2384205559807668
304 -43.3597168392575156 -13.5823231237188509 25.2874564593258526
305 -41.7427034471605083 -14.9755547432101661 27.1528906206232321
306 -40.0779391543762884 -16.2850758582047810 28.8540308697177927
307 -38.3635452133789130 -17.5494044697465910 30.4015920869001626
308 -36.5926978274058214 -18.8048714211822805 31.8017495830806709
309 -34.7582817895713418 -20.0677033477777726 33.0628058304545931
310 -32.8573914638666125 -21.3242817061304422 34.2003923355831745
311 -30.8943562703830388 -22.5345976379671065 35.2381988747094113
312 -28.8816670717002211 -23.6449609715561948 36.2044904371412457
313 -26.8369356167440003 -24.6039619760280317 37.1271321513647763
314 -24.7791150015476696 -25.3737899979835468 38.0284924875849697
315 -22.7227616200052509 -25.9388313915352846 38.9211141978479347
316 -20.6755667290349443 -26.3063635106035427 39.8057304829494285
317 -18.6368266411465164 -26.5041749191805209 40.6718256856184652
318 -16.6006260399904271 -26.5727553004706749 41.5006974739184287
319 -14.5585326274433928 -26.5580097593813846 42.2696255644200107
320 -12.5044329641504675 -26.5023628207082211 42.9565352555884132
321 -10.4359895479697187 -26.4388898173397138 43.5439459326005220
322 -8.3556205066587239 -26.3872552978398538 44.0215443140665741
323 -6.2678902351376067 -26.3545951711581665 44.3863590009885058
324 -4.1777912859332149 -26.3384388138284535 44.6411547881704678
325 -2.0883669905656110 -26.3319162898678734 44.7913932337017897
326 0.0000000000000000 -26.3302214741212417 44.8410463428734616
327 2.0883669905656110 -26.3319162898678734 44.7913932337017897
328 4.1777912859332149 -26.3384388138284535 44.6411547881704678
329 6.2678902351376067 -26.3545951711581665 44.3863590009885058
330 8.3556205066587239 -26.3872552978398538 44.0215443140665741
331 10.4359895479697187 -26.4388898173397138 43.5439459326005220
332 12.5044329641504675 -26.5023628207082211 42.9565352555884132
333 14.5585326274433928 -26.5580097593813846 42.2696255644200107
334 16.6006260399904271 -26.5727553004706749 41.5006974739184287
335 18.6368266411465164 -26.5041749191805209 40.6718256856184652
336 20.6755667290349443 -26.3063635106035427 39.8057304829494285
337 22.7227616200052509 -25.9388313915352846 38.9211141978479347
338 24.7791150015476696 -25.3737899979835468 38.0284924875849697
339 26.8369356167440003 -24.6039619760280317 37.1271321513647763
340 28.8816670717002211 -23.6449609715561948 36.2044904371412457
341 30.8943562703830388 -22.5345976379671065 35.2381988747094113
342 32.8573914638666125 -21.3242817061304422 34.2003923355831745
343 34.7582817895712495 -20.0677033477779432 33.0628058304545860
344 36.5926978274058214 -18.8048714211822805 31.8017495830806709
345 38.3635452133789130 -17.5494044697465910 30.4015920869001626
346 40.0779391543762884 -16.2850758582047810 28.8540308697177927
347 41.7427034471605083 -14.9755547432101661 27.1528906206232321
348 43.3597168392575156 -13.5823231237188509 25.2874564593258526
349 44.9226629813589469 -12.0801556582112433 23.2384205559807668
350 -45.0132752286344910 -10.1254510894182097 23.9850014264539979
351 -43.4563232857602131 -11.5416759785440348 26.1215941720599112
352 -41.8477271959287975 -12.8530595172321807 28.0636168300097957
353 -40.1922474597286836 -14.0938417015876105 29.8319773100363435
354 -38.4867203980959900 -15.3093227536034604 31.4387816211885323
355 -36.7237837745063871 -16.5379966201508104 32.8916155437093494
356 -34.8960654068980389 -17.7931948567332299 34.2003923355831745
357 -33.0007924125395036 -19.0530163828504691 35.3826266246488075
358 -31.0422719746666615 -20.2676313980574498 36.4636869798337884
359 -29.0316627867029915 -21.3756304067449321 37.4732568714464236
360 -26.9847142627414840 -22.3207327109436235 38.4396941637782561
361 -24.9161810511853119 -23.0656469977142393 39.3847667303158033
362 -22.8364523495808704 -23.5968733101132244 40.3197719992535255
363 -20.7482385420950450 -23.9266332511377726 41.2435063818035559
364 -18.6482412798045338 -24.0865657178596919 42.1435694868080759
365 -16.5290531044487139 -24.1217314508879106 42.9992148216866781
366 -14.3844372712045789 -24.0798113025698832 43.7864208633613714
367 -12.2118476672576488 -24.0041612873200343 44.4822550849664182
368 -10.0144988797677392 -23.9259145437590135 45.0695066029335578
369 -7.7991217845868697 -23.8630688499161998 45.5381998376455570
370 -5.5737418575387583 -23.8206134210541371 45.8858559683723897
371 -3.3446795054360527 -23.7959661805339877 46.1146951908044045
372 -1.1148963371666567 -23.7846961530202989 46.2281865863876860
373 1.1148963371666567 -23.7846961530202989 46.2281865863876860
374 3.3446795054360527 -23.7959661805339877 46.1146951908044045
375 5.5737418575387583 -23.8206134210541371 45.8858559683723897
376 7.7991217845868697 -23.8630688499161998 45.5381998376455570
377 10.0144988797677392 -23.9259145437590135 45.0695066029335578
378 12.2118476672576488 -24.0041612873200343 44.4822550849664182
379 14.3844372712045789 -24.0798113025698832 43.7864208633613714
380 16.5290531044487139 -24.1217314508879106 42.9992148216866781
381 18.6482412798045338 -24.0865657178596919 42.1435694868080759
382 20.7482385420950450 -23.9266332511377726 41.2435063818035559
383 22.8364523495808704 -23.5968733101132244 40.3197719992535255
384 24.9161810511853119 -23.0656469977142393 39.3847667303158033
385 26.9847142627414840 -22.3207327109436235 38.4396941637782561
386 29.0316627867029915 -21.3756304067449321 37.4732568714464236
387 31.0422719746666615 -20.2676313980574498 36.4636869798337884
388 33.0007924125393544 -19.0530163828507284 35.3826266246488075
389 34.8960654068980389 -17.7931948567332299 34.2003923355831745
390 36.7237837745063871 -16.5379966201508104 32.8916155437093494
391 38.4867203980959900 -15.3093227536034604 31.4387816211885323
392 40.1922474597286836 -14.0938417015876105 29.8319773100363435
393 41.8477271959287975 -12.8530595172321807 28.0636168300097957
394 43.4563232857602131 -11.5416759785440366 26.1215941720599112
395 45.0132752286344910 -10.1254510894182079 23.9850014264539979
396 -45.0311171154439691 -8.1812177983520922 24.6833175782976149
397 -43.4813689006818436 -9.4941549033295143 26.8929652733647409
398 -41.8821840568930170 -10.7114778865213154 28.8989082858003705
399 -40.2362195327490966 -11.8767084857259668 30.7244273056066071
400 -38.5392565454105451 -13.0403786915373701 32.3832399322292801
401 -36.7836920653102339 -14.2415022854241826 33.8842088693050556
402 -34.9627121537318359 -15.4879985447352251 35.2381988747094113
403 -33.0734196525902107 -16.7495804222183367 36.4636869798337955
404 -31.1193149144579557 -17.9667448428587484 37.5870232794032688
405 -29.1094757172463758 -19.0716953753572476 38.6381787740651745
406 -27.0554667000627020 -20.0061752473421599 39.6453613126987747
407 -24.9680622146679880 -20.7328622602397914 40.6293525882753102
408 -22.8526817545423349 -21.2415946671532758 41.5998749111337318
409 -20.7092396361721960 -21.5471377304101246 42.5540626652536034
410 -18.5324899360144926 -21.6850460888851444 43.4776447487033124
411 -16.3168120308144005 -21.7019574357216669 44.3484688417671862
412 -14.0592236027447530 -21.6468671983508436 45.1414595708312021
413 -11.7628359219186187 -21.5616881457550456 45.8337135237722961
414 -9.4354393590587851 -21.4764184493192580 46.4083606119766330
415 -7.0875855915183799 -21.4072015482339388 46.8561399643226224
416 -4.7287616818916733 -21.3589513722197992 47.1745059246519602
417 -2.3652140179417698 -21.3311243861068718 47.3644264725518269
418 0.0000000000000000 -21.3220029511002345 47.4275467439891258
419 2.3652140179417698 -21.3311243861068718 47.3644264725518269
420 4.7287616818916733 -21.3589513722197992 47.1745059246519602
421 7.0875855915183799 -21.4072015482339388 46.8561399643226224
422 9.4354393590587851 -21.4764184493192580 46.4083606119766330
423 11.7628359219186187 -21.5616881457550456 45.8337135237722961
424 14.0592236027447530 -21.6468671983508436 45.1414595708312021
425 16.3168120308144005 -21.7019574357216669 44.3484688417671862
426 18.5324899360144926 -21.6850460888851444 43.4776447487033124
427 20.7092396361721960 -21.5471377304101246 42.5540626652536034
428 22.8526817545423349 -21.2415946671532758 41.5998749111337318
429 24.9680622146679880 -20.7328622602397914 40.6293525882753102
430 27.0554667000627020 -20.0061752473421599 39.6453613126987747
431 29.1094757172463758 -19.0716953753572476 38.6381787740651745
432 31.1193149144577035 -17.9667448428591783 37.5870232794032688
433 33.0734196525902107 -16.7495804222183367 36.4636869798337955
434 34.9627121537318359 -15.4879985447352251 35.2381988747094113
435 36.7836920653102339 -14.2415022854241826 33.8842088693050556
436 38.5392565454105451 -13.0403786915373683 32.3832399322292801
437 40.2362195327490966 -11.8767084857259668 30.7244273056066071
438 41.8821840568930170 -10.7114778865213172 28.8989082858003705
439 43.4813689006818507 -9.4941549033295161 26.8929652733647373
440 45.0311171154439691 -8.1812177983520922 24.6833175782976149
441 -44.9785985640074912 -6.2399746241301761 25.3374897712475580
442 -43.4329872946738789 -7.4384490645388341 27.6087864669014174
443 -41.8380501821637907 -8.5578191029685104 29.6705458182961657
444 -40.1944470129762266 -9.6495158187553596 31.5482689506831271
445 -38.4974122877797598 -10.7673061248517730 33.2567942826489826
446 -36.7404649763950673 -11.9471971823066454 34.8052110007305018
447 -34.9179704087093583 -13.1897769019588047 36.2044904371412457
448 -33.0276703474997007 -14.4543422840156541 37.4732568714464236
449 -31.0713105469207598 -15.6736977743029833 38.6381787740651745
450 -29.0548432953098299 -16.7748215978086925 39.7293523914835660
451 -26.9856048561064661 -17.6988746700472070 40.7740967522769964
452 -24.8689739721331051 -18.4108308467113702 41.7920499749312029
453 -22.7070126178538025 -18.9024150332793432 42.7912407378225339
454 -20.4969637750813973 -19.1920138229880095 43.7668948112753142
455 -18.2345714612669454 -19.3166051650848232 44.7031225813160376
456 -15.9168354293546841 -19.3243835704636204 45.5765570171380432
457 -13.5461767953699432 -19.2632742122079250 46.3619171395431593
458 -11.1304101778636806 -19.1743629089496430 47.0367704706478023
459 -8.6814706149436880 -19.0859104300675213 47.5852928016347150
460 -6.2116381813922068 -19.0138448697855296 47.9988463858372469
461 -3.7304290655114909 -18.9645968172589399 48.2745063832453809
462 -1.2439823806039190 -18.9398950248219826 48.4121150569304390
463 1.2439823806039190 -18.9398950248219826 48.4121150569304390
464 3.7304290655114909 -18.9645968172589399 48.2745063832453809
465 6.2116381813922068 -19.0138448697855296 47.9988463858372469
466 8.6814706149436880 -19.0859104300675213 47.5852928016347150
467 11.1304101778636806 -19.1743629089496430 47.0367704706478023
468 13.5461767953699432 -19.2632742122079250 46.3619171395431593
469 15.9168354293546841 -19.3243835704636204 45.5765570171380432
470 18.2345714612669454 -19.3166051650848232 44.7031225813160376
471 20.4969637750813973 -19.1920138229880095 43.7668948112753142
472 22.7070126178538025 -18.9024150332793432 42.7912407378225339
473 24.8689739721331051 -18.4108308467113702 41.7920499749312029
474 26.9856048561064661 -17.6988746700472070 40.7740967522769964
475 29.0548432953091087 -16.7748215978099395 39.7293523914835660
476 31.0713105469207598 -15.6736977743029833 38.6381787740651745
477 33.0276703474997007 -14.4543422840156541 37.4732568714464236
478 34.9179704087093583 -13.1897769019588047 36.2044904371412457
479 36.7404649763950673 -11.9471971823066454 34.8052110007305018
480 38.4974122877797598 -10.7673061248517730 33.2567942826489826
481 40.1944470129762266 -9.6495158187553596 31.5482689506831271
482 41.8380501821637907 -8.5578191029685104 29.6705458182961657
483 43.4329872946738789 -7.4384490645388324 27.6087864669014174
484 44.9785985640074912 -6.2399746241301761 25.3374897712475580
485 -44.8569699644201734 -4.2982329240576576 25.9495171311847947
486 -43.3073052626496988 -5.3802463805783596 28.2759661156245485
487 -41.7051596510002298 -6.4075775023176691 30.3911600475594668
488 -40.0497287477562836 -7.4374516978055984 32.3218740093137669
489 -38.3372683773313483 -8.5229409834094625 34.0824490076313253
490 -36.5636972977405676 -9.6938122161085190 35.6808918699914770
491 -34.7261239133586557 -10.9394870158136914 37.1271321513647763
492 -32.8226786901302177 -12.2090817099265845 38.4396941637782561
493 -30.8535893467930826 -13.4276338498271510 39.6453613126987676
494 -28.8204775107110329 -14.5207820068533024 40.7740967522769893
495 -26.7259280002425825 -15.4302217252819478 41.8525152175408266
496 -24.5710817921767593 -16.1241628085513860 42.8984068851686899
497 -22.3541305710184197 -16.5982350282866236 43.9180081556486215
498 -20.0721085809545166 -16.8727248293731797 44.9045834402973441
499 -17.7222500623964834 -16.9867952238802040 45.8407094267513315
500 -15.3062478014108336 -16.9879815864689618 46.7025401863709888
501 -12.8310336475751008 -16.9237099018260295 47.4652780324062888
502 -10.3088437437446601 -16.8332290179976773 48.1079010298173131
503 -7.7536551832051375 -16.7442523715467182 48.6159525651602138
504 -5.1780734051074209 -16.6734259827749050 48.9814701883094301
505 -2.5913867916565478 -16.6288067909716304 49.2012957065620782
506 0.0000000000000000 -16.6136416240187366 49.2746071723425558
507 2.5913867916565478 -16.6288067909716304 49.2012957065620782
508 5.1780734051074209 -16.6734259827749050 48.9814701883094301
509 7.7536551832051375 -16.7442523715467182 48.6159525651602138
510 10.3088437437446601 -16.8332290179976773 48.1079010298173131
511 12.8310336475751008 -16.9237099018260295 47.4652780324062888
512 15.3062478014108336 -16.9879815864689618 46.7025401863709888
513 17.7222500623964834 -16.9867952238802040 45.8407094267513315
514 20.0721085809545166 -16.8727248293731797 44.9045834402973441
515 22.3541305710184197 -16.5982350282866236 43.9180081556486215
516 24.5710817921767593 -16.1241628085513860 42.8984068851686899
517 26.7259280002420141 -15.4302217252829461 41.8525152175408266
518 28.8204775107110329 -14.5207820068533024 40.7740967522769893
519 30.8535893467930826 -13.4276338498271510 39.6453613126987676
520 32.8226786901302177 -12.2090817099265845 38.4396941637782561
521 34.7261239133586557 -10.9394870158136914 37.1271321513647763
522 36.5636972977405676 -9.6938122161085225 35.6808918699914770
523 38.3372683773313483 -8.5229409834094607 34.0824490076313253
524 40.0497287477562764 -7.4374516978055984 32.3218740093137598
525 41.7051596510002298 -6.4075775023176700 30.3911600475594668
526 43.3073052626496988 -5.3802463805783596 28.2759661156245485
527 44.8569699644201734 -4.2982329240576576 25.9495171311847947
528 -44.6672806260554012 -2.3580798509465297 26.5193043062931046
529 -43.1007033049077890 -3.3318459435901917 28.9003144832455554
530 -41.4746914031589142 -4.2828550789029700 31.0726105338101739
531 -39.7885507226695694 -5.2700886651267531 33.0620234839196385
532 -38.0411360518741759 -6.3420793951341663 34.8805102719070490
533 -36.2328124116301211 -7.5173113838792380 36.5331812781397716
534 -34.3639042293190755 -8.7724480756445953 38.0284924875849697
535 -32.4335267803374521 -10.0452222567618179 39.3847667303158033
536 -30.4392165178653045 -11.2565450310529354 40.6293525882753102
537 -28.3787342040967623 -12.3317478025655891 41.7920499749312029
538 -26.2494755030501246 -13.2170996262146492 42.8984068851686899
539 -24.0486896589769081 -13.8845174482678679 43.9645391300188990
540 -21.7728980798352332 -14.3341598156846981 44.9941415251309920
541 -19.4189083807615681 -14.5896251032028186 45.9787868113936042
542 -16.9873607969084262 -14.6904638906923299 46.9001049447858236
543 -14.4838225784776675 -14.6843104029244067 47.7345777346542235
544 -11.9196165162345498 -14.6167733356886469 48.4589793470622965
545 -9.3093352079570160 -14.5260974428482807 49.0543450783594608
546 -6.6676941053715826 -14.4397242161725003 49.5079409779691204
547 -4.0070774315837037 -14.3749601005213528 49.8126876665545169
548 -1.3366811921090407 -14.3406718448490711 49.9655722916191039
549 1.3366811921090407 -14.3406718448490711 49.9655722916191039
550 4.0070774315837037 -14.3749601005213528 49.8126876665545169
551 6.6676941053715826 -14.4397242161725003 49.5079409779691204
552 9.3093352079570160 -14.5260974428482807 49.0543450783594608
553 11.9196165162345498 -14.6167733356886469 48.4589793470622965
554 14.4838225784776675 -14.6843104029244067 47.7345777346542235
555 16.9873607969084262 -14.6904638906923299 46.9001049447858236
556 19.4189083807615681 -14.5896251032028186 45.9787868113936042
557 21.7728980798352367 -14.3341598156847017 44.9941415251309849
558 24.0486896589767163 -13.8845174482682001 43.9645391300188990
559 26.2494755030501246 -13.2170996262146492 42.8984068851686899
560 28.3787342040967623 -12.3317478025655891 41.7920499749312029
561 30.4392165178653045 -11.2565450310529354 40.6293525882753102
562 32.4335267803374521 -10.0452222567618215 39.3847667303158033
563 34.3639042293190755 -8.7724480756445953 38.0284924875849697
564 36.2328124116301211 -7.5173113838792389 36.5331812781397716
565 38.0411360518741759 -6.3420793951341672 34.8805102719070490
566 39.7885507226695694 -5.2700886651267540 33.0620234839196385
567 41.4746914031589142 -4.2828550789029700 31.0726105338101739
568 43.1007033049077890 -3.3318459435901913 28.9003144832455554
569 44.6672806260554012 -2.3580798509465293 26.5193043062931082
570 -44.4114431997242960 -0.4276019852322782 27.0451635132769752
571 -42.8117374027040540 -1.3109304259355117 29.4862103699384726
572 -41.1424840960800609 -2.2082637836508550 31.7241165907833391
573 -39.4047716279004945 -3.1762733885374574 33.7812856521813885
574 -37.6023444641504057 -4.2533539470742596 35.6647258646451064
575 -35.7409818572612608 -5.4437909839843046 37.3757589301088657
576 -33.8250677395534467 -6.7090731112949520 38.9211141978479418
577 -31.8537179112314810 -7.9785112119932604 40.3197719992535255
578 -29.8221014759179575 -9.1702056104581597 41.5998749111337318
579 -27.7234779206236936 -10.2136422544755110 42.7912407378225410
580 -25.5515584779901452 -11.0601274398729856 43.9180081556486215
581 -23.3001955822066336 -11.6888029433043865 44.9941415251309920
582 -20.9649345402917398 -12.1041106003801850 46.0213214314305290
583 -18.5444684992080369 -12.3330705820626321 46.9893398346874278
584 -16.0419353944373668 -12.4163847748429426 47.8799508972570536
585 -13.4668442081183155 -12.4003566036129342 48.6710926852634387
586 -10.8329760532251882 -12.3293931335012079 49.3419972719976414
587 -8.1561023225112503 -12.2404608655948159 49.8763382046293415
588 -5.4508075761680015 -12.1605725199206418 50.2633979427907462
589 -2.7290973081913981 -12.1067856107008787 50.4973045821155608
590 0.0000000000000000 -12.0879075161255471 50.5755127693392339
591 2.7290973081913981 -12.1067856107008787 50.4973045821155608
592 5.4508075761680015 -12.1605725199206418 50.2633979427907462
593 8.1561023225112503 -12.2404608655948159 49.8763382046293415
594 10.8329760532251882 -12.3293931335012079 49.3419972719976414
595 13.4668442081183155 -12.4003566036129342 48.6710926852634387
596 16.0419353944373668 -12.4163847748429426 47.8799508972570536
597 18.5444684992080369 -12.3330705820626321 46.9893398346874278
598 20.9649345402916225 -12.1041106003803822 46.0213214314305219
599 23.3001955822066336 -11.6888029433043865 44.9941415251309920
600 25.5515584779901452 -11.0601274398729856 43.9180081556486215
601 27.7234779206236936 -10.2136422544755110 42.7912407378225410
602 29.8221014759179575 -9.1702056104581597 41.5998749111337318
603 31.8537179112314810 -7.9785112119932577 40.3197719992535255
604 33.8250677395534467 -6.7090731112949546 38.9211141978479418
605 35.7409818572612608 -5.4437909839843046 37.3757589301088657
606 37.6023444641504057 -4.2533539470742587 35.6647258646451064
607 39.4047716279004945 -3.1762733885374574 33.7812856521813885
608 41.1424840960800609 -2.2082637836508554 31.7241165907833391
609 42.8117374027040611 -1.3109304259355110 29.4862103699384690
610 44.4114431997242960 -0.4276019852322797 27.0451635132769752
611 -44.0931309537171288 1.4798910826424947 27.5246385095584358
612 -42.4429382725765123 0.6628338911100958 30.0359391733146133
613 -40.7108073318345376 -0.2067429499979662 32.3510034425962303
614 -38.9019937044551014 -1.1774964489104964 34.4854808278982645
615 -37.0264857055326431 -2.2739261704648519 36.4399316144975955
616 -35.0965724731594335 -3.4827378864579366 38.2112697701934181
617 -33.1197624458881279 -4.7523842696828220 39.8057304829494285
618 -31.0951914935662828 -6.0051850356648302 41.2435063818035559
619 -29.0149884714634432 -7.1611587527796710 42.5540626652536034
620 -26.8692534080304171 -8.1548844181758788 43.7668948112753142
621 -24.6482626237788907 -8.9465935239396384 44.9045834402973441
622 -22.3444401614455863 -9.5224554199006537 45.9787868113936042
623 -19.9529866803367888 -9.8934455289631309 46.9893398346874278
624 -17.4743436899237032 -10.0888170332893203 47.9255994586946770
625 -14.9149638813357779 -10.1501705353720606 48.7700511638168592
626 -12.2863820797486376 -10.1227510455791023 49.5032799586013255
627 -9.6038746970561526 -10.0490850515792882 50.1076988139484456
628 -6.8832272246074311 -9.9647569661468260 50.5699990268939175
629 -4.1384587470368857 -9.8954065541916876 50.8817657744533705
630 -1.3808303468680028 -9.8570237595025922 51.0385382839063126
631 1.3808303468680028 -9.8570237595025922 51.0385382839063126
632 4.1384587470368857 -9.8954065541916876 50.8817657744533705
633 6.8832272246074311 -9.9647569661468260 50.5699990268939175
634 9.6038746970561526 -10.0490850515792882 50.1076988139484456
635 12.2863820797486376 -10.1227510455791023 49.5032799586013255
636 14.9149638813357779 -10.1501705353720606 48.7700511638168592
637 17.4743436899235576 -10.0888170332895726 47.9255994586946770
638 19.9529866803367888 -9.8934455289631309 46.9893398346874278
639 22.3444401614455863 -9.5224554199006537 45.9787868113936042
640 24.6482626237788871 -8.9465935239396384 44.9045834402973369
641 26.8692534080304171 -8.1548844181758788 43.7668948112753142
642 29.0149884714634432 -7.1611587527796692 42.5540626652536034
643 31.0951914935662828 -6.0051850356648311 41.2435063818035559
644 33.1197624458881279 -4.7523842696828194 39.8057304829494285
645 35.0965724731594335 -3.4827378864579384 38.2112697701934181
646 37.0264857055326431 -2.2739261704648497 36.4399316144975955
647 38.9019937044551014 -1.1774964489104947 34.4854808278982645
648 40.7108073318345376 -0.2067429499979671 32.3510034425962303
649 42.4429382725765123 0.6628338911100962 30.0359391733146062
650 44.0931309537171288 1.4798910826424942 27.5246385095584358
651 -43.7180800796086615 3.3485110556149702 27.9556246194455333
652 -42.0008125050954888 2.5709922628223629 30.5503150179555760
653 -40.1886097341649204 1.7054678723725485 32.9540138218592418
654 -38.2925594598267267 0.7155074654361089 35.1733981736558974
655 -36.3303392053299490 -0.4053931342212922 37.2013724159793853
656 -34.3199605260075344 -1.6275892993067145 39.0319261959497297
657 -32.2717021069299506 -2.8878778575692312 40.6718256856184652
658 -30.1836984414921190 -4.1065678252825091 42.1435694868080759
659 -28.0460457632181637 -5.2070840355254235 43.4776447487033124
660 -25.8459565184706328 -6.1332995300374868 44.7031225813160376
661 -23.5721212239626681 -6.8545211543156013 45.8407094267513315
662 -21.2159953211717500 -7.3662540480284004 46.9001049447858236
663 -18.7738723353949979 -7.6845311900300288 47.8799508972570536
664 -16.2477874770443869 -7.8416523500781032 48.7700511638168592
665 -13.6462176472280348 -7.8786474320470186 49.5550972006511259
666 -10.9826194599265516 -7.8396491983270975 50.2187412252200147
667 -8.2722426601629966 -7.7652111013659013 50.7471329034715311
668 -5.5302357753700369 -7.6886468436723909 51.1302376484023782
669 -2.7694047905773624 -7.6335695208645022 51.3620386421338964
670 0.0000000000000000 -7.6137415843954805 51.4395853315911467
671 2.7694047905773624 -7.6335695208645022 51.3620386421338964
672 5.5302357753700369 -7.6886468436723909 51.1302376484023782
673 8.2722426601629966 -7.7652111013659013 50.7471329034715311
674 10.9826194599265516 -7.8396491983270975 50.2187412252200147
675 13.6462176472277648 -7.8786474320474849 49.5550972006511259
676 16.2477874770443869 -7.8416523500781032 48.7700511638168592
677 18.7738723353949979 -7.6845311900300288 47.8799508972570536
678 21.2159953211717500 -7.3662540480284004 46.9001049447858236
679 23.5721212239626716 -6.8545211543156004 45.8407094267513315
680 25.8459565184706328 -6.1332995300374904 44.7031225813160376
681 28.0460457632181637 -5.2070840355254253 43.4776447487033124
682 30.1836984414921190 -4.1065678252825091 42.1435694868080759
683 32.2717021069299506 -2.8878778575692312 40.6718256856184652
684 34.3199605260075344 -1.6275892993067127 39.0319261959497297
685 36.3303392053299490 -0.4053931342212913 37.2013724159793853
686 38.2925594598267267 0.7155074654361081 35.1733981736558974
687 40.1886097341649204 1.7054678723725485 32.9540138218592418
688 42.0008125050954888 2.5709922628223643 30.5503150179555760
689 43.7180800796086615 3.3485110556149711 27.9556246194455333
690 -43.2937415796259373 5.1627812723994948 28.3372128052483028
691 -41.4955861480760859 4.4005155175333135 31.0282418678136622
692 -39.5900701980865932 3.5212579649907307 33.5294957321843015
693 -37.5959600772893836 2.5053352156931692 35.8366722970181897
694 -35.5382274359265296 1.3640199442110379 37.9364447504527433
695 -33.4400702321405134 0.1422443565852719 39.8213695069937188
696 -31.3129941587504170 -1.0901862191218441 41.5006974739184287
697 -29.1545587719593549 -2.2537141635106726 42.9992148216866781
698 -26.9528524665907661 -3.2797950095999906 44.3484688417671933
699 -24.6938247991734698 -4.1221920444455415 45.5765570171380503
700 -22.3651475136098092 -4.7616086394070116 46.7025401863709888
701 -19.9588971352274811 -5.2012030954060906 47.7345777346542235
702 -17.4724459387740758 -5.4624508912313345 48.6710926852634387
703 -14.9097506015313108 -5.5789434788746499 49.5032799586013255
704 -12.2806450924728505 -5.5914028532301803 50.2187412252200147
705 -9.5990285225538052 -5.5420017014549989 50.8049689357671781
706 -6.8798116675504657 -5.4691693053604702 51.2518914629337416
707 -4.1364887107120643 -5.4034293691621587 51.5528118748010442
708 -1.3801745265629966 -5.3654186994428468 51.7040365973092690
709 1.3801745265629966 -5.3654186994428468 51.7040365973092690
710 4.1364887107120643 -5.4034293691621587 51.5528118748010442
711 6.8798116675504657 -5.4691693053604702 51.2518914629337416
712 9.5990285225535139 -5.5420017014554990 50.8049689357671781
713 12.2806450924728470 -5.5914028532301785 50.2187412252200076
714 14.9097506015313108 -5.5789434788746499 49.5032799586013255
715 17.4724459387740758 -5.4624508912313345 48.6710926852634387
716 19.9588971352274811 -5.2012030954060906 47.7345777346542235
717 22.3651475136098057 -4.7616086394070107 46.7025401863709888
718 24.6938247991734698 -4.1221920444455415 45.5765570171380503
719 26.9528524665907625 -3.2797950095999919 44.3484688417671862
720 29.1545587719593549 -2.2537141635106726 42.9992148216866781
721 31.3129941587504170 -1.0901862191218441 41.5006974739184287
722 33.4400702321405134 0.1422443565852709 39.8213695069937188
723 35.5382274359265296 1.3640199442110370 37.9364447504527433
724 37.5959600772893836 2.5053352156931692 35.8366722970181897
725 39.5900701980865932 3.5212579649907316 33.5294957321843015
726 41.4955861480760859 4.4005155175333108 31.0282418678136622
727 43.2937415796259373 5.1627812723994966 28.3372128052483028
728 -42.8282254140170267 6.9109698702804323 28.6702215432358010
729 -40.9391781444375624 6.1453534017225913 31.4677346567232625
730 -38.9325056721851368 5.2439525669803873 34.0699422300732948
731 -36.8348355063691528 4.2046473673781151 36.4625264310459798
732 -34.6780739272429699 3.0559901104133496 38.6276081726752452
733 -32.4887042457805038 1.8535109331176645 40.5591986317656179
734 -30.2791774393010229 0.6709457825001044 42.2696255644200107
735 -28.0459469419634573 -0.4173824447219309 43.7864208633613714
736 -25.7763487074922821 -1.3522111982873151 45.1414595708312021
737 -23.4555732255227021 -2.0996961228416851 46.3619171395431593
738 -21.0718795250471409 -2.6501461446999262 47.4652780324062959
739 -18.6183052881826470 -3.0143040385833584 48.4589793470622965
740 -16.0940556934700609 -3.2169358939308896 49.3419972719976414
741 -13.5047002879861964 -3.2926569366235645 50.1076988139484456
742 -10.8609914096133160 -3.2813667392875652 50.7471329034715311
743 -8.1763453898154950 -3.2235070246710502 51.2518914629337274
744 -5.4641117177392946 -3.1547063711186465 51.6158048551806274
745 -2.7357073376834409 -3.1022563010263871 51.8352381223939958
746 0.0000000000000000 -3.0828864671556877 51.9085331234723739
747 2.7357073376834409 -3.1022563010263871 51.8352381223939958
748 5.4641117177390139 -3.1547063711191301 51.6158048551806274
749 8.1763453898154950 -3.2235070246710502 51.2518914629337274
750 10.8609914096133160 -3.2813667392875674 50.7471329034715311
751 13.5047002879861964 -3.2926569366235676 50.1076988139484456
752 16.0940556934700609 -3.2169358939308874 49.3419972719976414
753 18.6183052881826470 -3.0143040385833610 48.4589793470622965
754 21.0718795250471409 -2.6501461446999284 47.4652780324062959
755 23.4555732255227021 -2.0996961228416851 46.3619171395431593
756 25.7763487074922821 -1.3522111982873151 45.1414595708312021
757 28.0459469419634573 -0.4173824447219331 43.7864208633613714
758 30.2791774393010229 0.6709457825001044 42.2696255644200107
759 32.4887042457805038 1.8535109331176645 40.5591986317656179
760 34.6780739272429699 3.0559901104133482 38.6276081726752452
761 36.8348355063691528 4.2046473673781151 36.4625264310459798
762 38.9325056721851368 5.2439525669803846 34.0699422300732948
763 40.9391781444375624 6.1453534017225886 31.4677346567232661
764 42.8282254140170267 6.9109698702804359 28.6702215432358010
765 -42.3291558947455329 8.5866872408218970 28.9570606841688303
766 -40.3440919968839751 7.8075396481678059 31.8652877845038631
767 -38.2336208543100255 6.8844188025132329 34.5658070080892443
768 -36.0322995838114508 5.8329498929156074 37.0357946080436804
769 -33.7770971452686766 4.6950311589880300 39.2563929934375722
770 -31.4969339795168217 3.5339609398748513 41.2244377762195526
771 -29.2039359451207581 2.4220248034802596 42.9565352555884132
772 -26.8941373049869448 1.4263103366691519 44.4822550849664182
773 -24.5543876436609700 0.5939293439478506 45.8337135237722961
774 -22.1706904694643185 -0.0520365140959965 47.0367704706478023
775 -19.7324258291796930 -0.5111060567283110 48.1079010298173131
776 -17.2346370073332906 -0.7990720610115296 49.0543450783594608
777 -14.6786012248899969 -0.9431613743626015 49.8763382046293486
778 -12.0713462875248183 -0.9786711534572812 50.5699990268939175
779 -9.4236813750323503 -0.9450012485517846 51.1302376484023782
780 -6.7477514566053856 -0.8805896213631116 51.5528118748010442
781 -4.0544864345809151 -0.8180639012401559 51.8352381223939958
782 -1.3523793136209452 -0.7807965607655323 51.9765468930246186
783 1.3523793136209452 -0.7807965607655323 51.9765468930246186
784 4.0544864345809151 -0.8180639012401559 51.8352381223939958
785 6.7477514566053856 -0.8805896213631116 51.5528118748010442
786 9.4236813750323503 -0.9450012485517871 51.1302376484023782
787 12.0713462875248183 -0.9786711534572812 50.5699990268939175
788 14.6786012248899969 -0.9431613743626041 49.8763382046293486
789 17.2346370073332906 -0.7990720610115272 49.0543450783594608
790 19.7324258291796930 -0.5111060567283134 48.1079010298173131
791 22.1706904694643185 -0.0520365140959965 47.0367704706478023
792 24.5543876436609700 0.5939293439478482 45.8337135237722961
793 26.8941373049869448 1.4263103366691519 44.4822550849664182
794 29.2039359451207581 2.4220248034802596 42.9565352555884132
795 31.4969339795168217 3.5339609398748513 41.2244377762195526
796 33.7770971452686766 4.6950311589880300 39.2563929934375722
797 36.0322995838114508 5.8329498929156083 37.0357946080436804
798 38.2336208543100255 6.8844188025132347 34.5658070080892443
799 40.3440919968839751 7.8075396481678094 31.8652877845038631
800 42.3291558947455329 8.5866872408218988 28.9570606841688303
801 -41.8025665551945096 10.1896278647004337 29.2013169801886363
802 -39.7209768305469169 9.3946377292647583 32.2177712072550193
803 -37.5091200225097552 8.4580753691015467 35.0075259935282403
804 -35.2079708875896671 7.4103699525806457 37.5431112608495567
805 -32.8585037215405436 6.3041201061047580 39.8067431834018777
806 -30.4901648660600699 5.2051248209276668 41.8001976315787189
807 -28.1147450036587649 4.1816128464991982 43.5439459326005220
808 -25.7276992435547420 3.2901468358298382 45.0695066029335578
809 -23.3168436389446718 2.5668790438471540 46.4083606119766330
810 -20.8696185942646970 2.0245811202844122 47.5852928016347292
811 -18.3777755127398628 1.6572638249328233 48.6159525651602138
812 -15.8390150475325200 1.4454696281707116 49.5079409779691204
813 -13.2567685148982246 1.3597484278581535 50.2633979427907462
814 -10.6389028302234792 1.3636928696479838 50.8817657744533705
815 -7.9955675219119495 1.4184098584299383 51.3620386421338964
816 -5.3366761589390688 1.4874431480617023 51.7040365973092690
817 -2.6698579975400838 1.5414432335778465 51.9085331234723739
818 0.0000000000000000 1.5615931215310646 51.9765468930246186
819 2.6698579975400838 1.5414432335778439 51.9085331234723739
820 5.3366761589390688 1.4874431480617023 51.7040365973092690
821 7.9955675219119495 1.4184098584299383 51.3620386421338964
822 10.6389028302234792 1.3636928696479838 50.8817657744533705
823 13.2567685148982246 1.3597484278581509 50.2633979427907462
824 15.8390150475325200 1.4454696281707116 49.5079409779691204
825 18.3777755127398628 1.6572638249328209 48.6159525651602138
826 20.8696185942646935 2.0245811202844117 47.5852928016347221
827 23.3168436389446718 2.5668790438471563 46.4083606119766330
828 25.7276992435547420 3.2901468358298405 45.0695066029335578
829 28.1147450036587649 4.1816128464991955 43.5439459326005220
830 30.4901648660600735 5.2051248209276677 41.8001976315787118
831 32.8585037215405436 6.3041201061047598 39.8067431834018777
832 35.2079708875896671 7.4103699525806457 37.5431112608495567
833 37.5091200225097552 8.4580753691015502 35.0075259935282403
834 39.7209768305469169 9.3946377292647583 32.2177712072550193
835 41.8025665551945096 10.1896278647004355 29.2013169801886363
836 -41.2525235070130378 11.7241660558666236 29.4070269595177187
837 -39.0782774152591514 10.9179538490826875 32.5220927679223522
838 -36.7709511580626156 9.9806088767954027 35.3876333961428742
839 -34.3769317208126353 8.9551446210739218 37.9740957796000274
840 -31.9389552843948508 7.8999997443156067 40.2677679960193373
841 -29.4863435842858763 6.8805677305658950 42.2754459436507730
842 -27.0298436774041910 5.9574480257712681 44.0215443140665741
843 -24.5655847285779707 5.1772968322972428 45.5381998376455641
844 -22.0829731604633466 4.5655716003654918 46.8561399643226224
845 -19.5722917715467943 4.1274859706897464 47.9988463858372469
846 -17.0286471717563010 3.8523698799038377 48.9814701883094301
847 -14.4526193412310526 3.7172491995778949 49.8126876665545169
848 -11.8493325511345517 3.6899252070569655 50.4973045821155608
849 -9.2268481548700372 3.7326777210471334 51.0385382839063126
850 -6.5936936299364639 3.8068707921977389 51.4395853315911538
851 -3.9565016323760731 3.8779755513811449 51.7040365973092690
852 -1.3187790968974737 3.9203202022665429 51.8352381223939958
853 1.3187790968974737 3.9203202022665429 51.8352381223939958
854 3.9565016323760731 3.8779755513811449 51.7040365973092690
855 6.5936936299364639 3.8068707921977412 51.4395853315911538
856 9.2268481548700372 3.7326777210471334 51.0385382839063126
857 11.8493325511345517 3.6899252070569655 50.4973045821155608
858 14.4526193412310526 3.7172491995778927 49.8126876665545169
859 17.0286471717563010 3.8523698799038377 48.9814701883094301
860 19.5722917715467943 4.1274859706897464 47.9988463858372469
861 22.0829731604633466 4.5655716003654918 46.8561399643226224
862 24.5655847285779707 5.1772968322972446 45.5381998376455641
863 27.0298436774041910 5.9574480257712681 44.0215443140665741
864 29.4863435842858834 6.8805677305658950 42.2754459436507659
865 31.9389552843948508 7.8999997443156067 40.2677679960193373
866 34.3769317208126353 8.9551446210739236 37.9740957796000274
867 36.7709511580626156 9.9806088767954080 35.3876333961428742
868 39.0782774152591514 10.9179538490826911 32.5220927679223522
869 41.2525235070130378 11.7241660558666236 29.4070269595177187
870 -40.6810418175393522 13.1979766078520875 29.5781380431257794
871 -38.4209031932835714 12.3892001917205690 32.7771554046687044
872 -36.0266153012165447 11.4661335150873143 35.7016914466575628
873 -33.5476849616616732 10.4801167647914895 38.3238827144306384
874 -31.0274708658492386 9.4924418307611287 40.6348323456427423
875 -28.4939196842651050 8.5644268979106055 42.6467716590247363
876 -25.9576940422464695 7.7491454138174900 44.3863590009885058
877 -23.4161272851308020 7.0833046677618423 45.8858559683723897
878 -20.8617753274846756 6.5842479411492763 47.1745059246519602
879 -18.2890371490314969 6.2516520708806684 48.2745063832453809
880 -15.6966625114328924 6.0701966028797960 49.2012957065620782
881 -13.0877267210300676 6.0127360532972363 49.9655722916191039
882 -10.4684349875615812 6.0439537580627736 50.5755127693392339
883 -7.8460178080020349 6.1243460384554611 51.0385382839063126
884 -5.2261627313345880 6.2151596624345640 51.3620386421338964
885 -2.6112627458933209 6.2840189905252712 51.5528118748010442
886 -0.0000000000002804 6.3094127422377770 51.6158048551806274
887 2.6112627458933209 6.2840189905252712 51.5528118748010442
888 5.2261627313345880 6.2151596624345640 51.3620386421338964
889 7.8460178080020349 6.1243460384554611 51.0385382839063126
890 10.4684349875615812 6.0439537580627736 50.5755127693392339
891 13.0877267210300676 6.0127360532972380 49.9655722916191039
892 15.6966625114328924 6.0701966028797942 49.2012957065620782
893 18.2890371490314969 6.2516520708806658 48.2745063832453809
894 20.8617753274846756 6.5842479411492789 47.1745059246519602
895 23.4161272851308020 7.0833046677618423 45.8858559683723897
896 25.9576940422464695 7.7491454138174900 44.3863590009885058
897 28.4939196842651050 8.5644268979106055 42.6467716590247363
898 31.0274708658492386 9.4924418307611287 40.6348323456427423
899 33.5476849616616732 10.4801167647914895 38.3238827144306384
900 36.0266153012165447 11.4661335150873143 35.7016914466575628
901 38.4209031932835714 12.3892001917205654 32.7771554046687044
902 40.6810418175393522 13.1979766078520839 29.5781380431257723
903 -40.0885735072186051 14.6199427188686002 29.7180677207205406
904 -37.7513088073002123 13.8196619649168824 32.9826564501903974
905 -35.2790896222722168 12.9251370467669098 35.9489452939300946
906 -32.7231082369002522 11.9931222206267964 38.5922687428093454
907 -30.1256483772819514 11.0841415467831226 40.9094990927442836
908 -27.5138616738730555 10.2550919908140425 42.9164362925315714
909 -24.8986527517641285 9.5511460215868063 44.6411547881704749
910 -22.2802509726558213 9.0014056710422015 46.1146951908044045
911 -19.6559026186251700 8.6172267681288108 47.3644264725518269
912 -17.0244214268082956 8.3926271689477474 48.4121150569304390
913 -14.3878356957707805 8.3068208120093647 49.2746071723425558
914 -11.7510455289210256 8.3279357915518286 49.9655722916191039
915 -9.1202352429431546 8.4168604036439127 50.4973045821155608
916 -6.5004440831865953 8.5317136845437034 50.8817657744533705
917 -3.8934455996623138 8.6336480922241794 51.1302376484023782
918 -1.2965337222650313 8.6926763300315208 51.2518914629337416
919 1.2965337222650313 8.6926763300315208 51.2518914629337416
920 3.8934455996623138 8.6336480922241776 51.1302376484023782
921 6.5004440831865953 8.5317136845437034 50.8817657744533705
922 9.1202352429431546 8.4168604036439127 50.4973045821155608
923 11.7510455289210256 8.3279357915518322 49.9655722916191039
924 14.3878356957707805 8.3068208120093683 49.2746071723425558
925 17.0244214268082956 8.3926271689477474 48.4121150569304390
926 19.6559026186251700 8.6172267681288073 47.3644264725518269
927 22.2802509726558178 9.0014056710421997 46.1146951908043974
928 24.8986527517641285 9.5511460215868063 44.6411547881704749
929 27.5138616738730555 10.2550919908140425 42.9164362925315714
930 30.1256483772819514 11.0841415467831226 40.9094990927442836
931 32.7231082369002522 11.9931222206267964 38.5922687428093454
932 35.2790896222722168 12.9251370467669116 35.9489452939300946
933 37.7513088073002123 13.8196619649168806 32.9826564501903974
934 40.0885735072186051 14.6199427188685984 29.7180677207205406
935 -39.4743374779120231 15.9991845002007089 29.8295621156001509
936 -37.0688946144066520 15.2182722404445130 33.1406282692668555
937 -34.5272858067134010 14.3645540542212391 36.1320650066514091
938 -31.9004110038168314 13.4967402556190290 38.7840402776698241
939 -29.2296017939303319 12.6738339306705665 41.0974976423875304
940 -26.5412673213803103 11.9476096092928010 43.0907850195255122
941 -23.8482919326336678 11.3573792786792698 44.7913932337017897
942 -21.1555992583929182 10.9268195259376064 46.2281865863876860
943 -18.4653962152195703 10.6610014755501155 47.4275467439891258
944 -15.7804390462043749 10.5472678558742334 48.4121150569304390
945 -13.1052757197763459 10.5586101880918388 49.2012957065620782
946 -10.4455419096473481 10.6577109009434636 49.8126876665545169
947 -7.8059609387302240 10.8008240920624932 50.2633979427907462
948 -5.1881190629173863 10.9434281196041070 50.5699990268939175
949 -2.5887487494503194 11.0465778406534660 50.7471329034715311
950 -0.0000000000002916 11.0840034029104970 50.8049689357671781
951 2.5887487494503194 11.0465778406534714 50.7471329034715311
952 5.1881190629173863 10.9434281196041070 50.5699990268939175
953 7.8059609387302240 10.8008240920624896 50.2633979427907462
954 10.4455419096473481 10.6577109009434601 49.8126876665545169
955 13.1052757197763459 10.5586101880918353 49.2012957065620782
956 15.7804390462043749 10.5472678558742334 48.4121150569304390
957 18.4653962152195703 10.6610014755501172 47.4275467439891258
958 21.1555992583929182 10.9268195259376064 46.2281865863876860
959 23.8482919326336678 11.3573792786792680 44.7913932337017897
960 26.5412673213803103 11.9476096092928010 43.0907850195255122
961 29.2296017939303319 12.6738339306705630 41.0974976423875304
962 31.9004110038168314 13.4967402556190290 38.7840402776698241
963 34.5272858067134010 14.3645540542212409 36.1320650066514091
964 37.0688946144066520 15.2182722404445077 33.1406282692668555
965 39.4743374779120231 15.9991845002007089 29.8295621156001509
966 -38.8369388615007551 17.3437943577409790 29.9146281465179733
967 -36.3715270965270960 16.5918784922746880 33.2538957832640705
968 -33.7672084531875996 15.7878401734488136 36.2563061540556220
969 -31.0742392066913169 14.9911895367826524 38.9057308631721597
970 -28.3326921089966284 14.2584319621610618 41.2062577266757373
971 -25.5698452100663722 13.6378501624032271 43.1762904715201756
972 -22.8026406838595399 13.1651107370606208 44.8410463428734616
973 -20.0407029212262628 12.8578766270826925 46.2281865863876860
974 -17.2906886006834029 12.7138976179780663 47.3644264725518411
975 -14.5586080835200047 12.7129447463782768 48.2745063832453809
976 -11.8505737666488820 12.8210561028710686 48.9814701883094301
977 -9.1713209421609410 12.9942545880017910 49.5079409779691346
978 -6.5224989023787430 13.1836222399574226 49.8763382046293415
979 -3.9008255909300438 13.3417419882028589 50.1076988139484456
980 -1.2980256325462975 13.4310520515572787 50.2187412252200147
981 1.2980256325462973 13.4310520515572733 50.2187412252200076
982 3.9008255909300438 13.3417419882028554 50.1076988139484456
983 6.5224989023787430 13.1836222399574190 49.8763382046293415
984 9.1713209421609410 12.9942545880017910 49.5079409779691346
985 11.8505737666488820 12.8210561028710686 48.9814701883094301
986 14.5586080835200047 12.7129447463782750 48.2745063832453809
987 17.2906886006834029 12.7138976179780627 47.3644264725518411
988 20.0407029212262628 12.8578766270826925 46.2281865863876860
989 22.8026406838595399 13.1651107370606208 44.8410463428734616
990 25.5698452100663722 13.6378501624032271 43.1762904715201756
991 28.3326921089966284 14.2584319621610618 41.2062577266757373
992 31.0742392066913169 14.9911895367826524 38.9057308631721597
993 33.7672084531875996 15.7878401734488136 36.2563061540556220
994 36.3715270965270960 16.5918784922746880 33.2538957832640705
995 38.8369388615007551 17.3437943577409790 29.9146281465179733
996 -38.1747011477658589 18.6605037875316739 29.9746191080767659
997 -35.6557551172592184 17.9448545183884747 33.3264057967839520
998 -32.9939302283389182 17.1968098693814646 36.3272665969220370
999 -30.2382319660753467 16.4754756303997247 38.9641890755848266
1000 -27.4287621613574366 15.8360032173979306 41.2417750393244944
1001 -24.5956472986801167 15.3252104415517110 43.1762904715201756
1002 -21.7599249420680572 14.9745370111886071 44.7913932337017897
1003 -18.9355714672197664 14.7945605094917845 46.1146951908044045
1004 -16.1330136455930031 14.7747034310705203 47.1745059246519602
1005 -13.3606535901545893 14.8863588990957822 47.9988463858372469
1006 -10.6241203295347226 15.0869885466139024 48.6159525651602138
1007 -7.9253017993762773 15.3251695038598026 49.0543450783594608
1008 -5.2610796402448754 15.5463290274320958 49.3419972719976485
1009 -2.6233685217826719 15.7016945244537531 49.5032799586013255
1010 -0.0000000000002692 15.7572948640945025 49.5550972006511259
1011 2.6233685217826719 15.7016945244537531 49.5032799586013255
1012 5.2610796402448754 15.5463290274320993 49.3419972719976485
1013 7.9253017993762773 15.3251695038598061 49.0543450783594608
1014 10.6241203295347226 15.0869885466139007 48.6159525651602138
1015 13.3606535901545893 14.8863588990957822 47.9988463858372469
1016 16.1330136455930031 14.7747034310705221 47.1745059246519602
1017 18.9355714672197628 14.7945605094917827 46.1146951908043974
1018 21.7599249420680572 14.9745370111886071 44.7913932337017897
1019 24.5956472986801167 15.3252104415517163 43.1762904715201756
1020 27.4287621613574366 15.8360032173979324 41.2417750393244944
1021 30.2382319660753467 16.4754756303997247 38.9641890755848266
1022 32.9939302283389182 17.1968098693814646 36.3272665969220370
1023 35.6557551172592184 17.9448545183884747 33.3264057967839520
1024 38.1747011477658589 18.6605037875316739 29.9746191080767659
1025 -37.4860630773399848 19.9543057111439595 30.0103441924263166
1026 -34.9185213750350485 19.2803472720676261 33.3611311866023925
1027 -32.2028844308151392 18.5923439948135290 36.3496764650537827
1028 -29.3872964183952732 17.9493392329480592 38.9641890755848337
1029 -26.5145103518617873 17.4076151429134569 41.2062577266757373
1030 -23.6175670968367939 17.0116069443027058 43.0907850195255122
1031 -20.7208614658309074 16.7872927922416508 44.6411547881704678
1032 -17.8423854275920455 16.7373087532922931 45.8858559683723897
1033 -14.9953875689449649 16.8416299478684479 46.8561399643226224
1034 -12.1881479793210072 17.0613293097831082 47.5852928016347150
1035 -9.4235820854350365 17.3443350747259899 48.1079010298173131
1036 -6.6986887719480999 17.6310773742720031 48.4589793470622965
1037 -4.0056017306557585 17.8628074948442652 48.6710926852634316
1038 -1.3328235957086119 17.9918228854501656 48.7700511638168592
1039 1.3328235957086119 17.9918228854501656 48.7700511638168592
1040 4.0056017306557585 17.8628074948442617 48.6710926852634316
1041 6.6986887719480999 17.6310773742720102 48.4589793470622965
1042 9.4235820854350365 17.3443350747259899 48.1079010298173131
1043 12.1881479793210072 17.0613293097831082 47.5852928016347221
1044 14.9953875689449649 16.8416299478684479 46.8561399643226224
1045 17.8423854275920455 16.7373087532922931 45.8858559683723897
1046 20.7208614658309074 16.7872927922416508 44.6411547881704678
1047 23.6175670968367939 17.0116069443027094 43.0907850195255122
1048 26.5145103518617873 17.4076151429134569 41.2062577266757373
1049 29.3872964183952732 17.9493392329480592 38.9641890755848337
1050 32.2028844308151392 18.5923439948135290 36.3496764650537827
1051 34.9185213750350485 19.2803472720676261 33.3611311866023925
1052 37.4860630773399848 19.9543057111439595 30.0103441924263166
1053 -36.7695526217004698 21.2289111041208756 30.0222139978605398
1054 -34.1565312189140968 20.6001529373364640 33.3611311866023925
1055 -31.3898393251047594 19.9751768137420669 36.3272665969220370
1056 -28.5198705751469106 19.4154857878777598 38.9057308631721597
1057 -25.5906630442710572 18.9766607307115862 41.0974976423875304
1058 -22.6381010191278307 18.7001571703780805 42.9164362925315714
1059 -19.6898038071088664 18.6054497573406756 44.3863590009885058
1060 -16.7664629439910975 18.6857720176189552 45.5381998376455641
1061 -13.8814042798858850 18.9095394054720991 46.4083606119766330
1062 -11.0402802916006397 19.2263994230456383 47.0367704706478023
1063 -8.2408458774720366 19.5738560465259610 47.4652780324062888
1064 -5.4750745567498109 19.8855134983304964 47.7345777346542235
1065 -2.7319369409576297 20.1009159648729678 47.8799508972570464
1066 -0.0000000000001473 20.1776340665788965 47.9255994586946770
1067 2.7319369409576297 20.1009159648729678 47.8799508972570464
1068 5.4750745567498109 19.8855134983304964 47.7345777346542235
1069 8.2408458774720383 19.5738560465259610 47.4652780324062959
1070 11.0402802916006397 19.2263994230456383 47.0367704706478023
1071 13.8814042798858850 18.9095394054721027 46.4083606119766330
1072 16.7664629439910939 18.6857720176189552 45.5381998376455570
1073 19.6898038071088664 18.6054497573406756 44.3863590009885058
1074 22.6381010191278307 18.7001571703780840 42.9164362925315714
1075 25.5906630442710572 18.9766607307115827 41.0974976423875304
1076 28.5198705751469106 19.4154857878777598 38.9057308631721597
1077 31.3898393251047594 19.9751768137420740 36.3272665969220370
1078 34.1565312189140968 20.6001529373364640 33.3611311866023925
1079 36.7695526217004698 21.2289111041208756 30.0222139978605398
1080 -36.0239671994015680 22.4867300572703144 30.0103441924263166
1081 -33.3685774387699965 21.9063624634692502 33.3264057967839662
1082 -30.5562748876889927 21.3493402486206989 36.2563061540556220
1083 -27.6387254315545690 20.8781961926605106 38.7840402776698241
1084 -24.6619723472977022 20.5475060268120622 40.9094990927442836
1085 -21.6639711045778824 20.3942448510117593 42.6467716590247363
1086 -18.6742231707454671 20.4298072720685866 44.0215443140665741
1087 -15.7132003637870064 20.6357677079291726 45.0695066029335578
1088 -12.7915517217423513 20.9677588018072001 45.8337135237722961
1089 -9.9093964301527588 21.3629703350496101 46.3619171395431593
1090 -7.0588997121989765 21.7495902258759770 46.7025401863709959
1091 -4.2286345242633239 22.0567179387207268 46.9001049447858236
1092 -1.4085181811287497 22.2265161110257559 46.9893398346874278
1093 1.4085181811287497 22.2265161110257559 46.9893398346874278
1094 4.2286345242633239 22.0567179387207268 46.9001049447858236
1095 7.0588997121989738 21.7495902258759699 46.7025401863709888
1096 9.9093964301527588 21.3629703350496136 46.3619171395431593
1097 12.7915517217423513 20.9677588018071965 45.8337135237722961
1098 15.7132003637870064 20.6357677079291726 45.0695066029335578
1099 18.6742231707454671 20.4298072720685866 44.0215443140665741
1100 21.6639711045778824 20.3942448510117522 42.6467716590247363
1101 24.6619723472977022 20.5475060268120586 40.9094990927442836
1102 27.6387254315545690 20.8781961926605106 38.7840402776698241
1103 30.5562748876889927 21.3493402486206989 36.2563061540556220
1104 33.3685774387699965 21.9063624634692502 33.3264057967839662
1105 36.0239671994015680 22.4867300572703108 30.0103441924263166
1106 -35.2478209013010897 23.7300090820783645 29.9746191080767659
1107 -32.5547518190780778 23.2027271938891886 33.2538957832640705
1108 -29.7037116283470404 22.7192296052290708 36.1320650066514091
1109 -26.7479026322045677 22.3424819136300314 38.5922687428093454
1110 -23.7344312023098176 22.1243570696264271 40.6348323456427352
1111 -20.7019182392724446 22.0956387434249280 42.2754459436507730
1112 -17.6787554556890463 22.2572769708405183 43.5439459326005220
1113 -14.6822896377292924 22.5778509506508804 44.4822550849664182
1114 -11.7171251047475291 22.9990783966381613 45.1414595708312021
1115 -8.7769893698187822 23.4465756149091682 45.5765570171380432
1116 -5.8498711615661856 23.8413163781958062 45.8407094267513315
1117 -2.9255317806840173 24.1120805231034723 45.9787868113935971
1118 -0.0000000000001132 24.2082212007605690 46.0213214314305290
1119 2.9255317806840173 24.1120805231034723 45.9787868113935971
1120 5.8498711615661865 23.8413163781958097 45.8407094267513315
1121 8.7769893698187822 23.4465756149091611 45.5765570171380432
1122 11.7171251047475291 22.9990783966381613 45.1414595708312021
1123 14.6822896377292924 22.5778509506508804 44.4822550849664182
1124 17.6787554556890463 22.2572769708405147 43.5439459326005220
1125 20.7019182392724481 22.0956387434249280 42.2754459436507659
1126 23.7344312023098176 22.1243570696264271 40.6348323456427352
1127 26.7479026322045677 22.3424819136300279 38.5922687428093454
1128 29.7037116283470404 22.7192296052290779 36.1320650066514091
1129 32.5547518190780778 23.2027271938891886 33.2538957832640705
1130 35.2478209013010897 23.7300090820783645 29.9746191080767659
1131 -34.4386359425672737 24.9618784804122598 29.9146281465179733
1132 -31.7138576691357947 24.4934683060620699 33.1406282692668626
1133 -28.8330418410316334 24.0900193118922381 35.9489452939300875
1134 -25.8498898337674419 23.8130890325604483 38.3238827144306384
1135 -22.8110781106653171 23.7099467744633792 40.2677679960193373
1136 -19.7528527578223212 23.8026949291199443 41.8001976315787189
1137 -16.6995029809702942 24.0803380172279589 42.9565352555884132
1138 -13.6615096707588801 24.4971937472918171 43.7864208633613714
1139 -10.6360404357763585 24.9817524453216606 44.3484688417671933
1140 -7.6113850572036883 25.4499046951223207 44.7031225813160376
1141 -4.5761540428243759 25.8193183533128163 44.9045834402973441
1142 -1.5272975023714011 26.0229627589890917 44.9941415251309849
1143 1.5272975023714008 26.0229627589890882 44.9941415251309920
1144 4.5761540428243759 25.8193183533128163 44.9045834402973441
1145 7.6113850572036883 25.4499046951223207 44.7031225813160376
1146 10.6360404357763585 24.9817524453216606 44.3484688417671933
1147 13.6615096707588801 24.4971937472918100 43.7864208633613714
1148 16.6995029809702942 24.0803380172279589 42.9565352555884132
1149 19.7528527578223212 23.8026949291199479 41.8001976315787118
1150 22.8110781106653171 23.7099467744633792 40.2677679960193373
1151 25.8498898337674419 23.8130890325604483 38.3238827144306384
1152 28.8330418410316334 24.0900193118922452 35.9489452939300875
1153 31.7138576691357947 24.4934683060620664 33.1406282692668626
1154 34.4386359425672737 24.9618784804122598 29.9146281465179733
1155 -33.5928689559640574 26.1861868033316085 29.8295621156001545
1156 -30.8438327369816996 25.7837614707747740 32.9826564501903974
1157 -27.9432705578580389 25.4668973056790335 35.7016914466575628
1158 -24.9438485968199082 25.2937238638498734 37.9740957796000274
1159 -21.8887800211652461 25.3042389001472614 39.8067431834018777
1160 -18.8089669396719614 25.5101644976454374 41.2244377762195597
1161 -15.7206448118576265 25.8870639768812794 42.2696255644200107
1162 -12.6255056675106410 26.3754456143985863 42.9992148216866781
1163 -9.5135558272036747 26.8921301244105706 43.4776447487033124
1164 -6.3722896329490197 27.3468982411638848 43.7668948112753142
1165 -3.1974279069717237 27.6583624681596056 43.9180081556486144
1166 -0.0000000000001892 27.7690348965360627 43.9645391300188919
1167 3.1974279069717237 27.6583624681596056 43.9180081556486144
1168 6.3722896329490197 27.3468982411638883 43.7668948112753142
1169 9.5135558272036747 26.8921301244105706 43.4776447487033124
1170 12.6255056675106410 26.3754456143985863 42.9992148216866781
1171 15.7206448118576265 25.8870639768812794 42.2696255644200107
1172 18.8089669396719579 25.5101644976454374 41.2244377762195526
1173 21.8887800211652461 25.3042389001472543 39.8067431834018777
1174 24.9438485968199082 25.2937238638498734 37.9740957796000274
1175 27.9432705578580389 25.4668973056790335 35.7016914466575628
1176 30.8438327369816996 25.7837614707747704 32.9826564501903974
1177 33.5928689559640574 26.1861868033316085 29.8295621156001545
1178 -32.7055285500228408 27.4077516992968384 29.7180677207205370
1179 -29.9398136952428331 27.0788781058659538 32.7771554046687044
1180 -27.0289364115725981 26.8542733858013456 35.3876333961428742
1181 -24.0215540741705560 26.7858122280652786 37.5431112608495567
1182 -20.9545648278774657 26.9043086144035044 39.2563929934375651
1183 -17.8495396771623405 27.2092877463264351 40.5591986317656108
1184 -14.7123681187599882 27.6629415195925148 41.5006974739184287
1185 -11.5354571616875887 28.1931335431422028 42.1435694868080759
1186 -8.3057488352912436 28.7082964831897911 42.5540626652536034
1187 -5.0164653027698876 29.1160572877548596 42.7912407378225410
1188 -1.6783937108733642 29.3412624347660369 42.8984068851686899
1189 1.6783937108733642 29.3412624347660369 42.8984068851686899
1190 5.0164653027698876 29.1160572877548596 42.7912407378225410
1191 8.3057488352912436 28.7082964831897911 42.5540626652536034
1192 11.5354571616875887 28.1931335431422028 42.1435694868080759
1193 14.7123681187599882 27.6629415195925219 41.5006974739184287
1194 17.8495396771623440 27.2092877463264351 40.5591986317656179
1195 20.9545648278774657 26.9043086144035044 39.2563929934375722
1196 24.0215540741705560 26.7858122280652786 37.5431112608495567
1197 27.0289364115725981 26.8542733858013491 35.3876333961428742
1198 29.9398136952428331 27.0788781058659538 32.7771554046687044
1199 32.7055285500228408 27.4077516992968349 29.7180677207205370
1200 -31.7703039297223455 28.6318273624801130 29.5781380431257759
1201 -28.9943640982812738 28.3838040532087739 32.5220927679223522
1202 -26.0794681480202613 28.2548131285422102 35.0075259935282403
1203 -23.0676325781723648 28.2884118498943664 37.0357946080436804
1204 -19.9856020329534552 28.5040979201005378 38.6276081726752452
1205 -16.8432223424180769 28.8888281470768362 39.8213695069937188
1206 -13.6348754657834412 29.3920527767497575 40.6718256856184723
1207 -10.3469529514712359 29.9318182868026064 41.2435063818035488
1208 -6.9694197213756244 30.4118002776114338 41.5998749111337318
1209 -3.5097602319636594 30.7425786492769539 41.7920499749312029
1210 -0.0000000000005747 30.8604434505648939 41.8525152175408266
1211 3.5097602319636594 30.7425786492769610 41.7920499749312029
1212 6.9694197213756244 30.4118002776114267 41.5998749111337318
1213 10.3469529514712359 29.9318182868026099 41.2435063818035488
1214 13.6348754657834412 29.3920527767497575 40.6718256856184723
1215 16.8432223424180769 28.8888281470768362 39.8213695069937188
1216 19.9856020329534552 28.5040979201005378 38.6276081726752452
1217 23.0676325781723648 28.2884118498943629 37.0357946080436804
1218 26.0794681480202613 28.2548131285422066 35.0075259935282403
1219 28.9943640982812738 28.3838040532087703 32.5220927679223522
1220 31.7703039297223491 28.6318273624801094 29.5781380431257723
1221 -30.7796873960742126 29.8636502993546991 29.4070269595177152
1222 -27.9964833481684892 29.7020561337543469 32.2177712072550193
1223 -25.0788920004227194 29.6690775372383619 34.5658070080892443
1224 -22.0587491872893864 29.7975796090476699 36.4625264310459798
1225 -18.9503896409186545 30.0949977928759687 37.9364447504527433
1226 -15.7504465828764406 30.5357523220550284 39.0319261959497297
1227 -12.4441957168531818 31.0587477802863638 39.8057304829494285
1228 -9.0172655616506123 31.5753845221064786 40.3197719992535255
1229 -5.4711543031973138 31.9894072912927250 40.6293525882753102
1230 -1.8348726546045755 32.2196566769005059 40.7740967522769893
1231 1.8348726546045755 32.2196566769005059 40.7740967522769893
1232 5.4711543031973138 31.9894072912927250 40.6293525882753102
1233 9.0172655616506123 31.5753845221064786 40.3197719992535255
1234 12.4441957168531818 31.0587477802863638 39.8057304829494285
1235 15.7504465828764406 30.5357523220550320 39.0319261959497297
1236 18.9503896409186545 30.0949977928759758 37.9364447504527433
1237 22.0587491872893899 29.7975796090476699 36.4625264310459869
1238 25.0788920004227194 29.6690775372383584 34.5658070080892443
1239 27.9964833481684892 29.7020561337543398 32.2177712072550193
1240 30.7796873960742126 29.8636502993546991 29.4070269595177152
1241 -29.7257598635376148 31.1072706478379857 29.2013169801886399
1242 -26.9335736748095194 31.0352387378340708 31.8652877845038596
1243 -24.0076489753381992 31.0945626616039021 34.0699422300732948
1244 -20.9676639804307392 31.3063888987515888 35.8366722970181826
1245 -17.8140888499095489 31.6656932470321344 37.2013724159793853
1246 -14.5321467521846177 32.1358922907466891 38.2112697701934181
1247 -11.1023061195481869 32.6479045028302366 38.9211141978479347
1248 -7.5173457291521411 33.1108692544760572 39.3847667303158033
1249 -3.7981226467303868 33.4338090971693092 39.6453613126987676
1250 -0.0000000000007207 33.5496431956186356 39.7293523914835660
1251 3.7981226467303868 33.4338090971693092 39.6453613126987676
1252 7.5173457291521411 33.1108692544760572 39.3847667303158033
1253 11.1023061195481869 32.6479045028302366 38.9211141978479347
1254 14.5321467521846177 32.1358922907466891 38.2112697701934181
1255 17.8140888499095489 31.6656932470321344 37.2013724159793853
1256 20.9676639804307392 31.3063888987515888 35.8366722970181826
1257 24.0076489753381992 31.0945626616038915 34.0699422300732948
1258 26.9335736748095194 31.0352387378340708 31.8652877845038596
1259 29.7257598635376148 31.1072706478379857 29.2013169801886399
1260 -28.6008672322762401 32.3647807051904977 28.9570606841688267
1261 -25.7916212333436619 32.3816915822783145 31.4677346567232625
1262 -22.8445339500035658 32.5253775466568484 33.5294957321843015
1263 -19.7659273715784458 32.8045755354180102 35.1733981736558974
1264 -16.5439650228134987 33.2028403190850838 36.4399316144976027
1265 -13.1560296436075372 33.6744937365791372 37.3757589301088657
1266 -9.5847892277714095 34.1462380736281332 38.0284924875849555
1267 -5.8379644273887372 34.5298144208702027 38.4396941637782561
1268 -1.9618348296743859 34.7453931496602308 38.6381787740651745
1269 1.9618348296743859 34.7453931496602308 38.6381787740651745
1270 5.8379644273887372 34.5298144208702027 38.4396941637782561
1271 9.5847892277714095 34.1462380736281332 38.0284924875849555
1272 13.1560296436075372 33.6744937365791372 37.3757589301088657
1273 16.5439650228135022 33.2028403190850838 36.4399316144976098
1274 19.7659273715784458 32.8045755354180102 35.1733981736558974
1275 22.8445339500035622 32.5253775466568484 33.5294957321842944
1276 25.7916212333436619 32.3816915822783145 31.4677346567232625
1277 28.6008672322762401 32.3647807051904977 28.9570606841688267
1278 -27.3991881794602143 33.6348462724048289 28.6702215432357974
1279 -24.5587513019695152 33.7359739903928926 31.0282418678136587
1280 -21.5712833698952764 33.9516230363791180 32.9540138218592418
1281 -18.4312550146050960 34.2788630303756676 34.4854808278982645
1282 -15.1176596626220796 34.6912625213445338 35.6647258646450993
1283 -11.6062235792176836 35.1371916909674198 36.5331812781397645
1284 -7.8891882966146492 35.5434489918417285 37.1271321513647763
1285 -3.9960075607967065 35.8299726907605844 37.4732568714464236
1286 -0.0000000000002504 35.9334896857179302 37.5870232794032759
1287 3.9960075607967065 35.8299726907605844 37.4732568714464236
1288 7.8891882966146500 35.5434489918417214 37.1271321513647834
1289 11.6062235792176836 35.1371916909674198 36.5331812781397645
1290 15.1176596626220796 34.6912625213445338 35.6647258646450993
1291 18.4312550146050960 34.2788630303756676 34.4854808278982645
1292 21.5712833698952799 33.9516230363791180 32.9540138218592418
1293 24.5587513019695152 33.7359739903928926 31.0282418678136587
1294 27.3991881794602143 33.6348462724048289 28.6702215432357974
1295 -26.1179705258934831 34.9120893966349470 28.3372128052483028
1296 -23.2269508650851506 35.0882744775886408 30.5503150179555760
1297 -20.1763590191656981 35.3599648329414720 32.3510034425962374
1298 -16.9516523701123347 35.7136699543548559 33.7812856521813885
1299 -13.5281661569330520 36.1156299073101792 34.8805102719070490
1300 -9.8867610102043759 36.5119968241820203 35.6808918699914770
1301 -6.0363033370091399 36.8347378735150031 36.2044904371412457
1302 -2.0311476779235411 37.0172118202757900 36.4636869798337955
1303 2.0311476779235411 37.0172118202757900 36.4636869798337955
1304 6.0363033370091399 36.8347378735150031 36.2044904371412457
1305 9.8867610102043759 36.5119968241820345 35.6808918699914770
1306 13.5281661569330520 36.1156299073101792 34.8805102719070490
1307 16.9516523701123347 35.7136699543548559 33.7812856521813885
1308 20.1763590191656945 35.3599648329414791 32.3510034425962303
1309 23.2269508650851506 35.0882744775886408 30.5503150179555760
1310 26.1179705258934831 34.9120893966349470 28.3372128052483028
1311 -24.7589356788199417 36.1867124258160260 27.9556246194455333
1312 -21.7955001244788917 36.4252458097510328 30.0359391733146097
1313 -18.6588295131412529 36.7345682938280120 31.7241165907833356
1314 -15.3302446971385926 37.0929400381609042 33.0620234839196385
1315 -11.7875507820775525 37.4625188181754964 34.0824490076313253
1316 -8.0236562242981169 37.7917746075638874 34.8052110007305018
1317 -4.0683558833487998 38.0225961827023298 35.2381988747094113
1318 -0.0000000000001487 38.1060327657011939 35.3826266246488075
1319 4.0683558833487998 38.0225961827023298 35.2381988747094113
1320 8.0236562242981169 37.7917746075638874 34.8052110007305018
1321 11.7875507820775525 37.4625188181754964 34.0824490076313253
1322 15.3302446971385926 37.0929400381609042 33.0620234839196385
1323 18.6588295131412529 36.7345682938280120 31.7241165907833356
1324 21.7955001244788917 36.4252458097510328 30.0359391733146026
1325 24.7589356788199417 36.1867124258160260 27.9556246194455333
1326 -23.3281887492610238 37.4458259969917577 27.5246385095584358
1327 -20.2705696498979222 37.7315173838578914 29.4862103699384726
1328 -17.0282844025222779 38.0595639087071689 31.0726105338101739
1329 -13.5838422641587915 38.4028083591356761 32.3218740093137598
1330 -9.9239455094444633 38.7233900836063611 33.2567942826489755
1331 -6.0583432654236313 38.9763629162548284 33.8842088693050556
1332 -2.0386739430314296 39.1174765628636720 34.2003923355831745
1333 2.0386739430314296 39.1174765628636720 34.2003923355831745
1334 6.0583432654236313 38.9763629162548284 33.8842088693050556
1335 9.9239455094444633 38.7233900836063611 33.2567942826489755
1336 13.5838422641587915 38.4028083591356832 32.3218740093137598
1337 17.0282844025222779 38.0595639087071689 31.0726105338101739
1338 20.2705696498979222 37.7315173838578986 29.4862103699384690
1339 23.3281887492610238 37.4458259969917648 27.5246385095584358
1340 -21.8354074179423385 38.6752390223070392 27.0451635132769752
1341 -18.6648884238086517 38.9922269548211489 28.9003144832455554
1342 -15.3034549317753701 39.3215164778107891 30.3911600475594668
1343 -11.7404976732261748 39.6341701136826359 31.5482689506831235
1344 -7.9763290508646332 39.8961645570599188 32.3832399322292730
1345 -4.0395666865014057 40.0727279818847038 32.8916155437093423
1346 -0.0000000000001017 40.1354066955557158 33.0628058304545860
1347 4.0395666865014057 40.0727279818847038 32.8916155437093423
1348 7.9763290508646332 39.8961645570599188 32.3832399322292730
1349 11.7404976732261748 39.6341701136826359 31.5482689506831235
1350 15.3034549317753701 39.3215164778107891 30.3911600475594668
1351 18.6648884238086517 38.9922269548211489 28.9003144832455554
1352 21.8354074179423385 38.6752390223070392 27.0451635132769752
1353 -20.2914832579557860 39.8620396656057281 26.5193043062931118
1354 -16.9942225871247103 40.1953497171913341 28.2759661156245485
1355 -13.5077363469194065 40.5117238540462594 29.6705458182961621
1356 -9.8325785043936502 40.7839425104713342 30.7244273056066106
1357 -5.9850977796922651 40.9851389499016037 31.4387816211885323
1358 -2.0108525480590749 41.0926416221322199 31.8017495830806709
1359 2.0108525480590749 41.0926416221322199 31.8017495830806709
1360 5.9850977796922651 40.9851389499016037 31.4387816211885323
1361 9.8325785043936502 40.7839425104713342 30.7244273056066106
1362 13.5077363469194065 40.5117238540462594 29.6705458182961621
1363 16.9942225871247103 40.1953497171913341 28.2759661156245485
1364 20.2914832579557824 39.8620396656057139 26.5193043062931082
1365 -18.7061060785934785 40.9963919880122418 25.9495171311847876
1366 -15.2746077926897161 41.3332948917037513 27.6087864669014103
1367 -11.6646800666437986 41.6267743025056092 28.8989082858003670
1368 -7.8904987793729724 41.8544281861094234 29.8319773100363399
1369 -3.9835425146007291 41.9985069688923360 30.4015920869001590
1370 -0.0000000000000172 42.0478164028422938 30.5938087813999786
1371 3.9835425146007291 41.9985069688923360 30.4015920869001590
1372 7.8904987793729724 41.8544281861094234 29.8319773100363399
1373 11.6646800666437986 41.6267743025056092 28.8989082858003670
1374 15.2746077926897161 41.3332948917037513 27.6087864669014103
1375 18.7061060785934856 40.9963919880122489 25.9495171311847947
1376 -17.0853227385367603 42.0725962951178474 25.3374897712475544
1377 -13.5185051165929728 42.4030475109778777 26.8929652733647409
1378 -9.7927875396879784 42.6677246009313578 28.0636168300097957
1379 -5.9356801814261360 42.8510513681192791 28.8540308697177927
1380 -1.9892385158050945 42.9443082213153318 29.2545606960676565
1381 1.9892385158050945 42.9443082213153318 29.2545606960676565
1382 5.9356801814261360 42.8510513681192791 28.8540308697177927
1383 9.7927875396879784 42.6677246009313578 28.0636168300097957
1384 13.5185051165929728 42.4030475109778777 26.8929652733647337
1385 17.0853227385367603 42.0725962951178474 25.3374897712475544
1386 -15.4304161104556776 43.0887002819427565 24.6833175782976220
1387 -11.7327770432123497 43.4051179098096114 26.1215941720599112
1388 -7.9021408801957067 43.6380189794863469 27.1528906206232321
1389 -3.9761267649444547 43.7790380380686273 27.7774412862385987
1390 -0.0000000000000186 43.8260260323227371 27.9871299388517158
1391 3.9761267649444556 43.7790380380686273 27.7774412862386058
1392 7.9021408801957067 43.6380189794863540 27.1528906206232321
1393 11.7327770432123515 43.4051179098096114 26.1215941720599147
1394 15.4304161104556758 43.0887002819427565 24.6833175782976149
1395 -13.7377397461042605 44.0453654002473556 23.9850014264539908
1396 -9.9172215520794254 44.3417778455563365 25.2874564593258455
1397 -5.9920057634398036 44.5409595023740010 26.1571939156092199
1398 -2.0042227298144444 44.6401818886496429 26.5939326200088644
1399 2.0042227298144444 44.6401818886496429 26.5939326200088644
1400 5.9920057634398036 44.5409595023740010 26.1571939156092199
1401 9.9172215520794254 44.3417778455563365 25.2874564593258455
1402 13.7377397461042605 44.0453654002473556 23.9850014264539908
1403 -11.9996098089982066 44.9442451766092574 23.2384205559807704
1404 -8.0646186030102776 45.2150774499267669 24.3835743480135463
1405 -4.0509027783034606 45.3773179890478033 25.0696868508877166
1406 -0.0000000000000194 45.4311216599903247 25.2984818658187010
1407 4.0509027783034606 45.3773179890477962 25.0696868508877166
1408 8.0646186030102758 45.2150774499267669 24.3835743480135427
1409 11.9996098089982066 44.9442451766092574 23.2384205559807704
1410 -10.2057883537368479 45.7863809732849774 22.4376737084737918
1411 -6.1618762213135003 46.0250668825023226 23.4035146910544007
1412 -2.0599969579422690 46.1440628833928415 23.8847623632046080
1413 2.0599969579422690 46.1440628833928415 23.8847623632046080
1414 6.1618762213135003 46.0250668825023226 23.4035146910544043
1415 10.2057883537368479 45.7863809732849774 22.4376737084737918
1416 -8.3453167994889714 46.5708477506995422 21.5757231002191610
1417 -4.1932213911375564 46.7687686409068348 22.3405276163799513
1418 -0.0000000000000845 46.8346754322432304 22.5945386577471794
1419 4.1932213911375564 46.7687686409068348 22.3405276163799513
1420 8.3453167994889714 46.5708477506995422 21.5757231002191610
1421 -6.4076120242917520 47.2941130625149597 20.6448390106632687
1422 -2.1437809972819131 47.4402466676910208 21.1855422197385224
1423 2.1437809972819131 47.4402466676910208 21.1855422197385224
1424 6.4076120242917520 47.2941130625149597 20.6448390106632687
1425 -4.3816303574311251 47.9502130024359943 19.6361500409794196
1426 -0.0000000000001583 48.0311763839013892 19.9250117987055049
1427 4.3816303574311251 47.9502130024359943 19.6361500409794196
1428 -2.2531461076625821 48.5310503627853720 18.5380819747436441
1429 2.2531461076625821 48.5310503627853720 18.5380819747436441
1430 0.0000000000000000 49.0260701622672954 17.3333333333333321
