0 1 49
49 50 1
1 2 50
50 51 2
2 3 51
51 52 3
3 4 52
52 53 4
4 5 53
53 54 5
5 6 54
54 55 6
6 7 55
55 56 7
7 8 56
56 57 8
8 9 57
57 58 9
9 10 58
58 59 10
10 11 59
59 60 11
11 12 60
60 61 12
12 13 61
61 62 13
13 14 62
62 63 14
14 15 63
63 64 15
15 16 64
64 65 16
16 17 65
65 66 17
17 18 66
66 67 18
18 19 67
67 68 19
19 20 68
68 69 20
20 21 69
69 70 21
21 22 70
70 71 22
22 23 71
71 72 23
23 24 72
72 73 24
24 25 73
73 74 25
25 26 74
74 75 26
26 27 75
75 76 27
27 28 76
76 77 28
28 29 77
77 78 29
29 30 78
78 79 30
30 31 79
79 80 31
31 32 80
80 81 32
32 33 81
81 82 33
33 34 82
82 83 34
34 35 83
83 84 35
35 36 84
84 85 36
36 37 85
85 86 37
37 38 86
86 87 38
38 39 87
87 88 39
39 40 88
88 89 40
40 41 89
89 90 41
41 42 90
90 91 42
42 43 91
91 92 43
43 44 92
92 93 44
44 45 93
93 94 45
45 46 94
94 95 46
46 47 95
95 96 47
47 48 96
49 50 97
97 98 50
50 51 98
98 99 51
51 52 99
99 100 52
52 53 100
100 101 53
53 54 101
101 102 54
54 55 102
102 103 55
55 56 103
103 104 56
56 57 104
104 105 57
57 58 105
105 106 58
58 59 106
106 107 59
59 60 107
107 108 60
60 61 108
108 109 61
61 62 109
109 110 62
62 63 110
110 111 63
63 64 111
111 112 64
64 65 112
112 113 65
65 66 113
113 114 66
66 67 114
114 115 67
67 68 115
115 116 68
68 69 116
116 117 69
69 70 117
117 118 70
70 71 118
118 119 71
71 72 119
119 120 72
72 73 120
120 121 73
73 74 121
121 122 74
74 75 122
122 123 75
75 76 123
123 124 76
76 77 124
124 125 77
77 78 125
125 126 78
78 79 126
126 127 79
79 80 127
127 128 80
80 81 128
128 129 81
81 82 129
129 130 82
82 83 130
130 131 83
83 84 131
131 132 84
84 85 132
132 133 85
85 86 133
133 134 86
86 87 134
134 135 87
87 88 135
135 136 88
88 89 136
136 137 89
89 90 137
137 138 90
90 91 138
138 139 91
91 92 139
139 140 92
92 93 140
140 141 93
93 94 141
141 142 94
94 95 142
142 143 95
95 96 143
97 98 144
144 145 98
98 99 145
145 146 99
99 100 146
146 147 100
100 101 147
147 148 101
101 102 148
148 149 102
102 103 149
149 150 103
103 104 150
150 151 104
104 105 151
151 152 105
105 106 152
152 153 106
106 107 153
153 154 107
107 108 154
154 155 108
108 109 155
155 156 109
109 110 156
156 157 110
110 111 157
157 158 111
111 112 158
158 159 112
112 113 159
159 160 113
113 114 160
160 161 114
114 115 161
161 162 115
115 116 162
162 163 116
116 117 163
163 164 117
117 118 164
164 165 118
118 119 165
165 166 119
119 120 166
166 167 120
120 121 167
167 168 121
121 122 168
168 169 122
122 123 169
169 170 123
123 124 170
170 171 124
124 125 171
171 172 125
125 126 172
172 173 126
126 127 173
173 174 127
127 128 174
174 175 128
128 129 175
175 176 129
129 130 176
176 177 130
130 131 177
177 178 131
131 132 178
178 179 132
132 133 179
179 180 133
133 134 180
180 181 134
134 135 181
181 182 135
135 136 182
182 183 136
136 137 183
183 184 137
137 138 184
184 185 138
138 139 185
185 186 139
139 140 186
186 187 140
140 141 187
187 188 141
141 142 188
188 189 142
142 143 189
144 145 190
190 191 145
145 146 191
191 192 146
146 147 192
192 193 147
147 148 193
193 194 148
148 149 194
194 195 149
149 150 195
195 196 150
150 151 196
196 197 151
151 152 197
197 198 152
152 153 198
198 199 153
153 154 199
199 200 154
154 155 200
200 201 155
155 156 201
201 202 156
156 157 202
202 203 157
157 158 203
203 204 158
158 159 204
204 205 159
159 160 205
205 206 160
160 161 206
206 207 161
161 162 207
207 208 162
162 163 208
208 209 163
163 164 209
209 210 164
164 165 210
210 211 165
165 166 211
211 212 166
166 167 212
212 213 167
167 168 213
213 214 168
168 169 214
214 215 169
169 170 215
215 216 170
170 171 216
216 217 171
171 172 217
217 218 172
172 173 218
218 219 173
173 174 219
219 220 174
174 175 220
220 221 175
175 176 221
221 222 176
176 177 222
222 223 177
177 178 223
223 224 178
178 179 224
224 225 179
179 180 225
225 226 180
180 181 226
226 227 181
181 182 227
227 228 182
182 183 228
228 229 183
183 184 229
229 230 184
184 185 230
230 231 185
185 186 231
231 232 186
186 187 232
232 233 187
187 188 233
233 234 188
188 189 234
190 191 235
235 236 191
191 192 236
236 237 192
192 193 237
237 238 193
193 194 238
238 239 194
194 195 239
239 240 195
195 196 240
240 241 196
196 197 241
241 242 197
197 198 242
242 243 198
198 199 243
243 244 199
199 200 244
244 245 200
200 201 245
245 246 201
201 202 246
246 247 202
202 203 247
247 248 203
203 204 248
248 249 204
204 205 249
249 250 205
205 206 250
250 251 206
206 207 251
251 252 207
207 208 252
252 253 208
208 209 253
253 254 209
209 210 254
254 255 210
210 211 255
255 256 211
211 212 256
256 257 212
212 213 257
257 258 213
213 214 258
258 259 214
214 215 259
259 260 215
215 216 260
260 261 216
216 217 261
261 262 217
217 218 262
262 263 218
218 219 263
263 264 219
219 220 264
264 265 220
220 221 265
265 266 221
221 222 266
266 267 222
222 223 267
267 268 223
223 224 268
268 269 224
224 225 269
269 270 225
225 226 270
270 271 226
226 227 271
271 272 227
227 228 272
272 273 228
228 229 273
273 274 229
229 230 274
274 275 230
230 231 275
275 276 231
231 232 276
276 277 232
232 233 277
277 278 233
233 234 278
235 236 279
279 280 236
236 237 280
280 281 237
237 238 281
281 282 238
238 239 282
282 283 239
239 240 283
283 284 240
240 241 284
284 285 241
241 242 285
285 286 242
242 243 286
286 287 243
243 244 287
287 288 244
244 245 288
288 289 245
245 246 289
289 290 246
246 247 290
290 291 247
247 248 291
291 292 248
248 249 292
292 293 249
249 250 293
293 294 250
250 251 294
294 295 251
251 252 295
295 296 252
252 253 296
296 297 253
253 254 297
297 298 254
254 255 298
298 299 255
255 256 299
299 300 256
256 257 300
300 301 257
257 258 301
301 302 258
258 259 302
302 303 259
259 260 303
303 304 260
260 261 304
304 305 261
261 262 305
305 306 262
262 263 306
306 307 263
263 264 307
307 308 264
264 265 308
308 309 265
265 266 309
309 310 266
266 267 310
310 311 267
267 268 311
311 312 268
268 269 312
312 313 269
269 270 313
313 314 270
270 271 314
314 315 271
271 272 315
315 316 272
272 273 316
316 317 273
273 274 317
317 318 274
274 275 318
318 319 275
275 276 319
319 320 276
276 277 320
320 321 277
277 278 321
279 280 322
322 323 280
280 281 323
323 324 281
281 282 324
324 325 282
282 283 325
325 326 283
283 284 326
326 327 284
284 285 327
327 328 285
285 286 328
328 329 286
286 287 329
329 330 287
287 288 330
330 331 288
288 289 331
331 332 289
289 290 332
332 333 290
290 291 333
333 334 291
291 292 334
334 335 292
292 293 335
335 336 293
293 294 336
336 337 294
294 295 337
337 338 295
295 296 338
338 339 296
296 297 339
339 340 297
297 298 340
340 341 298
298 299 341
341 342 299
299 300 342
342 343 300
300 301 343
343 344 301
301 302 344
344 345 302
302 303 345
345 346 303
303 304 346
346 347 304
304 305 347
347 348 305
305 306 348
348 349 306
306 307 349
349 350 307
307 308 350
350 351 308
308 309 351
351 352 309
309 310 352
352 353 310
310 311 353
353 354 311
311 312 354
354 355 312
312 313 355
355 356 313
313 314 356
356 357 314
314 315 357
357 358 315
315 316 358
358 359 316
316 317 359
359 360 317
317 318 360
360 361 318
318 319 361
361 362 319
319 320 362
362 363 320
320 321 363
322 323 364
364 365 323
323 324 365
365 366 324
324 325 366
366 367 325
325 326 367
367 368 326
326 327 368
368 369 327
327 328 369
369 370 328
328 329 370
370 371 329
329 330 371
371 372 330
330 331 372
372 373 331
331 332 373
373 374 332
332 333 374
374 375 333
333 334 375
375 376 334
334 335 376
376 377 335
335 336 377
377 378 336
336 337 378
378 379 337
337 338 379
379 380 338
338 339 380
380 381 339
339 340 381
381 382 340
340 341 382
382 383 341
341 342 383
383 384 342
342 343 384
384 385 343
343 344 385
385 386 344
344 345 386
386 387 345
345 346 387
387 388 346
346 347 388
388 389 347
347 348 389
389 390 348
348 349 390
390 391 349
349 350 391
391 392 350
350 351 392
392 393 351
351 352 393
393 394 352
352 353 394
394 395 353
353 354 395
395 396 354
354 355 396
396 397 355
355 356 397
397 398 356
356 357 398
398 399 357
357 358 399
399 400 358
358 359 400
400 401 359
359 360 401
401 402 360
360 361 402
402 403 361
361 362 403
403 404 362
362 363 404
364 365 405
405 406 365
365 366 406
406 407 366
366 367 407
407 408 367
367 368 408
408 409 368
368 369 409
409 410 369
369 370 410
410 411 370
370 371 411
411 412 371
371 372 412
412 413 372
372 373 413
413 414 373
373 374 414
414 415 374
374 375 415
415 416 375
375 376 416
416 417 376
376 377 417
417 418 377
377 378 418
418 419 378
378 379 419
419 420 379
379 380 420
420 421 380
380 381 421
421 422 381
381 382 422
422 423 382
382 383 423
423 424 383
383 384 424
424 425 384
384 385 425
425 426 385
385 386 426
426 427 386
386 387 427
427 428 387
387 388 428
428 429 388
388 389 429
429 430 389
389 390 430
430 431 390
390 391 431
431 432 391
391 392 432
432 433 392
392 393 433
433 434 393
393 394 434
434 435 394
394 395 435
435 436 395
395 396 436
436 437 396
396 397 437
437 438 397
397 398 438
438 439 398
398 399 439
439 440 399
399 400 440
440 441 400
400 401 441
441 442 401
401 402 442
442 443 402
402 403 443
443 444 403
403 404 444
405 406 445
445 446 406
406 407 446
446 447 407
407 408 447
447 448 408
408 409 448
448 449 409
409 410 449
449 450 410
410 411 450
450 451 411
411 412 451
451 452 412
412 413 452
452 453 413
413 414 453
453 454 414
414 415 454
454 455 415
415 416 455
455 456 416
416 417 456
456 457 417
417 418 457
457 458 418
418 419 458
458 459 419
419 420 459
459 460 420
420 421 460
460 461 421
421 422 461
461 462 422
422 423 462
462 463 423
423 424 463
463 464 424
424 425 464
464 465 425
425 426 465
465 466 426
426 427 466
466 467 427
427 428 467
467 468 428
428 429 468
468 469 429
429 430 469
469 470 430
430 431 470
470 471 431
431 432 471
471 472 432
432 433 472
472 473 433
433 434 473
473 474 434
434 435 474
474 475 435
435 436 475
475 476 436
436 437 476
476 477 437
437 438 477
477 478 438
438 439 478
478 479 439
439 440 479
479 480 440
440 441 480
480 481 441
441 442 481
481 482 442
442 443 482
482 483 443
443 444 483
445 446 484
484 485 446
446 447 485
485 486 447
447 448 486
486 487 448
448 449 487
487 488 449
449 450 488
488 489 450
450 451 489
489 490 451
451 452 490
490 491 452
452 453 491
491 492 453
453 454 492
492 493 454
454 455 493
493 494 455
455 456 494
494 495 456
456 457 495
495 496 457
457 458 496
496 497 458
458 459 497
497 498 459
459 460 498
498 499 460
460 461 499
499 500 461
461 462 500
500 501 462
462 463 501
501 502 463
463 464 502
502 503 464
464 465 503
503 504 465
465 466 504
504 505 466
466 467 505
505 506 467
467 468 506
506 507 468
468 469 507
507 508 469
469 470 508
508 509 470
470 471 509
509 510 471
471 472 510
510 511 472
472 473 511
511 512 473
473 474 512
512 513 474
474 475 513
513 514 475
475 476 514
514 515 476
476 477 515
515 516 477
477 478 516
516 517 478
478 479 517
517 518 479
479 480 518
518 519 480
480 481 519
519 520 481
481 482 520
520 521 482
482 483 521
484 485 522
522 523 485
485 486 523
523 524 486
486 487 524
524 525 487
487 488 525
525 526 488
488 489 526
526 527 489
489 490 527
527 528 490
490 491 528
528 529 491
491 492 529
529 530 492
492 493 530
530 531 493
493 494 531
531 532 494
494 495 532
532 533 495
495 496 533
533 534 496
496 497 534
534 535 497
497 498 535
535 536 498
498 499 536
536 537 499
499 500 537
537 538 500
500 501 538
538 539 501
501 502 539
539 540 502
502 503 540
540 541 503
503 504 541
541 542 504
504 505 542
542 543 505
505 506 543
543 544 506
506 507 544
544 545 507
507 508 545
545 546 508
508 509 546
546 547 509
509 510 547
547 548 510
510 511 548
548 549 511
511 512 549
549 550 512
512 513 550
550 551 513
513 514 551
551 552 514
514 515 552
552 553 515
515 516 553
553 554 516
516 517 554
554 555 517
517 518 555
555 556 518
518 519 556
556 557 519
519 520 557
557 558 520
520 521 558
522 523 559
559 560 523
523 524 560
560 561 524
524 525 561
561 562 525
525 526 562
562 563 526
526 527 563
563 564 527
527 528 564
564 565 528
528 529 565
565 566 529
529 530 566
566 567 530
530 531 567
567 568 531
531 532 568
568 569 532
532 533 569
569 570 533
533 534 570
570 571 534
534 535 571
571 572 535
535 536 572
572 573 536
536 537 573
573 574 537
537 538 574
574 575 538
538 539 575
575 576 539
539 540 576
576 577 540
540 541 577
577 578 541
541 542 578
578 579 542
542 543 579
579 580 543
543 544 580
580 581 544
544 545 581
581 582 545
545 546 582
582 583 546
546 547 583
583 584 547
547 548 584
584 585 548
548 549 585
585 586 549
549 550 586
586 587 550
550 551 587
587 588 551
551 552 588
588 589 552
552 553 589
589 590 553
553 554 590
590 591 554
554 555 591
591 592 555
555 556 592
592 593 556
556 557 593
593 594 557
557 558 594
559 560 595
595 596 560
560 561 596
596 597 561
561 562 597
597 598 562
562 563 598
598 599 563
563 564 599
599 600 564
564 565 600
600 601 565
565 566 601
601 602 566
566 567 602
602 603 567
567 568 603
603 604 568
568 569 604
604 605 569
569 570 605
605 606 570
570 571 606
606 607 571
571 572 607
607 608 572
572 573 608
608 609 573
573 574 609
609 610 574
574 575 610
610 611 575
575 576 611
611 612 576
576 577 612
612 613 577
577 578 613
613 614 578
578 579 614
614 615 579
579 580 615
615 616 580
580 581 616
616 617 581
581 582 617
617 618 582
582 583 618
618 619 583
583 584 619
619 620 584
584 585 620
620 621 585
585 586 621
621 622 586
586 587 622
622 623 587
587 588 623
623 624 588
588 589 624
624 625 589
589 590 625
625 626 590
590 591 626
626 627 591
591 592 627
627 628 592
592 593 628
628 629 593
593 594 629
595 596 630
630 631 596
596 597 631
631 632 597
597 598 632
632 633 598
598 599 633
633 634 599
599 600 634
634 635 600
600 601 635
635 636 601
601 602 636
636 637 602
602 603 637
637 638 603
603 604 638
638 639 604
604 605 639
639 640 605
605 606 640
640 641 606
606 607 641
641 642 607
607 608 642
642 643 608
608 609 643
643 644 609
609 610 644
644 645 610
610 611 645
645 646 611
611 612 646
646 647 612
612 613 647
647 648 613
613 614 648
648 649 614
614 615 649
649 650 615
615 616 650
650 651 616
616 617 651
651 652 617
617 618 652
652 653 618
618 619 653
653 654 619
619 620 654
654 655 620
620 621 655
655 656 621
621 622 656
656 657 622
622 623 657
657 658 623
623 624 658
658 659 624
624 625 659
659 660 625
625 626 660
660 661 626
626 627 661
661 662 627
627 628 662
662 663 628
628 629 663
630 631 664
664 665 631
631 632 665
665 666 632
632 633 666
666 667 633
633 634 667
667 668 634
634 635 668
668 669 635
635 636 669
669 670 636
636 637 670
670 671 637
637 638 671
671 672 638
638 639 672
672 673 639
639 640 673
673 674 640
640 641 674
674 675 641
641 642 675
675 676 642
642 643 676
676 677 643
643 644 677
677 678 644
644 645 678
678 679 645
645 646 679
679 680 646
646 647 680
680 681 647
647 648 681
681 682 648
648 649 682
682 683 649
649 650 683
683 684 650
650 651 684
684 685 651
651 652 685
685 686 652
652 653 686
686 687 653
653 654 687
687 688 654
654 655 688
688 689 655
655 656 689
689 690 656
656 657 690
690 691 657
657 658 691
691 692 658
658 659 692
692 693 659
659 660 693
693 694 660
660 661 694
694 695 661
661 662 695
695 696 662
662 663 696
664 665 697
697 698 665
665 666 698
698 699 666
666 667 699
699 700 667
667 668 700
700 701 668
668 669 701
701 702 669
669 670 702
702 703 670
670 671 703
703 704 671
671 672 704
704 705 672
672 673 705
705 706 673
673 674 706
706 707 674
674 675 707
707 708 675
675 676 708
708 709 676
676 677 709
709 710 677
677 678 710
710 711 678
678 679 711
711 712 679
679 680 712
712 713 680
680 681 713
713 714 681
681 682 714
714 715 682
682 683 715
715 716 683
683 684 716
716 717 684
684 685 717
717 718 685
685 686 718
718 719 686
686 687 719
719 720 687
687 688 720
720 721 688
688 689 721
721 722 689
689 690 722
722 723 690
690 691 723
723 724 691
691 692 724
724 725 692
692 693 725
725 726 693
693 694 726
726 727 694
694 695 727
727 728 695
695 696 728
697 698 729
729 730 698
698 699 730
730 731 699
699 700 731
731 732 700
700 701 732
732 733 701
701 702 733
733 734 702
702 703 734
734 735 703
703 704 735
735 736 704
704 705 736
736 737 705
705 706 737
737 738 706
706 707 738
738 739 707
707 708 739
739 740 708
708 709 740
740 741 709
709 710 741
741 742 710
710 711 742
742 743 711
711 712 743
743 744 712
712 713 744
744 745 713
713 714 745
745 746 714
714 715 746
746 747 715
715 716 747
747 748 716
716 717 748
748 749 717
717 718 749
749 750 718
718 719 750
750 751 719
719 720 751
751 752 720
720 721 752
752 753 721
721 722 753
753 754 722
722 723 754
754 755 723
723 724 755
755 756 724
724 725 756
756 757 725
725 726 757
757 758 726
726 727 758
758 759 727
727 728 759
729 730 760
760 761 730
730 731 761
761 762 731
731 732 762
762 763 732
732 733 763
763 764 733
733 734 764
764 765 734
734 735 765
765 766 735
735 736 766
766 767 736
736 737 767
767 768 737
737 738 768
768 769 738
738 739 769
769 770 739
739 740 770
770 771 740
740 741 771
771 772 741
741 742 772
772 773 742
742 743 773
773 774 743
743 744 774
774 775 744
744 745 775
775 776 745
745 746 776
776 777 746
746 747 777
777 778 747
747 748 778
778 779 748
748 749 779
779 780 749
749 750 780
780 781 750
750 751 781
781 782 751
751 752 782
782 783 752
752 753 783
783 784 753
753 754 784
784 785 754
754 755 785
785 786 755
755 756 786
786 787 756
756 757 787
787 788 757
757 758 788
788 789 758
758 759 789
760 761 790
790 791 761
761 762 791
791 792 762
762 763 792
792 793 763
763 764 793
793 794 764
764 765 794
794 795 765
765 766 795
795 796 766
766 767 796
796 797 767
767 768 797
797 798 768
768 769 798
798 799 769
769 770 799
799 800 770
770 771 800
800 801 771
771 772 801
801 802 772
772 773 802
802 803 773
773 774 803
803 804 774
774 775 804
804 805 775
775 776 805
805 806 776
776 777 806
806 807 777
777 778 807
807 808 778
778 779 808
808 809 779
779 780 809
809 810 780
780 781 810
810 811 781
781 782 811
811 812 782
782 783 812
812 813 783
783 784 813
813 814 784
784 785 814
814 815 785
785 786 815
815 816 786
786 787 816
816 817 787
787 788 817
817 818 788
788 789 818
790 791 819
819 820 791
791 792 820
820 821 792
792 793 821
821 822 793
793 794 822
822 823 794
794 795 823
823 824 795
795 796 824
824 825 796
796 797 825
825 826 797
797 798 826
826 827 798
798 799 827
827 828 799
799 800 828
828 829 800
800 801 829
829 830 801
801 802 830
830 831 802
802 803 831
831 832 803
803 804 832
832 833 804
804 805 833
833 834 805
805 806 834
834 835 806
806 807 835
835 836 807
807 808 836
836 837 808
808 809 837
837 838 809
809 810 838
838 839 810
810 811 839
839 840 811
811 812 840
840 841 812
812 813 841
841 842 813
813 814 842
842 843 814
814 815 843
843 844 815
815 816 844
844 845 816
816 817 845
845 846 817
817 818 846
819 820 847
847 848 820
820 821 848
848 849 821
821 822 849
849 850 822
822 823 850
850 851 823
823 824 851
851 852 824
824 825 852
852 853 825
825 826 853
853 854 826
826 827 854
854 855 827
827 828 855
855 856 828
828 829 856
856 857 829
829 830 857
857 858 830
830 831 858
858 859 831
831 832 859
859 860 832
832 833 860
860 861 833
833 834 861
861 862 834
834 835 862
862 863 835
835 836 863
863 864 836
836 837 864
864 865 837
837 838 865
865 866 838
838 839 866
866 867 839
839 840 867
867 868 840
840 841 868
868 869 841
841 842 869
869 870 842
842 843 870
870 871 843
843 844 871
871 872 844
844 845 872
872 873 845
845 846 873
847 848 874
874 875 848
848 849 875
875 876 849
849 850 876
876 877 850
850 851 877
877 878 851
851 852 878
878 879 852
852 853 879
879 880 853
853 854 880
880 881 854
854 855 881
881 882 855
855 856 882
882 883 856
856 857 883
883 884 857
857 858 884
884 885 858
858 859 885
885 886 859
859 860 886
886 887 860
860 861 887
887 888 861
861 862 888
888 889 862
862 863 889
889 890 863
863 864 890
890 891 864
864 865 891
891 892 865
865 866 892
892 893 866
866 867 893
893 894 867
867 868 894
894 895 868
868 869 895
895 896 869
869 870 896
896 897 870
870 871 897
897 898 871
871 872 898
898 899 872
872 873 899
874 875 900
900 901 875
875 876 901
901 902 876
876 877 902
902 903 877
877 878 903
903 904 878
878 879 904
904 905 879
879 880 905
905 906 880
880 881 906
906 907 881
881 882 907
907 908 882
882 883 908
908 909 883
883 884 909
909 910 884
884 885 910
910 911 885
885 886 911
911 912 886
886 887 912
912 913 887
887 888 913
913 914 888
888 889 914
914 915 889
889 890 915
915 916 890
890 891 916
916 917 891
891 892 917
917 918 892
892 893 918
918 919 893
893 894 919
919 920 894
894 895 920
920 921 895
895 896 921
921 922 896
896 897 922
922 923 897
897 898 923
923 924 898
898 899 924
900 901 925
925 926 901
901 902 926
926 927 902
902 903 927
927 928 903
903 904 928
928 929 904
904 905 929
929 930 905
905 906 930
930 931 906
906 907 931
931 932 907
907 908 932
932 933 908
908 909 933
933 934 909
909 910 934
934 935 910
910 911 935
935 936 911
911 912 936
936 937 912
912 913 937
937 938 913
913 914 938
938 939 914
914 915 939
939 940 915
915 916 940
940 941 916
916 917 941
941 942 917
917 918 942
942 943 918
918 919 943
943 944 919
919 920 944
944 945 920
920 921 945
945 946 921
921 922 946
946 947 922
922 923 947
947 948 923
923 924 948
925 926 949
949 950 926
926 927 950
950 951 927
927 928 951
951 952 928
928 929 952
952 953 929
929 930 953
953 954 930
930 931 954
954 955 931
931 932 955
955 956 932
932 933 956
956 957 933
933 934 957
957 958 934
934 935 958
958 959 935
935 936 959
959 960 936
936 937 960
960 961 937
937 938 961
961 962 938
938 939 962
962 963 939
939 940 963
963 964 940
940 941 964
964 965 941
941 942 965
965 966 942
942 943 966
966 967 943
943 944 967
967 968 944
944 945 968
968 969 945
945 946 969
969 970 946
946 947 970
970 971 947
947 948 971
949 950 972
972 973 950
950 951 973
973 974 951
951 952 974
974 975 952
952 953 975
975 976 953
953 954 976
976 977 954
954 955 977
977 978 955
955 956 978
978 979 956
956 957 979
979 980 957
957 958 980
980 981 958
958 959 981
981 982 959
959 960 982
982 983 960
960 961 983
983 984 961
961 962 984
984 985 962
962 963 985
985 986 963
963 964 986
986 987 964
964 965 987
987 988 965
965 966 988
988 989 966
966 967 989
989 990 967
967 968 990
990 991 968
968 969 991
991 992 969
969 970 992
992 993 970
970 971 993
972 973 994
994 995 973
973 974 995
995 996 974
974 975 996
996 997 975
975 976 997
997 998 976
976 977 998
998 999 977
977 978 999
999 1000 978
978 979 1000
1000 1001 979
979 980 1001
1001 1002 980
980 981 1002
1002 1003 981
981 982 1003
1003 1004 982
982 983 1004
1004 1005 983
983 984 1005
1005 1006 984
984 985 1006
1006 1007 985
985 986 1007
1007 1008 986
986 987 1008
1008 1009 987
987 988 1009
1009 1010 988
988 989 1010
1010 1011 989
989 990 1011
1011 1012 990
990 991 1012
1012 1013 991
991 992 1013
1013 1014 992
992 993 1014
994 995 1015
1015 1016 995
995 996 1016
1016 1017 996
996 997 1017
1017 1018 997
997 998 1018
1018 1019 998
998 999 1019
1019 1020 999
999 1000 1020
1020 1021 1000
1000 1001 1021
1021 1022 1001
1001 1002 1022
1022 1023 1002
1002 1003 1023
1023 1024 1003
1003 1004 1024
1024 1025 1004
1004 1005 1025
1025 1026 1005
1005 1006 1026
1026 1027 1006
1006 1007 1027
1027 1028 1007
1007 1008 1028
1028 1029 1008
1008 1009 1029
1029 1030 1009
1009 1010 1030
1030 1031 1010
1010 1011 1031
1031 1032 1011
1011 1012 1032
1032 1033 1012
1012 1013 1033
1033 1034 1013
1013 1014 1034
1015 1016 1035
1035 1036 1016
1016 1017 1036
1036 1037 1017
1017 1018 1037
1037 1038 1018
1018 1019 1038
1038 1039 1019
1019 1020 1039
1039 1040 1020
1020 1021 1040
1040 1041 1021
1021 1022 1041
1041 1042 1022
1022 1023 1042
1042 1043 1023
1023 1024 1043
1043 1044 1024
1024 1025 1044
1044 1045 1025
1025 1026 1045
1045 1046 1026
1026 1027 1046
1046 1047 1027
1027 1028 1047
1047 1048 1028
1028 1029 1048
1048 1049 1029
1029 1030 1049
1049 1050 1030
1030 1031 1050
1050 1051 1031
1031 1032 1051
1051 1052 1032
1032 1033 1052
1052 1053 1033
1033 1034 1053
1035 1036 1054
1054 1055 1036
1036 1037 1055
1055 1056 1037
1037 1038 1056
1056 1057 1038
1038 1039 1057
1057 1058 1039
1039 1040 1058
1058 1059 1040
1040 1041 1059
1059 1060 1041
1041 1042 1060
1060 1061 1042
1042 1043 1061
1061 1062 1043
1043 1044 1062
1062 1063 1044
1044 1045 1063
1063 1064 1045
1045 1046 1064
1064 1065 1046
1046 1047 1065
1065 1066 1047
1047 1048 1066
1066 1067 1048
1048 1049 1067
1067 1068 1049
1049 1050 1068
1068 1069 1050
1050 1051 1069
1069 1070 1051
1051 1052 1070
1070 1071 1052
1052 1053 1071
1054 1055 1072
1072 1073 1055
1055 1056 1073
1073 1074 1056
1056 1057 1074
1074 1075 1057
1057 1058 1075
1075 1076 1058
1058 1059 1076
1076 1077 1059
1059 1060 1077
1077 1078 1060
1060 1061 1078
1078 1079 1061
1061 1062 1079
1079 1080 1062
1062 1063 1080
1080 1081 1063
1063 1064 1081
1081 1082 1064
1064 1065 1082
1082 1083 1065
1065 1066 1083
1083 1084 1066
1066 1067 1084
1084 1085 1067
1067 1068 1085
1085 1086 1068
1068 1069 1086
1086 1087 1069
1069 1070 1087
1087 1088 1070
1070 1071 1088
1072 1073 1089
1089 1090 1073
1073 1074 1090
1090 1091 1074
1074 1075 1091
1091 1092 1075
1075 1076 1092
1092 1093 1076
1076 1077 1093
1093 1094 1077
1077 1078 1094
1094 1095 1078
1078 1079 1095
1095 1096 1079
1079 1080 1096
1096 1097 1080
1080 1081 1097
1097 1098 1081
1081 1082 1098
1098 1099 1082
1082 1083 1099
1099 1100 1083
1083 1084 1100
1100 1101 1084
1084 1085 1101
1101 1102 1085
1085 1086 1102
1102 1103 1086
1086 1087 1103
1103 1104 1087
1087 1088 1104
1089 1090 1105
1105 1106 1090
1090 1091 1106
1106 1107 1091
1091 1092 1107
1107 1108 1092
1092 1093 1108
1108 1109 1093
1093 1094 1109
1109 1110 1094
1094 1095 1110
1110 1111 1095
1095 1096 1111
1111 1112 1096
1096 1097 1112
1112 1113 1097
1097 1098 1113
1113 1114 1098
1098 1099 1114
1114 1115 1099
1099 1100 1115
1115 1116 1100
1100 1101 1116
1116 1117 1101
1101 1102 1117
1117 1118 1102
1102 1103 1118
1118 1119 1103
1103 1104 1119
1105 1106 1120
1120 1121 1106
1106 1107 1121
1121 1122 1107
1107 1108 1122
1122 1123 1108
1108 1109 1123
1123 1124 1109
1109 1110 1124
1124 1125 1110
1110 1111 1125
1125 1126 1111
1111 1112 1126
1126 1127 1112
1112 1113 1127
1127 1128 1113
1113 1114 1128
1128 1129 1114
1114 1115 1129
1129 1130 1115
1115 1116 1130
1130 1131 1116
1116 1117 1131
1131 1132 1117
1117 1118 1132
1132 1133 1118
1118 1119 1133
1120 1121 1134
1134 1135 1121
1121 1122 1135
1135 1136 1122
1122 1123 1136
1136 1137 1123
1123 1124 1137
1137 1138 1124
1124 1125 1138
1138 1139 1125
1125 1126 1139
1139 1140 1126
1126 1127 1140
1140 1141 1127
1127 1128 1141
1141 1142 1128
1128 1129 1142
1142 1143 1129
1129 1130 1143
1143 1144 1130
1130 1131 1144
1144 1145 1131
1131 1132 1145
1145 1146 1132
1132 1133 1146
1134 1135 1147
1147 1148 1135
1135 1136 1148
1148 1149 1136
1136 1137 1149
1149 1150 1137
1137 1138 1150
1150 1151 1138
1138 1139 1151
1151 1152 1139
1139 1140 1152
1152 1153 1140
1140 1141 1153
1153 1154 1141
1141 1142 1154
1154 1155 1142
1142 1143 1155
1155 1156 1143
1143 1144 1156
1156 1157 1144
1144 1145 1157
1157 1158 1145
1145 1146 1158
1147 1148 1159
1159 1160 1148
1148 1149 1160
1160 1161 1149
1149 1150 1161
1161 1162 1150
1150 1151 1162
1162 1163 1151
1151 1152 1163
1163 1164 1152
1152 1153 1164
1164 1165 1153
1153 1154 1165
1165 1166 1154
1154 1155 1166
1166 1167 1155
1155 1156 1167
1167 1168 1156
1156 1157 1168
1168 1169 1157
1157 1158 1169
1159 1160 1170
1170 1171 1160
1160 1161 1171
1171 1172 1161
1161 1162 1172
1172 1173 1162
1162 1163 1173
1173 1174 1163
1163 1164 1174
1174 1175 1164
1164 1165 1175
1175 1176 1165
1165 1166 1176
1176 1177 1166
1166 1167 1177
1177 1178 1167
1167 1168 1178
1178 1179 1168
1168 1169 1179
1170 1171 1180
1180 1181 1171
1171 1172 1181
1181 1182 1172
1172 1173 1182
1182 1183 1173
1173 1174 1183
1183 1184 1174
1174 1175 1184
1184 1185 1175
1175 1176 1185
1185 1186 1176
1176 1177 1186
1186 1187 1177
1177 1178 1187
1187 1188 1178
1178 1179 1188
1180 1181 1189
1189 1190 1181
1181 1182 1190
1190 1191 1182
1182 1183 1191
1191 1192 1183
1183 1184 1192
1192 1193 1184
1184 1185 1193
1193 1194 1185
1185 1186 1194
1194 1195 1186
1186 1187 1195
1195 1196 1187
1187 1188 1196
1189 1190 1197
1197 1198 1190
1190 1191 1198
1198 1199 1191
1191 1192 1199
1199 1200 1192
1192 1193 1200
1200 1201 1193
1193 1194 1201
1201 1202 1194
1194 1195 1202
1202 1203 1195
1195 1196 1203
1197 1198 1204
1204 1205 1198
1198 1199 1205
1205 1206 1199
1199 1200 1206
1206 1207 1200
1200 1201 1207
1207 1208 1201
1201 1202 1208
1208 1209 1202
1202 1203 1209
1204 1205 1210
1210 1211 1205
1205 1206 1211
1211 1212 1206
1206 1207 1212
1212 1213 1207
1207 1208 1213
1213 1214 1208
1208 1209 1214
1210 1211 1215
1215 1216 1211
1211 1212 1216
1216 1217 1212
1212 1213 1217
1217 1218 1213
1213 1214 1218
1215 1216 1219
1219 1220 1216
1216 1217 1220
1220 1221 1217
1217 1218 1221
1219 1220 1222
1222 1223 1220
1220 1221 1223
1222 1223 1224
