0 1 25
25 26 1
1 2 26
26 27 2
2 3 27
27 28 3
3 4 28
28 29 4
4 5 29
29 30 5
5 6 30
30 31 6
6 7 31
31 32 7
7 8 32
32 33 8
8 9 33
33 34 9
9 10 34
34 35 10
10 11 35
35 36 11
11 12 36
36 37 12
12 13 37
37 38 13
13 14 38
38 39 14
14 15 39
39 40 15
15 16 40
40 41 16
16 17 41
41 42 17
17 18 42
42 43 18
18 19 43
43 44 19
19 20 44
44 45 20
20 21 45
45 46 21
21 22 46
46 47 22
22 23 47
47 48 23
23 24 48
25 26 49
49 50 26
26 27 50
50 51 27
27 28 51
51 52 28
28 29 52
52 53 29
29 30 53
53 54 30
30 31 54
54 55 31
31 32 55
55 56 32
32 33 56
56 57 33
33 34 57
57 58 34
34 35 58
58 59 35
35 36 59
59 60 36
36 37 60
60 61 37
37 38 61
61 62 38
38 39 62
62 63 39
39 40 63
63 64 40
40 41 64
64 65 41
41 42 65
65 66 42
42 43 66
66 67 43
43 44 67
67 68 44
44 45 68
68 69 45
45 46 69
69 70 46
46 47 70
70 71 47
47 48 71
49 50 72
72 73 50
50 51 73
73 74 51
51 52 74
74 75 52
52 53 75
75 76 53
53 54 76
76 77 54
54 55 77
77 78 55
55 56 78
78 79 56
56 57 79
79 80 57
57 58 80
80 81 58
58 59 81
81 82 59
59 60 82
82 83 60
60 61 83
83 84 61
61 62 84
84 85 62
62 63 85
85 86 63
63 64 86
86 87 64
64 65 87
87 88 65
65 66 88
88 89 66
66 67 89
89 90 67
67 68 90
90 91 68
68 69 91
91 92 69
69 70 92
92 93 70
70 71 93
72 73 94
94 95 73
73 74 95
95 96 74
74 75 96
96 97 75
75 76 97
97 98 76
76 77 98
98 99 77
77 78 99
99 100 78
78 79 100
100 101 79
79 80 101
101 102 80
80 81 102
102 103 81
81 82 103
103 104 82
82 83 104
104 105 83
83 84 105
105 106 84
84 85 106
106 107 85
85 86 107
107 108 86
86 87 108
108 109 87
87 88 109
109 110 88
88 89 110
110 111 89
89 90 111
111 112 90
90 91 112
112 113 91
91 92 113
113 114 92
92 93 114
94 95 115
115 116 95
95 96 116
116 117 96
96 97 117
117 118 97
97 98 118
118 119 98
98 99 119
119 120 99
99 100 120
120 121 100
100 101 121
121 122 101
101 102 122
122 123 102
102 103 123
123 124 103
103 104 124
124 125 104
104 105 125
125 126 105
105 106 126
126 127 106
106 107 127
127 128 107
107 108 128
128 129 108
108 109 129
129 130 109
109 110 130
130 131 110
110 111 131
131 132 111
111 112 132
132 133 112
112 113 133
133 134 113
113 114 134
115 116 135
135 136 116
116 117 136
136 137 117
117 118 137
137 138 118
118 119 138
138 139 119
119 120 139
139 140 120
120 121 140
140 141 121
121 122 141
141 142 122
122 123 142
142 143 123
123 124 143
143 144 124
124 125 144
144 145 125
125 126 145
145 146 126
126 127 146
146 147 127
127 128 147
147 148 128
128 129 148
148 149 129
129 130 149
149 150 130
130 131 150
150 151 131
131 132 151
151 152 132
132 133 152
152 153 133
133 134 153
135 136 154
154 155 136
136 137 155
155 156 137
137 138 156
156 157 138
138 139 157
157 158 139
139 140 158
158 159 140
140 141 159
159 160 141
141 142 160
160 161 142
142 143 161
161 162 143
143 144 162
162 163 144
144 145 163
163 164 145
145 146 164
164 165 146
146 147 165
165 166 147
147 148 166
166 167 148
148 149 167
167 168 149
149 150 168
168 169 150
150 151 169
169 170 151
151 152 170
170 171 152
152 153 171
154 155 172
172 173 155
155 156 173
173 174 156
156 157 174
174 175 157
157 158 175
175 176 158
158 159 176
176 177 159
159 160 177
177 178 160
160 161 178
178 179 161
161 162 179
179 180 162
162 163 180
180 181 163
163 164 181
181 182 164
164 165 182
182 183 165
165 166 183
183 184 166
166 167 184
184 185 167
167 168 185
185 186 168
168 169 186
186 187 169
169 170 187
187 188 170
170 171 188
172 173 189
189 190 173
173 174 190
190 191 174
174 175 191
191 192 175
175 176 192
192 193 176
176 177 193
193 194 177
177 178 194
194 195 178
178 179 195
195 196 179
179 180 196
196 197 180
180 181 197
197 198 181
181 182 198
198 199 182
182 183 199
199 200 183
183 184 200
200 201 184
184 185 201
201 202 185
185 186 202
202 203 186
186 187 203
203 204 187
187 188 204
189 190 205
205 206 190
190 191 206
206 207 191
191 192 207
207 208 192
192 193 208
208 209 193
193 194 209
209 210 194
194 195 210
210 211 195
195 196 211
211 212 196
196 197 212
212 213 197
197 198 213
213 214 198
198 199 214
214 215 199
199 200 215
215 216 200
200 201 216
216 217 201
201 202 217
217 218 202
202 203 218
218 219 203
203 204 219
205 206 220
220 221 206
206 207 221
221 222 207
207 208 222
222 223 208
208 209 223
223 224 209
209 210 224
224 225 210
210 211 225
225 226 211
211 212 226
226 227 212
212 213 227
227 228 213
213 214 228
228 229 214
214 215 229
229 230 215
215 216 230
230 231 216
216 217 231
231 232 217
217 218 232
232 233 218
218 219 233
220 221 234
234 235 221
221 222 235
235 236 222
222 223 236
236 237 223
223 224 237
237 238 224
224 225 238
238 239 225
225 226 239
239 240 226
226 227 240
240 241 227
227 228 241
241 242 228
228 229 242
242 243 229
229 230 243
243 244 230
230 231 244
244 245 231
231 232 245
245 246 232
232 233 246
234 235 247
247 248 235
235 236 248
248 249 236
236 237 249
249 250 237
237 238 250
250 251 238
238 239 251
251 252 239
239 240 252
252 253 240
240 241 253
253 254 241
241 242 254
254 255 242
242 243 255
255 256 243
243 244 256
256 257 244
244 245 257
257 258 245
245 246 258
247 248 259
259 260 248
248 249 260
260 261 249
249 250 261
261 262 250
250 251 262
262 263 251
251 252 263
263 264 252
252 253 264
264 265 253
253 254 265
265 266 254
254 255 266
266 267 255
255 256 267
267 268 256
256 257 268
268 269 257
257 258 269
259 260 270
270 271 260
260 261 271
271 272 261
261 262 272
272 273 262
262 263 273
273 274 263
263 264 274
274 275 264
264 265 275
275 276 265
265 266 276
276 277 266
266 267 277
277 278 267
267 268 278
278 279 268
268 269 279
270 271 280
280 281 271
271 272 281
281 282 272
272 273 282
282 283 273
273 274 283
283 284 274
274 275 284
284 285 275
275 276 285
285 286 276
276 277 286
286 287 277
277 278 287
287 288 278
278 279 288
280 281 289
289 290 281
281 282 290
290 291 282
282 283 291
291 292 283
283 284 292
292 293 284
284 285 293
293 294 285
285 286 294
294 295 286
286 287 295
295 296 287
287 288 296
289 290 297
297 298 290
290 291 298
298 299 291
291 292 299
299 300 292
292 293 300
300 301 293
293 294 301
301 302 294
294 295 302
302 303 295
295 296 303
297 298 304
304 305 298
298 299 305
305 306 299
299 300 306
306 307 300
300 301 307
307 308 301
301 302 308
308 309 302
302 303 309
304 305 310
310 311 305
305 306 311
311 312 306
306 307 312
312 313 307
307 308 313
313 314 308
308 309 314
310 311 315
315 316 311
311 312 316
316 317 312
312 313 317
317 318 313
313 314 318
315 316 319
319 320 316
316 317 320
320 321 317
317 318 321
319 320 322
322 323 320
320 321 323
322 323 324
