0 1 53
53 54 1
1 2 54
54 55 2
2 3 55
55 56 3
3 4 56
56 57 4
4 5 57
57 58 5
5 6 58
58 59 6
6 7 59
59 60 7
7 8 60
60 61 8
8 9 61
61 62 9
9 10 62
62 63 10
10 11 63
63 64 11
11 12 64
64 65 12
12 13 65
65 66 13
13 14 66
66 67 14
14 15 67
67 68 15
15 16 68
68 69 16
16 17 69
69 70 17
17 18 70
70 71 18
18 19 71
71 72 19
19 20 72
72 73 20
20 21 73
73 74 21
21 22 74
74 75 22
22 23 75
75 76 23
23 24 76
76 77 24
24 25 77
77 78 25
25 26 78
78 79 26
26 27 79
79 80 27
27 28 80
80 81 28
28 29 81
81 82 29
29 30 82
82 83 30
30 31 83
83 84 31
31 32 84
84 85 32
32 33 85
85 86 33
33 34 86
86 87 34
34 35 87
87 88 35
35 36 88
88 89 36
36 37 89
89 90 37
37 38 90
90 91 38
38 39 91
91 92 39
39 40 92
92 93 40
40 41 93
93 94 41
41 42 94
94 95 42
42 43 95
95 96 43
43 44 96
96 97 44
44 45 97
97 98 45
45 46 98
98 99 46
46 47 99
99 100 47
47 48 100
100 101 48
48 49 101
101 102 49
49 50 102
102 103 50
50 51 103
103 104 51
51 52 104
53 54 105
105 106 54
54 55 106
106 107 55
55 56 107
107 108 56
56 57 108
108 109 57
57 58 109
109 110 58
58 59 110
110 111 59
59 60 111
111 112 60
60 61 112
112 113 61
61 62 113
113 114 62
62 63 114
114 115 63
63 64 115
115 116 64
64 65 116
116 117 65
65 66 117
117 118 66
66 67 118
118 119 67
67 68 119
119 120 68
68 69 120
120 121 69
69 70 121
121 122 70
70 71 122
122 123 71
71 72 123
123 124 72
72 73 124
124 125 73
73 74 125
125 126 74
74 75 126
126 127 75
75 76 127
127 128 76
76 77 128
128 129 77
77 78 129
129 130 78
78 79 130
130 131 79
79 80 131
131 132 80
80 81 132
132 133 81
81 82 133
133 134 82
82 83 134
134 135 83
83 84 135
135 136 84
84 85 136
136 137 85
85 86 137
137 138 86
86 87 138
138 139 87
87 88 139
139 140 88
88 89 140
140 141 89
89 90 141
141 142 90
90 91 142
142 143 91
91 92 143
143 144 92
92 93 144
144 145 93
93 94 145
145 146 94
94 95 146
146 147 95
95 96 147
147 148 96
96 97 148
148 149 97
97 98 149
149 150 98
98 99 150
150 151 99
99 100 151
151 152 100
100 101 152
152 153 101
101 102 153
153 154 102
102 103 154
154 155 103
103 104 155
105 106 156
156 157 106
106 107 157
157 158 107
107 108 158
158 159 108
108 109 159
159 160 109
109 110 160
160 161 110
110 111 161
161 162 111
111 112 162
162 163 112
112 113 163
163 164 113
113 114 164
164 165 114
114 115 165
165 166 115
115 116 166
166 167 116
116 117 167
167 168 117
117 118 168
168 169 118
118 119 169
169 170 119
119 120 170
170 171 120
120 121 171
171 172 121
121 122 172
172 173 122
122 123 173
173 174 123
123 124 174
174 175 124
124 125 175
175 176 125
125 126 176
176 177 126
126 127 177
177 178 127
127 128 178
178 179 128
128 129 179
179 180 129
129 130 180
180 181 130
130 131 181
181 182 131
131 132 182
182 183 132
132 133 183
183 184 133
133 134 184
184 185 134
134 135 185
185 186 135
135 136 186
186 187 136
136 137 187
187 188 137
137 138 188
188 189 138
138 139 189
189 190 139
139 140 190
190 191 140
140 141 191
191 192 141
141 142 192
192 193 142
142 143 193
193 194 143
143 144 194
194 195 144
144 145 195
195 196 145
145 146 196
196 197 146
146 147 197
197 198 147
147 148 198
198 199 148
148 149 199
199 200 149
149 150 200
200 201 150
150 151 201
201 202 151
151 152 202
202 203 152
152 153 203
203 204 153
153 154 204
204 205 154
154 155 205
156 157 206
206 207 157
157 158 207
207 208 158
158 159 208
208 209 159
159 160 209
209 210 160
160 161 210
210 211 161
161 162 211
211 212 162
162 163 212
212 213 163
163 164 213
213 214 164
164 165 214
214 215 165
165 166 215
215 216 166
166 167 216
216 217 167
167 168 217
217 218 168
168 169 218
218 219 169
169 170 219
219 220 170
170 171 220
220 221 171
171 172 221
221 222 172
172 173 222
222 223 173
173 174 223
223 224 174
174 175 224
224 225 175
175 176 225
225 226 176
176 177 226
226 227 177
177 178 227
227 228 178
178 179 228
228 229 179
179 180 229
229 230 180
180 181 230
230 231 181
181 182 231
231 232 182
182 183 232
232 233 183
183 184 233
233 234 184
184 185 234
234 235 185
185 186 235
235 236 186
186 187 236
236 237 187
187 188 237
237 238 188
188 189 238
238 239 189
189 190 239
239 240 190
190 191 240
240 241 191
191 192 241
241 242 192
192 193 242
242 243 193
193 194 243
243 244 194
194 195 244
244 245 195
195 196 245
245 246 196
196 197 246
246 247 197
197 198 247
247 248 198
198 199 248
248 249 199
199 200 249
249 250 200
200 201 250
250 251 201
201 202 251
251 252 202
202 203 252
252 253 203
203 204 253
253 254 204
204 205 254
206 207 255
255 256 207
207 208 256
256 257 208
208 209 257
257 258 209
209 210 258
258 259 210
210 211 259
259 260 211
211 212 260
260 261 212
212 213 261
261 262 213
213 214 262
262 263 214
214 215 263
263 264 215
215 216 264
264 265 216
216 217 265
265 266 217
217 218 266
266 267 218
218 219 267
267 268 219
219 220 268
268 269 220
220 221 269
269 270 221
221 222 270
270 271 222
222 223 271
271 272 223
223 224 272
272 273 224
224 225 273
273 274 225
225 226 274
274 275 226
226 227 275
275 276 227
227 228 276
276 277 228
228 229 277
277 278 229
229 230 278
278 279 230
230 231 279
279 280 231
231 232 280
280 281 232
232 233 281
281 282 233
233 234 282
282 283 234
234 235 283
283 284 235
235 236 284
284 285 236
236 237 285
285 286 237
237 238 286
286 287 238
238 239 287
287 288 239
239 240 288
288 289 240
240 241 289
289 290 241
241 242 290
290 291 242
242 243 291
291 292 243
243 244 292
292 293 244
244 245 293
293 294 245
245 246 294
294 295 246
246 247 295
295 296 247
247 248 296
296 297 248
248 249 297
297 298 249
249 250 298
298 299 250
250 251 299
299 300 251
251 252 300
300 301 252
252 253 301
301 302 253
253 254 302
255 256 303
303 304 256
256 257 304
304 305 257
257 258 305
305 306 258
258 259 306
306 307 259
259 260 307
307 308 260
260 261 308
308 309 261
261 262 309
309 310 262
262 263 310
310 311 263
263 264 311
311 312 264
264 265 312
312 313 265
265 266 313
313 314 266
266 267 314
314 315 267
267 268 315
315 316 268
268 269 316
316 317 269
269 270 317
317 318 270
270 271 318
318 319 271
271 272 319
319 320 272
272 273 320
320 321 273
273 274 321
321 322 274
274 275 322
322 323 275
275 276 323
323 324 276
276 277 324
324 325 277
277 278 325
325 326 278
278 279 326
326 327 279
279 280 327
327 328 280
280 281 328
328 329 281
281 282 329
329 330 282
282 283 330
330 331 283
283 284 331
331 332 284
284 285 332
332 333 285
285 286 333
333 334 286
286 287 334
334 335 287
287 288 335
335 336 288
288 289 336
336 337 289
289 290 337
337 338 290
290 291 338
338 339 291
291 292 339
339 340 292
292 293 340
340 341 293
293 294 341
341 342 294
294 295 342
342 343 295
295 296 343
343 344 296
296 297 344
344 345 297
297 298 345
345 346 298
298 299 346
346 347 299
299 300 347
347 348 300
300 301 348
348 349 301
301 302 349
303 304 350
350 351 304
304 305 351
351 352 305
305 306 352
352 353 306
306 307 353
353 354 307
307 308 354
354 355 308
308 309 355
355 356 309
309 310 356
356 357 310
310 311 357
357 358 311
311 312 358
358 359 312
312 313 359
359 360 313
313 314 360
360 361 314
314 315 361
361 362 315
315 316 362
362 363 316
316 317 363
363 364 317
317 318 364
364 365 318
318 319 365
365 366 319
319 320 366
366 367 320
320 321 367
367 368 321
321 322 368
368 369 322
322 323 369
369 370 323
323 324 370
370 371 324
324 325 371
371 372 325
325 326 372
372 373 326
326 327 373
373 374 327
327 328 374
374 375 328
328 329 375
375 376 329
329 330 376
376 377 330
330 331 377
377 378 331
331 332 378
378 379 332
332 333 379
379 380 333
333 334 380
380 381 334
334 335 381
381 382 335
335 336 382
382 383 336
336 337 383
383 384 337
337 338 384
384 385 338
338 339 385
385 386 339
339 340 386
386 387 340
340 341 387
387 388 341
341 342 388
388 389 342
342 343 389
389 390 343
343 344 390
390 391 344
344 345 391
391 392 345
345 346 392
392 393 346
346 347 393
393 394 347
347 348 394
394 395 348
348 349 395
350 351 396
396 397 351
351 352 397
397 398 352
352 353 398
398 399 353
353 354 399
399 400 354
354 355 400
400 401 355
355 356 401
401 402 356
356 357 402
402 403 357
357 358 403
403 404 358
358 359 404
404 405 359
359 360 405
405 406 360
360 361 406
406 407 361
361 362 407
407 408 362
362 363 408
408 409 363
363 364 409
409 410 364
364 365 410
410 411 365
365 366 411
411 412 366
366 367 412
412 413 367
367 368 413
413 414 368
368 369 414
414 415 369
369 370 415
415 416 370
370 371 416
416 417 371
371 372 417
417 418 372
372 373 418
418 419 373
373 374 419
419 420 374
374 375 420
420 421 375
375 376 421
421 422 376
376 377 422
422 423 377
377 378 423
423 424 378
378 379 424
424 425 379
379 380 425
425 426 380
380 381 426
426 427 381
381 382 427
427 428 382
382 383 428
428 429 383
383 384 429
429 430 384
384 385 430
430 431 385
385 386 431
431 432 386
386 387 432
432 433 387
387 388 433
433 434 388
388 389 434
434 435 389
389 390 435
435 436 390
390 391 436
436 437 391
391 392 437
437 438 392
392 393 438
438 439 393
393 394 439
439 440 394
394 395 440
396 397 441
441 442 397
397 398 442
442 443 398
398 399 443
443 444 399
399 400 444
444 445 400
400 401 445
445 446 401
401 402 446
446 447 402
402 403 447
447 448 403
403 404 448
448 449 404
404 405 449
449 450 405
405 406 450
450 451 406
406 407 451
451 452 407
407 408 452
452 453 408
408 409 453
453 454 409
409 410 454
454 455 410
410 411 455
455 456 411
411 412 456
456 457 412
412 413 457
457 458 413
413 414 458
458 459 414
414 415 459
459 460 415
415 416 460
460 461 416
416 417 461
461 462 417
417 418 462
462 463 418
418 419 463
463 464 419
419 420 464
464 465 420
420 421 465
465 466 421
421 422 466
466 467 422
422 423 467
467 468 423
423 424 468
468 469 424
424 425 469
469 470 425
425 426 470
470 471 426
426 427 471
471 472 427
427 428 472
472 473 428
428 429 473
473 474 429
429 430 474
474 475 430
430 431 475
475 476 431
431 432 476
476 477 432
432 433 477
477 478 433
433 434 478
478 479 434
434 435 479
479 480 435
435 436 480
480 481 436
436 437 481
481 482 437
437 438 482
482 483 438
438 439 483
483 484 439
439 440 484
441 442 485
485 486 442
442 443 486
486 487 443
443 444 487
487 488 444
444 445 488
488 489 445
445 446 489
489 490 446
446 447 490
490 491 447
447 448 491
491 492 448
448 449 492
492 493 449
449 450 493
493 494 450
450 451 494
494 495 451
451 452 495
495 496 452
452 453 496
496 497 453
453 454 497
497 498 454
454 455 498
498 499 455
455 456 499
499 500 456
456 457 500
500 501 457
457 458 501
501 502 458
458 459 502
502 503 459
459 460 503
503 504 460
460 461 504
504 505 461
461 462 505
505 506 462
462 463 506
506 507 463
463 464 507
507 508 464
464 465 508
508 509 465
465 466 509
509 510 466
466 467 510
510 511 467
467 468 511
511 512 468
468 469 512
512 513 469
469 470 513
513 514 470
470 471 514
514 515 471
471 472 515
515 516 472
472 473 516
516 517 473
473 474 517
517 518 474
474 475 518
518 519 475
475 476 519
519 520 476
476 477 520
520 521 477
477 478 521
521 522 478
478 479 522
522 523 479
479 480 523
523 524 480
480 481 524
524 525 481
481 482 525
525 526 482
482 483 526
526 527 483
483 484 527
485 486 528
528 529 486
486 487 529
529 530 487
487 488 530
530 531 488
488 489 531
531 532 489
489 490 532
532 533 490
490 491 533
533 534 491
491 492 534
534 535 492
492 493 535
535 536 493
493 494 536
536 537 494
494 495 537
537 538 495
495 496 538
538 539 496
496 497 539
539 540 497
497 498 540
540 541 498
498 499 541
541 542 499
499 500 542
542 543 500
500 501 543
543 544 501
501 502 544
544 545 502
502 503 545
545 546 503
503 504 546
546 547 504
504 505 547
547 548 505
505 506 548
548 549 506
506 507 549
549 550 507
507 508 550
550 551 508
508 509 551
551 552 509
509 510 552
552 553 510
510 511 553
553 554 511
511 512 554
554 555 512
512 513 555
555 556 513
513 514 556
556 557 514
514 515 557
557 558 515
515 516 558
558 559 516
516 517 559
559 560 517
517 518 560
560 561 518
518 519 561
561 562 519
519 520 562
562 563 520
520 521 563
563 564 521
521 522 564
564 565 522
522 523 565
565 566 523
523 524 566
566 567 524
524 525 567
567 568 525
525 526 568
568 569 526
526 527 569
528 529 570
570 571 529
529 530 571
571 572 530
530 531 572
572 573 531
531 532 573
573 574 532
532 533 574
574 575 533
533 534 575
575 576 534
534 535 576
576 577 535
535 536 577
577 578 536
536 537 578
578 579 537
537 538 579
579 580 538
538 539 580
580 581 539
539 540 581
581 582 540
540 541 582
582 583 541
541 542 583
583 584 542
542 543 584
584 585 543
543 544 585
585 586 544
544 545 586
586 587 545
545 546 587
587 588 546
546 547 588
588 589 547
547 548 589
589 590 548
548 549 590
590 591 549
549 550 591
591 592 550
550 551 592
592 593 551
551 552 593
593 594 552
552 553 594
594 595 553
553 554 595
595 596 554
554 555 596
596 597 555
555 556 597
597 598 556
556 557 598
598 599 557
557 558 599
599 600 558
558 559 600
600 601 559
559 560 601
601 602 560
560 561 602
602 603 561
561 562 603
603 604 562
562 563 604
604 605 563
563 564 605
605 606 564
564 565 606
606 607 565
565 566 607
607 608 566
566 567 608
608 609 567
567 568 609
609 610 568
568 569 610
570 571 611
611 612 571
571 572 612
612 613 572
572 573 613
613 614 573
573 574 614
614 615 574
574 575 615
615 616 575
575 576 616
616 617 576
576 577 617
617 618 577
577 578 618
618 619 578
578 579 619
619 620 579
579 580 620
620 621 580
580 581 621
621 622 581
581 582 622
622 623 582
582 583 623
623 624 583
583 584 624
624 625 584
584 585 625
625 626 585
585 586 626
626 627 586
586 587 627
627 628 587
587 588 628
628 629 588
588 589 629
629 630 589
589 590 630
630 631 590
590 591 631
631 632 591
591 592 632
632 633 592
592 593 633
633 634 593
593 594 634
634 635 594
594 595 635
635 636 595
595 596 636
636 637 596
596 597 637
637 638 597
597 598 638
638 639 598
598 599 639
639 640 599
599 600 640
640 641 600
600 601 641
641 642 601
601 602 642
642 643 602
602 603 643
643 644 603
603 604 644
644 645 604
604 605 645
645 646 605
605 606 646
646 647 606
606 607 647
647 648 607
607 608 648
648 649 608
608 609 649
649 650 609
609 610 650
611 612 651
651 652 612
612 613 652
652 653 613
613 614 653
653 654 614
614 615 654
654 655 615
615 616 655
655 656 616
616 617 656
656 657 617
617 618 657
657 658 618
618 619 658
658 659 619
619 620 659
659 660 620
620 621 660
660 661 621
621 622 661
661 662 622
622 623 662
662 663 623
623 624 663
663 664 624
624 625 664
664 665 625
625 626 665
665 666 626
626 627 666
666 667 627
627 628 667
667 668 628
628 629 668
668 669 629
629 630 669
669 670 630
630 631 670
670 671 631
631 632 671
671 672 632
632 633 672
672 673 633
633 634 673
673 674 634
634 635 674
674 675 635
635 636 675
675 676 636
636 637 676
676 677 637
637 638 677
677 678 638
638 639 678
678 679 639
639 640 679
679 680 640
640 641 680
680 681 641
641 642 681
681 682 642
642 643 682
682 683 643
643 644 683
683 684 644
644 645 684
684 685 645
645 646 685
685 686 646
646 647 686
686 687 647
647 648 687
687 688 648
648 649 688
688 689 649
649 650 689
651 652 690
690 691 652
652 653 691
691 692 653
653 654 692
692 693 654
654 655 693
693 694 655
655 656 694
694 695 656
656 657 695
695 696 657
657 658 696
696 697 658
658 659 697
697 698 659
659 660 698
698 699 660
660 661 699
699 700 661
661 662 700
700 701 662
662 663 701
701 702 663
663 664 702
702 703 664
664 665 703
703 704 665
665 666 704
704 705 666
666 667 705
705 706 667
667 668 706
706 707 668
668 669 707
707 708 669
669 670 708
708 709 670
670 671 709
709 710 671
671 672 710
710 711 672
672 673 711
711 712 673
673 674 712
712 713 674
674 675 713
713 714 675
675 676 714
714 715 676
676 677 715
715 716 677
677 678 716
716 717 678
678 679 717
717 718 679
679 680 718
718 719 680
680 681 719
719 720 681
681 682 720
720 721 682
682 683 721
721 722 683
683 684 722
722 723 684
684 685 723
723 724 685
685 686 724
724 725 686
686 687 725
725 726 687
687 688 726
726 727 688
688 689 727
690 691 728
728 729 691
691 692 729
729 730 692
692 693 730
730 731 693
693 694 731
731 732 694
694 695 732
732 733 695
695 696 733
733 734 696
696 697 734
734 735 697
697 698 735
735 736 698
698 699 736
736 737 699
699 700 737
737 738 700
700 701 738
738 739 701
701 702 739
739 740 702
702 703 740
740 741 703
703 704 741
741 742 704
704 705 742
742 743 705
705 706 743
743 744 706
706 707 744
744 745 707
707 708 745
745 746 708
708 709 746
746 747 709
709 710 747
747 748 710
710 711 748
748 749 711
711 712 749
749 750 712
712 713 750
750 751 713
713 714 751
751 752 714
714 715 752
752 753 715
715 716 753
753 754 716
716 717 754
754 755 717
717 718 755
755 756 718
718 719 756
756 757 719
719 720 757
757 758 720
720 721 758
758 759 721
721 722 759
759 760 722
722 723 760
760 761 723
723 724 761
761 762 724
724 725 762
762 763 725
725 726 763
763 764 726
726 727 764
728 729 765
765 766 729
729 730 766
766 767 730
730 731 767
767 768 731
731 732 768
768 769 732
732 733 769
769 770 733
733 734 770
770 771 734
734 735 771
771 772 735
735 736 772
772 773 736
736 737 773
773 774 737
737 738 774
774 775 738
738 739 775
775 776 739
739 740 776
776 777 740
740 741 777
777 778 741
741 742 778
778 779 742
742 743 779
779 780 743
743 744 780
780 781 744
744 745 781
781 782 745
745 746 782
782 783 746
746 747 783
783 784 747
747 748 784
784 785 748
748 749 785
785 786 749
749 750 786
786 787 750
750 751 787
787 788 751
751 752 788
788 789 752
752 753 789
789 790 753
753 754 790
790 791 754
754 755 791
791 792 755
755 756 792
792 793 756
756 757 793
793 794 757
757 758 794
794 795 758
758 759 795
795 796 759
759 760 796
796 797 760
760 761 797
797 798 761
761 762 798
798 799 762
762 763 799
799 800 763
763 764 800
765 766 801
801 802 766
766 767 802
802 803 767
767 768 803
803 804 768
768 769 804
804 805 769
769 770 805
805 806 770
770 771 806
806 807 771
771 772 807
807 808 772
772 773 808
808 809 773
773 774 809
809 810 774
774 775 810
810 811 775
775 776 811
811 812 776
776 777 812
812 813 777
777 778 813
813 814 778
778 779 814
814 815 779
779 780 815
815 816 780
780 781 816
816 817 781
781 782 817
817 818 782
782 783 818
818 819 783
783 784 819
819 820 784
784 785 820
820 821 785
785 786 821
821 822 786
786 787 822
822 823 787
787 788 823
823 824 788
788 789 824
824 825 789
789 790 825
825 826 790
790 791 826
826 827 791
791 792 827
827 828 792
792 793 828
828 829 793
793 794 829
829 830 794
794 795 830
830 831 795
795 796 831
831 832 796
796 797 832
832 833 797
797 798 833
833 834 798
798 799 834
834 835 799
799 800 835
801 802 836
836 837 802
802 803 837
837 838 803
803 804 838
838 839 804
804 805 839
839 840 805
805 806 840
840 841 806
806 807 841
841 842 807
807 808 842
842 843 808
808 809 843
843 844 809
809 810 844
844 845 810
810 811 845
845 846 811
811 812 846
846 847 812
812 813 847
847 848 813
813 814 848
848 849 814
814 815 849
849 850 815
815 816 850
850 851 816
816 817 851
851 852 817
817 818 852
852 853 818
818 819 853
853 854 819
819 820 854
854 855 820
820 821 855
855 856 821
821 822 856
856 857 822
822 823 857
857 858 823
823 824 858
858 859 824
824 825 859
859 860 825
825 826 860
860 861 826
826 827 861
861 862 827
827 828 862
862 863 828
828 829 863
863 864 829
829 830 864
864 865 830
830 831 865
865 866 831
831 832 866
866 867 832
832 833 867
867 868 833
833 834 868
868 869 834
834 835 869
836 837 870
870 871 837
837 838 871
871 872 838
838 839 872
872 873 839
839 840 873
873 874 840
840 841 874
874 875 841
841 842 875
875 876 842
842 843 876
876 877 843
843 844 877
877 878 844
844 845 878
878 879 845
845 846 879
879 880 846
846 847 880
880 881 847
847 848 881
881 882 848
848 849 882
882 883 849
849 850 883
883 884 850
850 851 884
884 885 851
851 852 885
885 886 852
852 853 886
886 887 853
853 854 887
887 888 854
854 855 888
888 889 855
855 856 889
889 890 856
856 857 890
890 891 857
857 858 891
891 892 858
858 859 892
892 893 859
859 860 893
893 894 860
860 861 894
894 895 861
861 862 895
895 896 862
862 863 896
896 897 863
863 864 897
897 898 864
864 865 898
898 899 865
865 866 899
899 900 866
866 867 900
900 901 867
867 868 901
901 902 868
868 869 902
870 871 903
903 904 871
871 872 904
904 905 872
872 873 905
905 906 873
873 874 906
906 907 874
874 875 907
907 908 875
875 876 908
908 909 876
876 877 909
909 910 877
877 878 910
910 911 878
878 879 911
911 912 879
879 880 912
912 913 880
880 881 913
913 914 881
881 882 914
914 915 882
882 883 915
915 916 883
883 884 916
916 917 884
884 885 917
917 918 885
885 886 918
918 919 886
886 887 919
919 920 887
887 888 920
920 921 888
888 889 921
921 922 889
889 890 922
922 923 890
890 891 923
923 924 891
891 892 924
924 925 892
892 893 925
925 926 893
893 894 926
926 927 894
894 895 927
927 928 895
895 896 928
928 929 896
896 897 929
929 930 897
897 898 930
930 931 898
898 899 931
931 932 899
899 900 932
932 933 900
900 901 933
933 934 901
901 902 934
903 904 935
935 936 904
904 905 936
936 937 905
905 906 937
937 938 906
906 907 938
938 939 907
907 908 939
939 940 908
908 909 940
940 941 909
909 910 941
941 942 910
910 911 942
942 943 911
911 912 943
943 944 912
912 913 944
944 945 913
913 914 945
945 946 914
914 915 946
946 947 915
915 916 947
947 948 916
916 917 948
948 949 917
917 918 949
949 950 918
918 919 950
950 951 919
919 920 951
951 952 920
920 921 952
952 953 921
921 922 953
953 954 922
922 923 954
954 955 923
923 924 955
955 956 924
924 925 956
956 957 925
925 926 957
957 958 926
926 927 958
958 959 927
927 928 959
959 960 928
928 929 960
960 961 929
929 930 961
961 962 930
930 931 962
962 963 931
931 932 963
963 964 932
932 933 964
964 965 933
933 934 965
935 936 966
966 967 936
936 937 967
967 968 937
937 938 968
968 969 938
938 939 969
969 970 939
939 940 970
970 971 940
940 941 971
971 972 941
941 942 972
972 973 942
942 943 973
973 974 943
943 944 974
974 975 944
944 945 975
975 976 945
945 946 976
976 977 946
946 947 977
977 978 947
947 948 978
978 979 948
948 949 979
979 980 949
949 950 980
980 981 950
950 951 981
981 982 951
951 952 982
982 983 952
952 953 983
983 984 953
953 954 984
984 985 954
954 955 985
985 986 955
955 956 986
986 987 956
956 957 987
987 988 957
957 958 988
988 989 958
958 959 989
989 990 959
959 960 990
990 991 960
960 961 991
991 992 961
961 962 992
992 993 962
962 963 993
993 994 963
963 964 994
994 995 964
964 965 995
966 967 996
996 997 967
967 968 997
997 998 968
968 969 998
998 999 969
969 970 999
999 1000 970
970 971 1000
1000 1001 971
971 972 1001
1001 1002 972
972 973 1002
1002 1003 973
973 974 1003
1003 1004 974
974 975 1004
1004 1005 975
975 976 1005
1005 1006 976
976 977 1006
1006 1007 977
977 978 1007
1007 1008 978
978 979 1008
1008 1009 979
979 980 1009
1009 1010 980
980 981 1010
1010 1011 981
981 982 1011
1011 1012 982
982 983 1012
1012 1013 983
983 984 1013
1013 1014 984
984 985 1014
1014 1015 985
985 986 1015
1015 1016 986
986 987 1016
1016 1017 987
987 988 1017
1017 1018 988
988 989 1018
1018 1019 989
989 990 1019
1019 1020 990
990 991 1020
1020 1021 991
991 992 1021
1021 1022 992
992 993 1022
1022 1023 993
993 994 1023
1023 1024 994
994 995 1024
996 997 1025
1025 1026 997
997 998 1026
1026 1027 998
998 999 1027
1027 1028 999
999 1000 1028
1028 1029 1000
1000 1001 1029
1029 1030 1001
1001 1002 1030
1030 1031 1002
1002 1003 1031
1031 1032 1003
1003 1004 1032
1032 1033 1004
1004 1005 1033
1033 1034 1005
1005 1006 1034
1034 1035 1006
1006 1007 1035
1035 1036 1007
1007 1008 1036
1036 1037 1008
1008 1009 1037
1037 1038 1009
1009 1010 1038
1038 1039 1010
1010 1011 1039
1039 1040 1011
1011 1012 1040
1040 1041 1012
1012 1013 1041
1041 1042 1013
1013 1014 1042
1042 1043 1014
1014 1015 1043
1043 1044 1015
1015 1016 1044
1044 1045 1016
1016 1017 1045
1045 1046 1017
1017 1018 1046
1046 1047 1018
1018 1019 1047
1047 1048 1019
1019 1020 1048
1048 1049 1020
1020 1021 1049
1049 1050 1021
1021 1022 1050
1050 1051 1022
1022 1023 1051
1051 1052 1023
1023 1024 1052
1025 1026 1053
1053 1054 1026
1026 1027 1054
1054 1055 1027
1027 1028 1055
1055 1056 1028
1028 1029 1056
1056 1057 1029
1029 1030 1057
1057 1058 1030
1030 1031 1058
1058 1059 1031
1031 1032 1059
1059 1060 1032
1032 1033 1060
1060 1061 1033
1033 1034 1061
1061 1062 1034
1034 1035 1062
1062 1063 1035
1035 1036 1063
1063 1064 1036
1036 1037 1064
1064 1065 1037
1037 1038 1065
1065 1066 1038
1038 1039 1066
1066 1067 1039
1039 1040 1067
1067 1068 1040
1040 1041 1068
1068 1069 1041
1041 1042 1069
1069 1070 1042
1042 1043 1070
1070 1071 1043
1043 1044 1071
1071 1072 1044
1044 1045 1072
1072 1073 1045
1045 1046 1073
1073 1074 1046
1046 1047 1074
1074 1075 1047
1047 1048 1075
1075 1076 1048
1048 1049 1076
1076 1077 1049
1049 1050 1077
1077 1078 1050
1050 1051 1078
1078 1079 1051
1051 1052 1079
1053 1054 1080
1080 1081 1054
1054 1055 1081
1081 1082 1055
1055 1056 1082
1082 1083 1056
1056 1057 1083
1083 1084 1057
1057 1058 1084
1084 1085 1058
1058 1059 1085
1085 1086 1059
1059 1060 1086
1086 1087 1060
1060 1061 1087
1087 1088 1061
1061 1062 1088
1088 1089 1062
1062 1063 1089
1089 1090 1063
1063 1064 1090
1090 1091 1064
1064 1065 1091
1091 1092 1065
1065 1066 1092
1092 1093 1066
1066 1067 1093
1093 1094 1067
1067 1068 1094
1094 1095 1068
1068 1069 1095
1095 1096 1069
1069 1070 1096
1096 1097 1070
1070 1071 1097
1097 1098 1071
1071 1072 1098
1098 1099 1072
1072 1073 1099
1099 1100 1073
1073 1074 1100
1100 1101 1074
1074 1075 1101
1101 1102 1075
1075 1076 1102
1102 1103 1076
1076 1077 1103
1103 1104 1077
1077 1078 1104
1104 1105 1078
1078 1079 1105
1080 1081 1106
1106 1107 1081
1081 1082 1107
1107 1108 1082
1082 1083 1108
1108 1109 1083
1083 1084 1109
1109 1110 1084
1084 1085 1110
1110 1111 1085
1085 1086 1111
1111 1112 1086
1086 1087 1112
1112 1113 1087
1087 1088 1113
1113 1114 1088
1088 1089 1114
1114 1115 1089
1089 1090 1115
1115 1116 1090
1090 1091 1116
1116 1117 1091
1091 1092 1117
1117 1118 1092
1092 1093 1118
1118 1119 1093
1093 1094 1119
1119 1120 1094
1094 1095 1120
1120 1121 1095
1095 1096 1121
1121 1122 1096
1096 1097 1122
1122 1123 1097
1097 1098 1123
1123 1124 1098
1098 1099 1124
1124 1125 1099
1099 1100 1125
1125 1126 1100
1100 1101 1126
1126 1127 1101
1101 1102 1127
1127 1128 1102
1102 1103 1128
1128 1129 1103
1103 1104 1129
1129 1130 1104
1104 1105 1130
1106 1107 1131
1131 1132 1107
1107 1108 1132
1132 1133 1108
1108 1109 1133
1133 1134 1109
1109 1110 1134
1134 1135 1110
1110 1111 1135
1135 1136 1111
1111 1112 1136
1136 1137 1112
1112 1113 1137
1137 1138 1113
1113 1114 1138
1138 1139 1114
1114 1115 1139
1139 1140 1115
1115 1116 1140
1140 1141 1116
1116 1117 1141
1141 1142 1117
1117 1118 1142
1142 1143 1118
1118 1119 1143
1143 1144 1119
1119 1120 1144
1144 1145 1120
1120 1121 1145
1145 1146 1121
1121 1122 1146
1146 1147 1122
1122 1123 1147
1147 1148 1123
1123 1124 1148
1148 1149 1124
1124 1125 1149
1149 1150 1125
1125 1126 1150
1150 1151 1126
1126 1127 1151
1151 1152 1127
1127 1128 1152
1152 1153 1128
1128 1129 1153
1153 1154 1129
1129 1130 1154
1131 1132 1155
1155 1156 1132
1132 1133 1156
1156 1157 1133
1133 1134 1157
1157 1158 1134
1134 1135 1158
1158 1159 1135
1135 1136 1159
1159 1160 1136
1136 1137 1160
1160 1161 1137
1137 1138 1161
1161 1162 1138
1138 1139 1162
1162 1163 1139
1139 1140 1163
1163 1164 1140
1140 1141 1164
1164 1165 1141
1141 1142 1165
1165 1166 1142
1142 1143 1166
1166 1167 1143
1143 1144 1167
1167 1168 1144
1144 1145 1168
1168 1169 1145
1145 1146 1169
1169 1170 1146
1146 1147 1170
1170 1171 1147
1147 1148 1171
1171 1172 1148
1148 1149 1172
1172 1173 1149
1149 1150 1173
1173 1174 1150
1150 1151 1174
1174 1175 1151
1151 1152 1175
1175 1176 1152
1152 1153 1176
1176 1177 1153
1153 1154 1177
1155 1156 1178
1178 1179 1156
1156 1157 1179
1179 1180 1157
1157 1158 1180
1180 1181 1158
1158 1159 1181
1181 1182 1159
1159 1160 1182
1182 1183 1160
1160 1161 1183
1183 1184 1161
1161 1162 1184
1184 1185 1162
1162 1163 1185
1185 1186 1163
1163 1164 1186
1186 1187 1164
1164 1165 1187
1187 1188 1165
1165 1166 1188
1188 1189 1166
1166 1167 1189
1189 1190 1167
1167 1168 1190
1190 1191 1168
1168 1169 1191
1191 1192 1169
1169 1170 1192
1192 1193 1170
1170 1171 1193
1193 1194 1171
1171 1172 1194
1194 1195 1172
1172 1173 1195
1195 1196 1173
1173 1174 1196
1196 1197 1174
1174 1175 1197
1197 1198 1175
1175 1176 1198
1198 1199 1176
1176 1177 1199
1178 1179 1200
1200 1201 1179
1179 1180 1201
1201 1202 1180
1180 1181 1202
1202 1203 1181
1181 1182 1203
1203 1204 1182
1182 1183 1204
1204 1205 1183
1183 1184 1205
1205 1206 1184
1184 1185 1206
1206 1207 1185
1185 1186 1207
1207 1208 1186
1186 1187 1208
1208 1209 1187
1187 1188 1209
1209 1210 1188
1188 1189 1210
1210 1211 1189
1189 1190 1211
1211 1212 1190
1190 1191 1212
1212 1213 1191
1191 1192 1213
1213 1214 1192
1192 1193 1214
1214 1215 1193
1193 1194 1215
1215 1216 1194
1194 1195 1216
1216 1217 1195
1195 1196 1217
1217 1218 1196
1196 1197 1218
1218 1219 1197
1197 1198 1219
1219 1220 1198
1198 1199 1220
1200 1201 1221
1221 1222 1201
1201 1202 1222
1222 1223 1202
1202 1203 1223
1223 1224 1203
1203 1204 1224
1224 1225 1204
1204 1205 1225
1225 1226 1205
1205 1206 1226
1226 1227 1206
1206 1207 1227
1227 1228 1207
1207 1208 1228
1228 1229 1208
1208 1209 1229
1229 1230 1209
1209 1210 1230
1230 1231 1210
1210 1211 1231
1231 1232 1211
1211 1212 1232
1232 1233 1212
1212 1213 1233
1233 1234 1213
1213 1214 1234
1234 1235 1214
1214 1215 1235
1235 1236 1215
1215 1216 1236
1236 1237 1216
1216 1217 1237
1237 1238 1217
1217 1218 1238
1238 1239 1218
1218 1219 1239
1239 1240 1219
1219 1220 1240
1221 1222 1241
1241 1242 1222
1222 1223 1242
1242 1243 1223
1223 1224 1243
1243 1244 1224
1224 1225 1244
1244 1245 1225
1225 1226 1245
1245 1246 1226
1226 1227 1246
1246 1247 1227
1227 1228 1247
1247 1248 1228
1228 1229 1248
1248 1249 1229
1229 1230 1249
1249 1250 1230
1230 1231 1250
1250 1251 1231
1231 1232 1251
1251 1252 1232
1232 1233 1252
1252 1253 1233
1233 1234 1253
1253 1254 1234
1234 1235 1254
1254 1255 1235
1235 1236 1255
1255 1256 1236
1236 1237 1256
1256 1257 1237
1237 1238 1257
1257 1258 1238
1238 1239 1258
1258 1259 1239
1239 1240 1259
1241 1242 1260
1260 1261 1242
1242 1243 1261
1261 1262 1243
1243 1244 1262
1262 1263 1244
1244 1245 1263
1263 1264 1245
1245 1246 1264
1264 1265 1246
1246 1247 1265
1265 1266 1247
1247 1248 1266
1266 1267 1248
1248 1249 1267
1267 1268 1249
1249 1250 1268
1268 1269 1250
1250 1251 1269
1269 1270 1251
1251 1252 1270
1270 1271 1252
1252 1253 1271
1271 1272 1253
1253 1254 1272
1272 1273 1254
1254 1255 1273
1273 1274 1255
1255 1256 1274
1274 1275 1256
1256 1257 1275
1275 1276 1257
1257 1258 1276
1276 1277 1258
1258 1259 1277
1260 1261 1278
1278 1279 1261
1261 1262 1279
1279 1280 1262
1262 1263 1280
1280 1281 1263
1263 1264 1281
1281 1282 1264
1264 1265 1282
1282 1283 1265
1265 1266 1283
1283 1284 1266
1266 1267 1284
1284 1285 1267
1267 1268 1285
1285 1286 1268
1268 1269 1286
1286 1287 1269
1269 1270 1287
1287 1288 1270
1270 1271 1288
1288 1289 1271
1271 1272 1289
1289 1290 1272
1272 1273 1290
1290 1291 1273
1273 1274 1291
1291 1292 1274
1274 1275 1292
1292 1293 1275
1275 1276 1293
1293 1294 1276
1276 1277 1294
1278 1279 1295
1295 1296 1279
1279 1280 1296
1296 1297 1280
1280 1281 1297
1297 1298 1281
1281 1282 1298
1298 1299 1282
1282 1283 1299
1299 1300 1283
1283 1284 1300
1300 1301 1284
1284 1285 1301
1301 1302 1285
1285 1286 1302
1302 1303 1286
1286 1287 1303
1303 1304 1287
1287 1288 1304
1304 1305 1288
1288 1289 1305
1305 1306 1289
1289 1290 1306
1306 1307 1290
1290 1291 1307
1307 1308 1291
1291 1292 1308
1308 1309 1292
1292 1293 1309
1309 1310 1293
1293 1294 1310
1295 1296 1311
1311 1312 1296
1296 1297 1312
1312 1313 1297
1297 1298 1313
1313 1314 1298
1298 1299 1314
1314 1315 1299
1299 1300 1315
1315 1316 1300
1300 1301 1316
1316 1317 1301
1301 1302 1317
1317 1318 1302
1302 1303 1318
1318 1319 1303
1303 1304 1319
1319 1320 1304
1304 1305 1320
1320 1321 1305
1305 1306 1321
1321 1322 1306
1306 1307 1322
1322 1323 1307
1307 1308 1323
1323 1324 1308
1308 1309 1324
1324 1325 1309
1309 1310 1325
1311 1312 1326
1326 1327 1312
1312 1313 1327
1327 1328 1313
1313 1314 1328
1328 1329 1314
1314 1315 1329
1329 1330 1315
1315 1316 1330
1330 1331 1316
1316 1317 1331
1331 1332 1317
1317 1318 1332
1332 1333 1318
1318 1319 1333
1333 1334 1319
1319 1320 1334
1334 1335 1320
1320 1321 1335
1335 1336 1321
1321 1322 1336
1336 1337 1322
1322 1323 1337
1337 1338 1323
1323 1324 1338
1338 1339 1324
1324 1325 1339
1326 1327 1340
1340 1341 1327
1327 1328 1341
1341 1342 1328
1328 1329 1342
1342 1343 1329
1329 1330 1343
1343 1344 1330
1330 1331 1344
1344 1345 1331
1331 1332 1345
1345 1346 1332
1332 1333 1346
1346 1347 1333
1333 1334 1347
1347 1348 1334
1334 1335 1348
1348 1349 1335
1335 1336 1349
1349 1350 1336
1336 1337 1350
1350 1351 1337
1337 1338 1351
1351 1352 1338
1338 1339 1352
1340 1341 1353
1353 1354 1341
1341 1342 1354
1354 1355 1342
1342 1343 1355
1355 1356 1343
1343 1344 1356
1356 1357 1344
1344 1345 1357
1357 1358 1345
1345 1346 1358
1358 1359 1346
1346 1347 1359
1359 1360 1347
1347 1348 1360
1360 1361 1348
1348 1349 1361
1361 1362 1349
1349 1350 1362
1362 1363 1350
1350 1351 1363
1363 1364 1351
1351 1352 1364
1353 1354 1365
1365 1366 1354
1354 1355 1366
1366 1367 1355
1355 1356 1367
1367 1368 1356
1356 1357 1368
1368 1369 1357
1357 1358 1369
1369 1370 1358
1358 1359 1370
1370 1371 1359
1359 1360 1371
1371 1372 1360
1360 1361 1372
1372 1373 1361
1361 1362 1373
1373 1374 1362
1362 1363 1374
1374 1375 1363
1363 1364 1375
1365 1366 1376
1376 1377 1366
1366 1367 1377
1377 1378 1367
1367 1368 1378
1378 1379 1368
1368 1369 1379
1379 1380 1369
1369 1370 1380
1380 1381 1370
1370 1371 1381
1381 1382 1371
1371 1372 1382
1382 1383 1372
1372 1373 1383
1383 1384 1373
1373 1374 1384
1384 1385 1374
1374 1375 1385
1376 1377 1386
1386 1387 1377
1377 1378 1387
1387 1388 1378
1378 1379 1388
1388 1389 1379
1379 1380 1389
1389 1390 1380
1380 1381 1390
1390 1391 1381
1381 1382 1391
1391 1392 1382
1382 1383 1392
1392 1393 1383
1383 1384 1393
1393 1394 1384
1384 1385 1394
1386 1387 1395
1395 1396 1387
1387 1388 1396
1396 1397 1388
1388 1389 1397
1397 1398 1389
1389 1390 1398
1398 1399 1390
1390 1391 1399
1399 1400 1391
1391 1392 1400
1400 1401 1392
1392 1393 1401
1401 1402 1393
1393 1394 1402
1395 1396 1403
1403 1404 1396
1396 1397 1404
1404 1405 1397
1397 1398 1405
1405 1406 1398
1398 1399 1406
1406 1407 1399
1399 1400 1407
1407 1408 1400
1400 1401 1408
1408 1409 1401
1401 1402 1409
1403 1404 1410
1410 1411 1404
1404 1405 1411
1411 1412 1405
1405 1406 1412
1412 1413 1406
1406 1407 1413
1413 1414 1407
1407 1408 1414
1414 1415 1408
1408 1409 1415
1410 1411 1416
1416 1417 1411
1411 1412 1417
1417 1418 1412
1412 1413 1418
1418 1419 1413
1413 1414 1419
1419 1420 1414
1414 1415 1420
1416 1417 1421
1421 1422 1417
1417 1418 1422
1422 1423 1418
1418 1419 1423
1423 1424 1419
1419 1420 1424
1421 1422 1425
1425 1426 1422
1422 1423 1426
1426 1427 1423
1423 1424 1427
1425 1426 1428
1428 1429 1426
1426 1427 1429
1428 1429 1430
