0 1.0000000000000000 0.0000000000000000
1 0.9503808944273830 0.0496191055726149
2 0.9089030640358440 0.0910969359641601
3 0.8732905277913845 0.1267094722086112
4 0.8420928327201144 0.1579071672798840
5 0.8143080382403679 0.1856919617596333
6 0.7891930658989647 0.2108069341010383
7 0.7661701716640780 0.2338298283359209
8 0.7447895333252010 0.2552104666747985
9 0.7247140950818960 0.2752859049181023
10 0.7057079794889906 0.2942920205110102
11 0.6876251633391977 0.3123748366608047
12 0.6703932758409648 0.3296067241590394
13 0.6539938872150171 0.3460061127849825
14 0.6384343650990298 0.3615656349009696
15 0.6237238682977714 0.3762761317022266
16 0.6098505301923136 0.3901494698076857
17 0.5967734681115550 0.4032265318884459
18 0.5844197487646942 0.4155802512353050
19 0.5726955064938182 0.4273044935061828
20 0.5614946333702426 0.4385053666297583
21 0.5507118348090233 0.4492881651909795
22 0.5402469781520283 0.4597530218479710
23 0.5300120669861264 0.4699879330138705
24 0.5199317604788138 0.4800682395211873
25 0.5099448733216018 0.4900551266784008
26 0.5000000000000000 0.5000000000000000
27 0.9015165272763748 0.0492417363618110
28 0.8611354191764599 0.0900877666368213
29 0.8267641364847453 0.1249311599379070
30 0.7968625272286051 0.1553122759054838
31 0.7704019848279930 0.1823109873911757
32 0.7466393249803899 0.2067336388629879
33 0.7249895368823083 0.2291896467353216
34 0.7049730556325571 0.2501222129338924
35 0.6862047298088194 0.2698296635704267
36 0.6683929647881575 0.2884847779134577
37 0.6513421922484973 0.3061598013411775
38 0.6349456403727938 0.3228542225646849
39 0.6191746623918366 0.3385348169793053
40 0.6040469283612443 0.3531690923901696
41 0.5896045510212542 0.3667613135201215
42 0.5758813904030446 0.3793637738310834
43 0.5628958582944071 0.3910844120508989
44 0.5506308528943357 0.4020636416510626
45 0.5390435507447852 0.4124606643906056
46 0.5280589798919768 0.4224247280449426
47 0.5175905010159364 0.4320920724285902
48 0.5075353972700190 0.4415684922217817
49 0.4977933196935654 0.4509358930552254
50 0.4882669070636711 0.4602489928930274
51 0.4788770376119661 0.4695523784196063
52 0.8219044447636177 0.0890477776181904
53 0.7886972913270630 0.1232565166498325
54 0.7599655638961152 0.1530007599668096
55 0.7346915550434149 0.1794143244461519
56 0.7121357178144619 0.2033371516019311
57 0.6916933834755007 0.2253823447077284
58 0.6728452864854007 0.2459694950505498
59 0.6551577090423063 0.2653501786256848
60 0.6382960363527529 0.2836386030699188
61 0.6220353473848662 0.3008456019936884
62 0.6062619980837397 0.3169264851279123
63 0.5909582213346868 0.3318270498969687
64 0.5761709535707437 0.3455316237972250
65 0.5619769451907536 0.3580867166950568
66 0.5484513589483206 0.3696119822696126
67 0.5356450756207435 0.3802777912735751
68 0.5235702361833509 0.3902807304005075
69 0.5121984432844957 0.3998100046057512
70 0.5014655706862219 0.4090326483515264
71 0.4912815556903148 0.4180780732119516
72 0.4815389166956859 0.4270384083001321
73 0.4721254025852633 0.4359700884355561
74 0.4629383041405238 0.4449114215715648
75 0.4538916967576021 0.4538916967576021
76 0.7566084580763517 0.1216957709618240
77 0.7289796608608858 0.1508937631667663
78 0.7048152893991052 0.1768111544282916
79 0.6833741894408967 0.2003041143717729
80 0.6640249005902193 0.2219779809141297
81 0.6462071044842996 0.2422212351874589
82 0.6294466794981826 0.2612402275671079
83 0.6133798656963950 0.2790968686948628
84 0.5977723751833318 0.2957623778998488
85 0.5825184242127057 0.3111715119917569
86 0.5676233970378110 0.3252853500095407
87 0.5531617549956067 0.3381280570646181
88 0.5392393551620065 0.3498112353129907
89 0.5259518256764156 0.3605131528812529
90 0.5133657232573037 0.3704552444218940
91 0.5014993770269099 0.3798569401823930
92 0.4903295110206539 0.3889172198228644
93 0.4797902817014771 0.3977888904353323
94 0.4697900294914140 0.4065813207849165
95 0.4602164017387789 0.4153570772095525
96 0.4509580067516051 0.4241543301747529
97 0.4419125166856375 0.4329968176584762
98 0.7024277500363207 0.1487861249818395
99 0.6793330775799236 0.1742134034152798
100 0.6589459853782972 0.1972735411260429
101 0.6406063698496544 0.2185565578963079
102 0.6237186124743368 0.2384185953256072
103 0.6077792253610337 0.2570217571053705
104 0.5924109707289444 0.2743916635443640
105 0.5773818159501988 0.2904772387008846
106 0.5626021358831638 0.3052236222593613
107 0.5480973070298746 0.3186250308035380
108 0.5339623690543533 0.3307648238435131
109 0.5203160369851897 0.3418081017569419
110 0.5072628264634671 0.3519807156291987
111 0.4948715153016445 0.3615231228788438
112 0.4831638853800970 0.3706610632600881
113 0.4721164923390879 0.3795749774453998
114 0.4616656204399058 0.3883942224038714
115 0.4517188849390986 0.3971952058827334
116 0.4421682280490228 0.4060202723613538
117 0.4329059337984258 0.4148924175255720
118 0.4238382097702058 0.4238382097702058
119 0.6572800979111062 0.1713599510444470
120 0.6378960898777851 0.1939589039850241
121 0.6204956514320958 0.2148215752044912
122 0.6044571738453470 0.2342678868579637
123 0.5892607201597977 0.2524264432357123
124 0.5745257400245861 0.2692975614834693
125 0.5600290443489842 0.2848336619855908
126 0.5456943533792004 0.2990032253495677
127 0.5315602569166028 0.3118504253551334
128 0.5177297120581129 0.3235048028396998
129 0.5043259982954899 0.3341752761592767
130 0.4914550626058224 0.3441046683532880
131 0.4791886502159076 0.3535388868013896
132 0.4675515743030844 0.3626839047527996
133 0.4565252212119321 0.3716952081923351
134 0.4460492417935661 0.3806676261836693
135 0.4360368589654595 0.3896555392668083
136 0.4263851124530528 0.3986855563192331
137 0.4169946831774882 0.4077832704425464
138 0.6194556342822161 0.1902721828588926
139 0.6029231543028056 0.2107061948421054
140 0.5876599491241569 0.2297367710068584
141 0.5731386965088673 0.2474638681822659
142 0.5589815529554313 0.2638838049754071
143 0.5449732110009819 0.2789613163172301
144 0.5310456816843350 0.2927038773148714
145 0.5172419557364181 0.3051929700981418
146 0.5036668052235286 0.3165974399402832
147 0.4904443758514651 0.3271416456813234
148 0.4776837838726974 0.3370746354013419
149 0.4654620087020088 0.3466229694158904
150 0.4538114016369347 0.3559682962175968
151 0.4427195856446277 0.3652309868060308
152 0.4321327541955567 0.3744831624988581
153 0.4219690972562959 0.3837627345739169
154 0.4121326732756727 0.3930983858331896
155 0.4025343581121770 0.4025343581121770
156 0.5871776324822383 0.2064111837588817
157 0.5726135932917952 0.2250635917579208
158 0.5586995346777616 0.2424172658946114
159 0.5450612226177892 0.2584704027355423
160 0.5314887973577820 0.2732166489231748
161 0.5179174501496653 0.2866923670279536
162 0.5043904971602150 0.2990143383891011
163 0.4910130312011505 0.3103659546638647
164 0.4779116047281245 0.3209794909474268
165 0.4652017031551530 0.3310865640443485
166 0.4529686911580765 0.3408910565138748
167 0.4412532432761484 0.3505399793494619
168 0.4300494687425142 0.3601306281421238
169 0.4193080072896788 0.3697182037041147
170 0.4089515573987242 0.3793414800775134
171 0.3988914010119487 0.3890455784239882
172 0.5586665468699263 0.2206667265650382
173 0.5452886574078420 0.2377199759915765
174 0.5321062569971869 0.2535024642133728
175 0.5189128497897770 0.2680309610570707
176 0.5056446704092898 0.2813755282847863
177 0.4923454217071555 0.2936684647082394
178 0.4791217239835182 0.3051045393327257
179 0.4661057981733819 0.3159019514257670
180 0.4534210490748975 0.3262728785097947
181 0.4411611256951854 0.3363876459368959
182 0.4293725194225232 0.3463701910205777
183 0.4180524384597898 0.3562997054464246
184 0.4071535234364138 0.3662308081942713
185 0.3966022173919466 0.3762157237443256
186 0.3863156678283294 0.3863156678283294
187 0.5323732436432094 0.2338133781783990
188 0.5195850596205338 0.2493932484672050
189 0.5067178713583416 0.2637837220212376
190 0.4937100926466779 0.2770746569139982
191 0.4806073347913468 0.2894160141148576
192 0.4675208289065830 0.3009948191661641
193 0.4545888917312700 0.3120151371761538
194 0.4419418790407501 0.3226585564295247
195 0.4296772310528165 0.3330725772509577
196 0.4178425093182712 0.3433616071614336
197 0.4064340160741395 0.3536016907272187
198 0.3954048082691110 0.3638572813694814
199 0.3846844232764825 0.3741942044613883
200 0.5071311622164486 0.2464344188917785
201 0.4945468230847068 0.2607129149082245
202 0.4817721816863692 0.2739750621521473
203 0.4688578440069137 0.2863730420918811
204 0.4559198340969108 0.2980889806563166
205 0.4431009724908113 0.3093020512028900
206 0.4305328506662504 0.3201732832382350
207 0.4183110375078792 0.3308291947138156
208 0.4064788157391749 0.3413681615943827
209 0.3950291520273523 0.3518712066368924
210 0.3839150965212578 0.3624130362110184
211 0.3730685347778229 0.3730685347778229
212 0.4822084136511080 0.2588957931744469
213 0.4696548840191301 0.2721014222073974
214 0.4569397239379210 0.2845181204354164
215 0.4441820890276590 0.2963133153224580
216 0.4315233813680380 0.3076510002208867
217 0.4190900877329919 0.3186718962790157
218 0.4069695644813404 0.3294938550832729
219 0.3951976548552029 0.3402150668888555
220 0.3837631870045488 0.3509225074943214
221 0.3726186492112570 0.3616971729517877
222 0.4573178752738656 0.2713410623630667
223 0.4448233033247573 0.2837070248454854
224 0.4322856346652107 0.2955041096681586
225 0.4198385640823349 0.3068800126592208
226 0.4075967416915053 0.3179663213826985
227 0.3956356128112229 0.3288762044450227
228 0.3839820908154887 0.3397096586740952
229 0.3726200445546488 0.3505565043360435
230 0.3615005922398016 0.3615005922398016
231 0.4325686900663286 0.2837156549668363
232 0.4202865601915946 0.2954351737037512
233 0.4080945389453384 0.3067700512702203
234 0.3960917281243109 0.3178449612659833
235 0.3843396768947555 0.3287718342727719
236 0.3728552361188683 0.3396504390188176
237 0.3616163181766405 0.3505712991090149
238 0.4082808206149631 0.2958595896925196
239 0.3963721361946851 0.3070900174091494
240 0.3846407317558149 0.3180925598475108
241 0.3731330773671899 0.3289770279335441
242 0.3618549267101417 0.3398424676791995
243 0.3507768652936039 0.3507768652936039
244 0.3847559542112363 0.3076220228943830
245 0.3733100717793049 0.3185087508559182
246 0.3620642100124217 0.3293072296798570
247 0.3510117906332543 0.3401141136220857
248 0.3621451061863619 0.3189274469068202
249 0.3511595914276167 0.3296134794722400
250 0.3403325997846017 0.3403325997846017
251 0.3404148162437026 0.3297925918781487
