-0.052487055389 0.161538546287 0.970266315060
0.024499833608 0.409771808433 0.895702557179
0.094393777876 0.624883250055 0.755914668643
0.154235043634 0.797763747221 0.556822117014
-0.260678607550 0.317111715960 0.895702557179
-0.184878090863 0.568996256634 0.783156160447
-0.090642374556 0.278968543942 0.939225498718
-0.111963280718 0.774810429077 0.598271903515
-0.008646221783 0.538208903646 0.823895230264
0.062827228046 0.751299413329 0.632286293513
-0.443663329252 0.450057898251 0.755914668643
-0.364841946687 0.692645169746 0.598271903515
-0.309356315856 0.440502271226 0.823895230264
-0.226242090006 0.696301555828 0.657666778565
-0.593692536858 0.554747344963 0.556822117014
-0.492431010410 0.570885075159 0.632286293513
0.137412894979 0.099836312099 0.970266315060
0.221037044054 0.345912997716 0.895702557179
0.290930988322 0.561024439338 0.755914668643
0.344134994002 0.736061513032 0.556822117014
0.397287013548 0.103325726221 0.895702557179
0.484017125655 0.351659026072 0.783156160447
0.237304817409 0.172412041948 0.939225498718
0.546002340380 0.561024439338 0.598271903515
0.323346196575 0.430338027921 0.823895230264
0.390774420012 0.644742911335 0.632286293513
0.623468568415 0.103325726221 0.755914668643
0.702289950979 0.345912997716 0.598271903515
0.509195255472 0.174538743319 0.823895230264
0.592309481322 0.430338027921 0.657666778565
0.806379659869 0.099836312099 0.556822117014
0.733942883911 0.172412041948 0.632286293513
-0.169851679179 0.000000000000 0.970266315060
-0.382145283660 0.149927179022 0.895702557179
-0.565130005362 0.282873361314 0.755914668643
-0.711057160647 0.393208798676 0.556822117014
-0.382145283660 -0.149927179022 0.895702557179
-0.598278069584 -0.000000000000 0.783156160447
-0.293324885706 0.000000000000 0.939225498718
-0.771487063955 0.132946182292 0.598271903515
-0.514538914409 0.158092652182 0.823895230264
-0.695113521559 0.291916531217 0.632286293513
-0.565130005362 -0.282873361314 0.755914668643
-0.771487063955 -0.132946182292 0.598271903515
-0.514538914409 -0.158092652182 0.823895230264
-0.732134782631 0.000000000000 0.657666778565
-0.711057160647 -0.393208798676 0.556822117014
-0.695113521559 -0.291916531217 0.632286293513
-0.052487055389 -0.161538546287 0.970266315060
-0.260678607550 -0.317111715960 0.895702557179
-0.443663329252 -0.450057898251 0.755914668643
-0.593692536858 -0.554747344963 0.556822117014
0.024499833608 -0.409771808433 0.895702557179
-0.184878090863 -0.568996256634 0.783156160447
-0.090642374556 -0.278968543942 0.939225498718
-0.364841946687 -0.692645169746 0.598271903515
-0.309356315856 -0.440502271226 0.823895230264
-0.492431010410 -0.570885075159 0.632286293513
0.094393777876 -0.624883250055 0.755914668643
-0.111963280718 -0.774810429077 0.598271903515
-0.008646221783 -0.538208903646 0.823895230264
-0.226242090006 -0.696301555828 0.657666778565
0.154235043634 -0.797763747221 0.556822117014
0.062827228046 -0.751299413329 0.632286293513
0.137412894979 -0.099836312099 0.970266315060
0.221037044054 -0.345912997716 0.895702557179
0.290930988322 -0.561024439338 0.755914668643
0.344134994002 -0.736061513032 0.556822117014
0.397287013548 -0.103325726221 0.895702557179
0.484017125655 -0.351659026072 0.783156160447
0.237304817409 -0.172412041948 0.939225498718
0.546002340380 -0.561024439338 0.598271903515
0.323346196575 -0.430338027921 0.823895230264
0.390774420012 -0.644742911335 0.632286293513
0.623468568415 -0.103325726221 0.755914668643
0.702289950979 -0.345912997716 0.598271903515
0.509195255472 -0.174538743319 0.823895230264
0.592309481322 -0.430338027921 0.657666778565
0.806379659869 -0.099836312099 0.556822117014
0.733942883911 -0.172412041948 0.632286293513
-0.806379659869 -0.099836312099 -0.556822117014
-0.702289950979 -0.345912997716 -0.598271903515
-0.546002340380 -0.561024439338 -0.598271903515
-0.344134994002 -0.736061513032 -0.556822117014
-0.623468568415 -0.103325726221 -0.755914668643
-0.484017125655 -0.351659026072 -0.783156160447
-0.733942883911 -0.172412041948 -0.632286293513
-0.290930988322 -0.561024439338 -0.755914668643
-0.592309481322 -0.430338027921 -0.657666778565
-0.390774420012 -0.644742911335 -0.632286293513
-0.397287013548 -0.103325726221 -0.895702557179
-0.221037044054 -0.345912997716 -0.895702557179
-0.509195255472 -0.174538743319 -0.823895230264
-0.323346196575 -0.430338027921 -0.823895230264
-0.137412894979 -0.099836312099 -0.970266315060
-0.237304817409 -0.172412041948 -0.939225498718
-0.891305499459 -0.161538546287 -0.386970437835
-0.790184063513 -0.409771808433 -0.422483678448
-0.633896452914 -0.624883250055 -0.422483678448
-0.429060833592 -0.797763747221 -0.386970437835
-0.917719739542 -0.317111715960 -0.167412326390
-0.783156160447 -0.568996256634 -0.184878090863
-0.880605326764 -0.278968543942 -0.338961407807
-0.585182159449 -0.774810429077 -0.167412326390
-0.740781004415 -0.538208903646 -0.360723732379
-0.537436862865 -0.751299413329 -0.338961407807
-0.874522906376 -0.450057898251 0.058769228477
-0.698272936882 -0.692645169746 0.058769228477
-0.875262646788 -0.440502271226 -0.091760447633
-0.689413587891 -0.696301555828 -0.091760447633
-0.763544216037 -0.554747344963 0.281996327056
-0.785755896116 -0.570885075159 0.157676658695
-0.943792554848 -0.000000000000 -0.281996327056
-0.972041288498 0.149927179022 -0.058769228477
-0.928844455333 0.282873361314 0.167412326390
-0.816031271426 0.393208798676 0.386970437835
-0.972041288498 -0.149927179022 -0.058769228477
-0.968034251311 0.000000000000 0.184878090863
-0.971247701320 0.000000000000 -0.157676658695
-0.880130161868 0.132946182292 0.422483678448
-0.967023094421 0.158092652182 0.091760447633
-0.876398270672 0.291916531217 0.338961407807
-0.928844455333 -0.282873361314 0.167412326390
-0.880130161868 -0.132946182292 0.422483678448
-0.967023094421 -0.158092652182 0.091760447633
-0.915655677897 -0.000000000000 0.360723732379
-0.816031271426 -0.393208798676 0.386970437835
-0.876398270672 -0.291916531217 0.338961407807
-0.891305499459 0.161538546287 -0.386970437835
-0.917719739542 0.317111715960 -0.167412326390
-0.874522906376 0.450057898251 0.058769228477
-0.763544216037 0.554747344963 0.281996327056
-0.790184063513 0.409771808433 -0.422483678448
-0.783156160447 0.568996256634 -0.184878090863
-0.880605326764 0.278968543942 -0.338961407807
-0.698272936882 0.692645169746 0.058769228477
-0.875262646788 0.440502271226 -0.091760447633
-0.785755896116 0.570885075159 0.157676658695
-0.633896452914 0.624883250055 -0.422483678448
-0.585182159449 0.774810429077 -0.167412326390
-0.740781004415 0.538208903646 -0.360723732379
-0.689413587891 0.696301555828 -0.091760447633
-0.429060833592 0.797763747221 -0.386970437835
-0.537436862865 0.751299413329 -0.338961407807
-0.806379659869 0.099836312099 -0.556822117014
-0.623468568415 0.103325726221 -0.755914668643
-0.397287013548 0.103325726221 -0.895702557179
-0.137412894979 0.099836312099 -0.970266315060
-0.702289950979 0.345912997716 -0.598271903515
-0.484017125655 0.351659026072 -0.783156160447
-0.733942883911 0.172412041948 -0.632286293513
-0.221037044054 0.345912997716 -0.895702557179
-0.509195255472 0.174538743319 -0.823895230264
-0.237304817409 0.172412041948 -0.939225498718
-0.546002340380 0.561024439338 -0.598271903515
-0.290930988322 0.561024439338 -0.755914668643
-0.592309481322 0.430338027921 -0.657666778565
-0.323346196575 0.430338027921 -0.823895230264
-0.344134994002 0.736061513032 -0.556822117014
-0.390774420012 0.644742911335 -0.632286293513
-0.154235043634 -0.797763747221 -0.556822117014
0.111963280718 -0.774810429077 -0.598271903515
0.364841946687 -0.692645169746 -0.598271903515
0.593692536858 -0.554747344963 -0.556822117014
-0.094393777876 -0.624883250055 -0.755914668643
0.184878090863 -0.568996256634 -0.783156160447
-0.062827228046 -0.751299413329 -0.632286293513
0.443663329252 -0.450057898251 -0.755914668643
0.226242090006 -0.696301555828 -0.657666778565
0.492431010410 -0.570885075159 -0.632286293513
-0.024499833608 -0.409771808433 -0.895702557179
0.260678607550 -0.317111715960 -0.895702557179
0.008646221783 -0.538208903646 -0.823895230264
0.309356315856 -0.440502271226 -0.823895230264
0.052487055389 -0.161538546287 -0.970266315060
0.090642374556 -0.278968543942 -0.939225498718
-0.121796259434 -0.897600059319 -0.386970437835
0.145535844294 -0.878136155298 -0.422483678448
0.398414510264 -0.795970895967 -0.422483678448
0.626131321058 -0.654583657062 -0.386970437835
0.018000168265 -0.970796247771 -0.167412326390
0.299139034792 -0.920655282706 -0.184878090863
-0.006807159750 -0.923711455277 -0.338961407807
0.556057275392 -0.795970895967 -0.167412326390
0.282953165466 -0.870840299147 -0.360723732379
0.548451078707 -0.743297117107 -0.338961407807
0.157788056801 -0.970796247771 0.058769228477
0.442966497959 -0.878136155298 0.058769228477
0.148471523093 -0.968546931567 -0.091760447633
0.449181617165 -0.870840299147 -0.091760447633
0.291647938613 -0.897600059319 0.281996327056
0.300132045456 -0.923711455277 0.157676658695
-0.291647938613 -0.897600059319 -0.281996327056
-0.442966497959 -0.878136155298 -0.058769228477
-0.556057275392 -0.795970895967 0.167412326390
-0.626131321058 -0.654583657062 0.386970437835
-0.157788056801 -0.970796247771 -0.058769228477
-0.299139034792 -0.920655282706 0.184878090863
-0.300132045456 -0.923711455277 -0.157676658695
-0.398414510264 -0.795970895967 0.422483678448
-0.449181617165 -0.870840299147 0.091760447633
-0.548451078707 -0.743297117107 0.338961407807
-0.018000168265 -0.970796247771 0.167412326390
-0.145535844294 -0.878136155298 0.422483678448
-0.148471523093 -0.968546931567 0.091760447633
-0.282953165466 -0.870840299147 0.360723732379
0.121796259434 -0.897600059319 0.386970437835
0.006807159750 -0.923711455277 0.338961407807
0.121796259434 0.897600059319 0.386970437835
-0.145535844294 0.878136155298 0.422483678448
-0.398414510264 0.795970895967 0.422483678448
-0.626131321058 0.654583657062 0.386970437835
-0.018000168265 0.970796247771 0.167412326390
-0.299139034792 0.920655282706 0.184878090863
0.006807159750 0.923711455277 0.338961407807
-0.556057275392 0.795970895967 0.167412326390
-0.282953165466 0.870840299147 0.360723732379
-0.548451078707 0.743297117107 0.338961407807
-0.157788056801 0.970796247771 -0.058769228477
-0.442966497959 0.878136155298 -0.058769228477
-0.148471523093 0.968546931567 0.091760447633
-0.449181617165 0.870840299147 0.091760447633
-0.291647938613 0.897600059319 -0.281996327056
-0.300132045456 0.923711455277 -0.157676658695
0.291647938613 0.897600059319 0.281996327056
0.442966497959 0.878136155298 0.058769228477
0.556057275392 0.795970895967 -0.167412326390
0.626131321058 0.654583657062 -0.386970437835
0.157788056801 0.970796247771 0.058769228477
0.299139034792 0.920655282706 -0.184878090863
0.300132045456 0.923711455277 0.157676658695
0.398414510264 0.795970895967 -0.422483678448
0.449181617165 0.870840299147 -0.091760447633
0.548451078707 0.743297117107 -0.338961407807
0.018000168265 0.970796247771 -0.167412326390
0.145535844294 0.878136155298 -0.422483678448
0.148471523093 0.968546931567 -0.091760447633
0.282953165466 0.870840299147 -0.360723732379
-0.121796259434 0.897600059319 -0.386970437835
-0.006807159750 0.923711455277 -0.338961407807
0.429060833592 0.797763747221 0.386970437835
0.585182159449 0.774810429077 0.167412326390
0.698272936882 0.692645169746 -0.058769228477
0.763544216037 0.554747344963 -0.281996327056
0.633896452914 0.624883250055 0.422483678448
0.783156160447 0.568996256634 0.184878090863
0.537436862865 0.751299413329 0.338961407807
0.874522906376 0.450057898251 -0.058769228477
0.689413587891 0.696301555828 0.091760447633
0.785755896116 0.570885075159 -0.157676658695
0.790184063513 0.409771808433 0.422483678448
0.917719739542 0.317111715960 0.167412326390
0.740781004415 0.538208903646 0.360723732379
0.875262646788 0.440502271226 0.091760447633
0.891305499459 0.161538546287 0.386970437835
0.880605326764 0.278968543942 0.338961407807
0.711057160647 -0.393208798676 -0.556822117014
0.565130005362 -0.282873361314 -0.755914668643
0.382145283660 -0.149927179022 -0.895702557179
0.169851679179 -0.000000000000 -0.970266315060
0.771487063955 -0.132946182292 -0.598271903515
0.598278069584 0.000000000000 -0.783156160447
0.695113521559 -0.291916531217 -0.632286293513
0.382145283660 0.149927179022 -0.895702557179
0.514538914409 -0.158092652182 -0.823895230264
0.293324885706 -0.000000000000 -0.939225498718
0.771487063955 0.132946182292 -0.598271903515
0.565130005362 0.282873361314 -0.755914668643
0.732134782631 -0.000000000000 -0.657666778565
0.514538914409 0.158092652182 -0.823895230264
0.711057160647 0.393208798676 -0.556822117014
0.695113521559 0.291916531217 -0.632286293513
0.816031271426 -0.393208798676 -0.386970437835
0.880130161868 -0.132946182292 -0.422483678448
0.880130161868 0.132946182292 -0.422483678448
0.816031271426 0.393208798676 -0.386970437835
0.928844455333 -0.282873361314 -0.167412326390
0.968034251311 -0.000000000000 -0.184878090863
0.876398270672 -0.291916531217 -0.338961407807
0.928844455333 0.282873361314 -0.167412326390
0.915655677897 0.000000000000 -0.360723732379
0.876398270672 0.291916531217 -0.338961407807
0.972041288498 -0.149927179022 0.058769228477
0.972041288498 0.149927179022 0.058769228477
0.967023094421 -0.158092652182 -0.091760447633
0.967023094421 0.158092652182 -0.091760447633
0.943792554848 0.000000000000 0.281996327056
0.971247701320 0.000000000000 0.157676658695
0.763544216037 -0.554747344963 -0.281996327056
0.698272936882 -0.692645169746 -0.058769228477
0.585182159449 -0.774810429077 0.167412326390
0.429060833592 -0.797763747221 0.386970437835
0.874522906376 -0.450057898251 -0.058769228477
0.783156160447 -0.568996256634 0.184878090863
0.785755896116 -0.570885075159 -0.157676658695
0.633896452914 -0.624883250055 0.422483678448
0.689413587891 -0.696301555828 0.091760447633
0.537436862865 -0.751299413329 0.338961407807
0.917719739542 -0.317111715960 0.167412326390
0.790184063513 -0.409771808433 0.422483678448
0.875262646788 -0.440502271226 0.091760447633
0.740781004415 -0.538208903646 0.360723732379
0.891305499459 -0.161538546287 0.386970437835
0.880605326764 -0.278968543942 0.338961407807
0.052487055389 0.161538546287 -0.970266315060
0.260678607550 0.317111715960 -0.895702557179
0.443663329252 0.450057898251 -0.755914668643
0.593692536858 0.554747344963 -0.556822117014
-0.024499833608 0.409771808433 -0.895702557179
0.184878090863 0.568996256634 -0.783156160447
0.090642374556 0.278968543942 -0.939225498718
0.364841946687 0.692645169746 -0.598271903515
0.309356315856 0.440502271226 -0.823895230264
0.492431010410 0.570885075159 -0.632286293513
-0.094393777876 0.624883250055 -0.755914668643
0.111963280718 0.774810429077 -0.598271903515
0.008646221783 0.538208903646 -0.823895230264
0.226242090006 0.696301555828 -0.657666778565
-0.154235043634 0.797763747221 -0.556822117014
-0.062827228046 0.751299413329 -0.632286293513