0.000000000000 0.000000000000 1.000000000000 -0.224646468317 0.163215212999 0.960674116711 0.085807315445 0.264087762113 0.960674116711 
0.085807315445 0.264087762113 0.960674116711 -0.143255717105 0.440895762142 0.886052327147 0.162459848116 0.500000000000 0.850650808352 
0.162459848116 0.500000000000 0.850650808352 -0.066083592081 0.678407140858 0.731708077098 0.227149597376 0.699094576321 0.677989552848 
0.227149597376 0.699094576321 0.677989552848 0.002503129059 0.862309789320 0.506374921958 0.276393202250 0.850650808352 0.447213595500 
-0.224646468317 0.163215212999 0.960674116711 -0.425325404176 0.309016994375 0.850650808352 -0.143255717105 0.440895762142 0.886052327147 
-0.143255717105 0.440895762142 0.886052327147 -0.345294963404 0.587685866903 0.731708077098 -0.066083592081 0.678407140858 0.731708077098 
-0.143255717105 0.440895762142 0.886052327147 0.085807315445 0.264087762113 0.960674116711 -0.224646468317 0.163215212999 0.960674116711 
-0.066083592081 0.678407140858 0.731708077098 -0.262865556060 0.809016994375 0.525731112119 0.002503129059 0.862309789320 0.506374921958 
-0.066083592081 0.678407140858 0.731708077098 0.162459848116 0.500000000000 0.850650808352 -0.143255717105 0.440895762142 0.886052327147 
0.002503129059 0.862309789320 0.506374921958 0.227149597376 0.699094576321 0.677989552848 -0.066083592081 0.678407140858 0.731708077098 
-0.425325404176 0.309016994375 0.850650808352 -0.594685366462 0.432064209517 0.677989552848 -0.345294963404 0.587685866903 0.731708077098 
-0.345294963404 0.587685866903 0.731708077098 -0.508878051017 0.696151971630 0.506374921958 -0.262865556060 0.809016994375 0.525731112119 
-0.345294963404 0.587685866903 0.731708077098 -0.143255717105 0.440895762142 0.886052327147 -0.425325404176 0.309016994375 0.850650808352 
-0.262865556060 0.809016994375 0.525731112119 -0.066083592081 0.678407140858 0.731708077098 -0.345294963404 0.587685866903 0.731708077098 
-0.594685366462 0.432064209517 0.677989552848 -0.723606797750 0.525731112119 0.447213595500 -0.508878051017 0.696151971630 0.506374921958 
-0.508878051017 0.696151971630 0.506374921958 -0.345294963404 0.587685866903 0.731708077098 -0.594685366462 0.432064209517 0.677989552848 
0.000000000000 0.000000000000 1.000000000000 0.277678305745 0.000000000000 0.960674116711 0.085807315445 0.264087762113 0.960674116711 
0.085807315445 0.264087762113 0.960674116711 0.375048336465 0.272488566499 0.886052327147 0.162459848116 0.500000000000 0.850650808352 
0.162459848116 0.500000000000 0.850650808352 0.452220461489 0.509999945216 0.731708077098 0.227149597376 0.699094576321 0.677989552848 
0.227149597376 0.699094576321 0.677989552848 0.504827903122 0.699094576321 0.506374921958 0.276393202250 0.850650808352 0.447213595500 
0.277678305745 0.000000000000 0.960674116711 0.525731112119 0.000000000000 0.850650808352 0.375048336465 0.272488566499 0.886052327147 
0.375048336465 0.272488566499 0.886052327147 0.624782579012 0.272488566499 0.731708077098 0.452220461489 0.509999945216 0.731708077098 
0.375048336465 0.272488566499 0.886052327147 0.085807315445 0.264087762113 0.960674116711 0.277678305745 0.000000000000 0.960674116711 
0.452220461489 0.509999945216 0.731708077098 0.688190960236 0.500000000000 0.525731112119 0.504827903122 0.699094576321 0.506374921958 
0.452220461489 0.509999945216 0.731708077098 0.162459848116 0.500000000000 0.850650808352 0.375048336465 0.272488566499 0.886052327147 
0.504827903122 0.699094576321 0.506374921958 0.227149597376 0.699094576321 0.677989552848 0.452220461489 0.509999945216 0.731708077098 
0.525731112119 0.000000000000 0.850650808352 0.735071538171 0.000000000000 0.677989552848 0.624782579012 0.272488566499 0.731708077098 
0.624782579012 0.272488566499 0.731708077098 0.820878853616 0.264087762113 0.506374921958 0.688190960236 0.500000000000 0.525731112119 
0.624782579012 0.272488566499 0.731708077098 0.375048336465 0.272488566499 0.886052327147 0.525731112119 0.000000000000 0.850650808352 
0.688190960236 0.500000000000 0.525731112119 0.452220461489 0.509999945216 0.731708077098 0.624782579012 0.272488566499 0.731708077098 
0.735071538171 0.000000000000 0.677989552848 0.894427191000 0.000000000000 0.447213595500 0.820878853616 0.264087762113 0.506374921958 
0.820878853616 0.264087762113 0.506374921958 0.624782579012 0.272488566499 0.731708077098 0.735071538171 0.000000000000 0.677989552848 
0.000000000000 0.000000000000 1.000000000000 -0.224646468317 -0.163215212999 0.960674116711 -0.224646468317 0.163215212999 0.960674116711 
-0.224646468317 0.163215212999 0.960674116711 -0.463585238719 -0.000000000000 0.886052327147 -0.425325404176 0.309016994375 0.850650808352 
-0.425325404176 0.309016994375 0.850650808352 -0.665624485017 0.146790104762 0.731708077098 -0.594685366462 0.432064209517 0.677989552848 
-0.594685366462 0.432064209517 0.677989552848 -0.819331834779 0.268848996518 0.506374921958 -0.723606797750 0.525731112119 0.447213595500 
-0.224646468317 -0.163215212999 0.960674116711 -0.425325404176 -0.309016994375 0.850650808352 -0.463585238719 -0.000000000000 0.886052327147 
-0.463585238719 -0.000000000000 0.886052327147 -0.665624485017 -0.146790104762 0.731708077098 -0.665624485017 0.146790104762 0.731708077098 
-0.463585238719 -0.000000000000 0.886052327147 -0.224646468317 0.163215212999 0.960674116711 -0.224646468317 -0.163215212999 0.960674116711 
-0.665624485017 0.146790104762 0.731708077098 -0.850650808352 -0.000000000000 0.525731112119 -0.819331834779 0.268848996518 0.506374921958 
-0.665624485017 0.146790104762 0.731708077098 -0.425325404176 0.309016994375 0.850650808352 -0.463585238719 -0.000000000000 0.886052327147 
-0.819331834779 0.268848996518 0.506374921958 -0.594685366462 0.432064209517 0.677989552848 -0.665624485017 0.146790104762 0.731708077098 
-0.425325404176 -0.309016994375 0.850650808352 -0.594685366462 -0.432064209517 0.677989552848 -0.665624485017 -0.146790104762 0.731708077098 
-0.665624485017 -0.146790104762 0.731708077098 -0.819331834779 -0.268848996518 0.506374921958 -0.850650808352 -0.000000000000 0.525731112119 
-0.665624485017 -0.146790104762 0.731708077098 -0.463585238719 -0.000000000000 0.886052327147 -0.425325404176 -0.309016994375 0.850650808352 
-0.850650808352 -0.000000000000 0.525731112119 -0.665624485017 0.146790104762 0.731708077098 -0.665624485017 -0.146790104762 0.731708077098 
-0.594685366462 -0.432064209517 0.677989552848 -0.723606797750 -0.525731112119 0.447213595500 -0.819331834779 -0.268848996518 0.506374921958 
-0.819331834779 -0.268848996518 0.506374921958 -0.665624485017 -0.146790104762 0.731708077098 -0.594685366462 -0.432064209517 0.677989552848 
0.000000000000 0.000000000000 1.000000000000 0.085807315445 -0.264087762113 0.960674116711 -0.224646468317 -0.163215212999 0.960674116711 
-0.224646468317 -0.163215212999 0.960674116711 -0.143255717105 -0.440895762142 0.886052327147 -0.425325404176 -0.309016994375 0.850650808352 
-0.425325404176 -0.309016994375 0.850650808352 -0.345294963404 -0.587685866903 0.731708077098 -0.594685366462 -0.432064209517 0.677989552848 
-0.594685366462 -0.432064209517 0.677989552848 -0.508878051017 -0.696151971630 0.506374921958 -0.723606797750 -0.525731112119 0.447213595500 
0.085807315445 -0.264087762113 0.960674116711 0.162459848116 -0.500000000000 0.850650808352 -0.143255717105 -0.440895762142 0.886052327147 
-0.143255717105 -0.440895762142 0.886052327147 -0.066083592081 -0.678407140858 0.731708077098 -0.345294963404 -0.587685866903 0.731708077098 
-0.143255717105 -0.440895762142 0.886052327147 -0.224646468317 -0.163215212999 0.960674116711 0.085807315445 -0.264087762113 0.960674116711 
-0.345294963404 -0.587685866903 0.731708077098 -0.262865556060 -0.809016994375 0.525731112119 -0.508878051017 -0.696151971630 0.506374921958 
-0.345294963404 -0.587685866903 0.731708077098 -0.425325404176 -0.309016994375 0.850650808352 -0.143255717105 -0.440895762142 0.886052327147 
-0.508878051017 -0.696151971630 0.506374921958 -0.594685366462 -0.432064209517 0.677989552848 -0.345294963404 -0.587685866903 0.731708077098 
0.162459848116 -0.500000000000 0.850650808352 0.227149597376 -0.699094576321 0.677989552848 -0.066083592081 -0.678407140858 0.731708077098 
-0.066083592081 -0.678407140858 0.731708077098 0.002503129059 -0.862309789320 0.506374921958 -0.262865556060 -0.809016994375 0.525731112119 
-0.066083592081 -0.678407140858 0.731708077098 -0.143255717105 -0.440895762142 0.886052327147 0.162459848116 -0.500000000000 0.850650808352 
-0.262865556060 -0.809016994375 0.525731112119 -0.345294963404 -0.587685866903 0.731708077098 -0.066083592081 -0.678407140858 0.731708077098 
0.227149597376 -0.699094576321 0.677989552848 0.276393202250 -0.850650808352 0.447213595500 0.002503129059 -0.862309789320 0.506374921958 
0.002503129059 -0.862309789320 0.506374921958 -0.066083592081 -0.678407140858 0.731708077098 0.227149597376 -0.699094576321 0.677989552848 
0.000000000000 0.000000000000 1.000000000000 0.277678305745 0.000000000000 0.960674116711 0.085807315445 -0.264087762113 0.960674116711 
0.085807315445 -0.264087762113 0.960674116711 0.375048336465 -0.272488566499 0.886052327147 0.162459848116 -0.500000000000 0.850650808352 
0.162459848116 -0.500000000000 0.850650808352 0.452220461489 -0.509999945216 0.731708077098 0.227149597376 -0.699094576321 0.677989552848 
0.227149597376 -0.699094576321 0.677989552848 0.504827903122 -0.699094576321 0.506374921958 0.276393202250 -0.850650808352 0.447213595500 
0.277678305745 0.000000000000 0.960674116711 0.525731112119 0.000000000000 0.850650808352 0.375048336465 -0.272488566499 0.886052327147 
0.375048336465 -0.272488566499 0.886052327147 0.624782579012 -0.272488566499 0.731708077098 0.452220461489 -0.509999945216 0.731708077098 
0.375048336465 -0.272488566499 0.886052327147 0.085807315445 -0.264087762113 0.960674116711 0.277678305745 0.000000000000 0.960674116711 
0.452220461489 -0.509999945216 0.731708077098 0.688190960236 -0.500000000000 0.525731112119 0.504827903122 -0.699094576321 0.506374921958 
0.452220461489 -0.509999945216 0.731708077098 0.162459848116 -0.500000000000 0.850650808352 0.375048336465 -0.272488566499 0.886052327147 
0.504827903122 -0.699094576321 0.506374921958 0.227149597376 -0.699094576321 0.677989552848 0.452220461489 -0.509999945216 0.731708077098 
0.525731112119 0.000000000000 0.850650808352 0.735071538171 0.000000000000 0.677989552848 0.624782579012 -0.272488566499 0.731708077098 
0.624782579012 -0.272488566499 0.731708077098 0.820878853616 -0.264087762113 0.506374921958 0.688190960236 -0.500000000000 0.525731112119 
0.624782579012 -0.272488566499 0.731708077098 0.375048336465 -0.272488566499 0.886052327147 0.525731112119 0.000000000000 0.850650808352 
0.688190960236 -0.500000000000 0.525731112119 0.452220461489 -0.509999945216 0.731708077098 0.624782579012 -0.272488566499 0.731708077098 
0.735071538171 0.000000000000 0.677989552848 0.894427191000 0.000000000000 0.447213595500 0.820878853616 -0.264087762113 0.506374921958 
0.820878853616 -0.264087762113 0.506374921958 0.624782579012 -0.272488566499 0.731708077098 0.735071538171 0.000000000000 0.677989552848 
-0.894427191000 -0.000000000000 -0.447213595500 -0.735071538171 -0.000000000000 -0.677989552848 -0.820878853616 -0.264087762113 -0.506374921958 
-0.820878853616 -0.264087762113 -0.506374921958 -0.624782579012 -0.272488566499 -0.731708077098 -0.688190960236 -0.500000000000 -0.525731112119 
-0.688190960236 -0.500000000000 -0.525731112119 -0.452220461489 -0.509999945216 -0.731708077098 -0.504827903122 -0.699094576321 -0.506374921958 
-0.504827903122 -0.699094576321 -0.506374921958 -0.227149597376 -0.699094576321 -0.677989552848 -0.276393202250 -0.850650808352 -0.447213595500 
-0.735071538171 -0.000000000000 -0.677989552848 -0.525731112119 -0.000000000000 -0.850650808352 -0.624782579012 -0.272488566499 -0.731708077098 
-0.624782579012 -0.272488566499 -0.731708077098 -0.375048336465 -0.272488566499 -0.886052327147 -0.452220461489 -0.509999945216 -0.731708077098 
-0.624782579012 -0.272488566499 -0.731708077098 -0.820878853616 -0.264087762113 -0.506374921958 -0.735071538171 -0.000000000000 -0.677989552848 
-0.452220461489 -0.509999945216 -0.731708077098 -0.162459848116 -0.500000000000 -0.850650808352 -0.227149597376 -0.699094576321 -0.677989552848 
-0.452220461489 -0.509999945216 -0.731708077098 -0.688190960236 -0.500000000000 -0.525731112119 -0.624782579012 -0.272488566499 -0.731708077098 
-0.227149597376 -0.699094576321 -0.677989552848 -0.504827903122 -0.699094576321 -0.506374921958 -0.452220461489 -0.509999945216 -0.731708077098 
-0.525731112119 -0.000000000000 -0.850650808352 -0.277678305745 -0.000000000000 -0.960674116711 -0.375048336465 -0.272488566499 -0.886052327147 
-0.375048336465 -0.272488566499 -0.886052327147 -0.085807315445 -0.264087762113 -0.960674116711 -0.162459848116 -0.500000000000 -0.850650808352 
-0.375048336465 -0.272488566499 -0.886052327147 -0.624782579012 -0.272488566499 -0.731708077098 -0.525731112119 -0.000000000000 -0.850650808352 
-0.162459848116 -0.500000000000 -0.850650808352 -0.452220461489 -0.509999945216 -0.731708077098 -0.375048336465 -0.272488566499 -0.886052327147 
-0.277678305745 -0.000000000000 -0.960674116711 0.000000000000 0.000000000000 -1.000000000000 -0.085807315445 -0.264087762113 -0.960674116711 
-0.085807315445 -0.264087762113 -0.960674116711 -0.375048336465 -0.272488566499 -0.886052327147 -0.277678305745 -0.000000000000 -0.960674116711 
-0.894427191000 -0.000000000000 -0.447213595500 -0.959718006489 -0.163215212999 -0.228696616213 -0.820878853616 -0.264087762113 -0.506374921958 
-0.820878853616 -0.264087762113 -0.506374921958 -0.856575198371 -0.440895762142 -0.268122838379 -0.688190960236 -0.500000000000 -0.525731112119 
-0.688190960236 -0.500000000000 -0.525731112119 -0.684013080849 -0.678407140858 -0.268122838379 -0.504827903122 -0.699094576321 -0.506374921958 
-0.504827903122 -0.699094576321 -0.506374921958 -0.451796065694 -0.862309789320 -0.228696616213 -0.276393202250 -0.850650808352 -0.447213595500 
-0.959718006489 -0.163215212999 -0.228696616213 -0.951056516295 -0.309016994375 -0.000000000000 -0.856575198371 -0.440895762142 -0.268122838379 
-0.856575198371 -0.440895762142 -0.268122838379 -0.808880202122 -0.587685866903 -0.018388595832 -0.684013080849 -0.678407140858 -0.268122838379 
-0.856575198371 -0.440895762142 -0.268122838379 -0.820878853616 -0.264087762113 -0.506374921958 -0.959718006489 -0.163215212999 -0.228696616213 
-0.684013080849 -0.678407140858 -0.268122838379 -0.587785252292 -0.809016994375 0.000000000000 -0.451796065694 -0.862309789320 -0.228696616213 
-0.684013080849 -0.678407140858 -0.268122838379 -0.688190960236 -0.500000000000 -0.525731112119 -0.856575198371 -0.440895762142 -0.268122838379 
-0.451796065694 -0.862309789320 -0.228696616213 -0.504827903122 -0.699094576321 -0.506374921958 -0.684013080849 -0.678407140858 -0.268122838379 
-0.951056516295 -0.309016994375 -0.000000000000 -0.872363672207 -0.432064209517 0.228696616213 -0.808880202122 -0.587685866903 -0.018388595832 
-0.808880202122 -0.587685866903 -0.018388595832 -0.680492681907 -0.696151971630 0.228696616213 -0.587785252292 -0.809016994375 0.000000000000 
-0.808880202122 -0.587685866903 -0.018388595832 -0.856575198371 -0.440895762142 -0.268122838379 -0.951056516295 -0.309016994375 -0.000000000000 
-0.587785252292 -0.809016994375 0.000000000000 -0.684013080849 -0.678407140858 -0.268122838379 -0.808880202122 -0.587685866903 -0.018388595832 
-0.872363672207 -0.432064209517 0.228696616213 -0.723606797750 -0.525731112119 0.447213595500 -0.680492681907 -0.696151971630 0.228696616213 
-0.680492681907 -0.696151971630 0.228696616213 -0.808880202122 -0.587685866903 -0.018388595832 -0.872363672207 -0.432064209517 0.228696616213 
-0.894427191000 -0.000000000000 -0.447213595500 -0.959718006489 -0.163215212999 -0.228696616213 -0.959718006489 0.163215212999 -0.228696616213 
-0.959718006489 0.163215212999 -0.228696616213 -0.999830915477 -0.000000000000 0.018388595832 -0.951056516295 0.309016994375 -0.000000000000 
-0.951056516295 0.309016994375 -0.000000000000 -0.952135919228 0.146790104762 0.268122838379 -0.872363672207 0.432064209517 0.228696616213 
-0.872363672207 0.432064209517 0.228696616213 -0.819331834779 0.268848996518 0.506374921958 -0.723606797750 0.525731112119 0.447213595500 
-0.959718006489 -0.163215212999 -0.228696616213 -0.951056516295 -0.309016994375 -0.000000000000 -0.999830915477 -0.000000000000 0.018388595832 
-0.999830915477 -0.000000000000 0.018388595832 -0.952135919228 -0.146790104762 0.268122838379 -0.952135919228 0.146790104762 0.268122838379 
-0.999830915477 -0.000000000000 0.018388595832 -0.959718006489 0.163215212999 -0.228696616213 -0.959718006489 -0.163215212999 -0.228696616213 
-0.952135919228 0.146790104762 0.268122838379 -0.850650808352 -0.000000000000 0.525731112119 -0.819331834779 0.268848996518 0.506374921958 
-0.952135919228 0.146790104762 0.268122838379 -0.951056516295 0.309016994375 -0.000000000000 -0.999830915477 -0.000000000000 0.018388595832 
-0.819331834779 0.268848996518 0.506374921958 -0.872363672207 0.432064209517 0.228696616213 -0.952135919228 0.146790104762 0.268122838379 
-0.951056516295 -0.309016994375 -0.000000000000 -0.872363672207 -0.432064209517 0.228696616213 -0.952135919228 -0.146790104762 0.268122838379 
-0.952135919228 -0.146790104762 0.268122838379 -0.819331834779 -0.268848996518 0.506374921958 -0.850650808352 -0.000000000000 0.525731112119 
-0.952135919228 -0.146790104762 0.268122838379 -0.999830915477 -0.000000000000 0.018388595832 -0.951056516295 -0.309016994375 -0.000000000000 
-0.850650808352 -0.000000000000 0.525731112119 -0.952135919228 0.146790104762 0.268122838379 -0.952135919228 -0.146790104762 0.268122838379 
-0.872363672207 -0.432064209517 0.228696616213 -0.723606797750 -0.525731112119 0.447213595500 -0.819331834779 -0.268848996518 0.506374921958 
-0.819331834779 -0.268848996518 0.506374921958 -0.952135919228 -0.146790104762 0.268122838379 -0.872363672207 -0.432064209517 0.228696616213 
-0.894427191000 -0.000000000000 -0.447213595500 -0.820878853616 0.264087762113 -0.506374921958 -0.959718006489 0.163215212999 -0.228696616213 
-0.959718006489 0.163215212999 -0.228696616213 -0.856575198371 0.440895762142 -0.268122838379 -0.951056516295 0.309016994375 -0.000000000000 
-0.951056516295 0.309016994375 -0.000000000000 -0.808880202122 0.587685866903 -0.018388595832 -0.872363672207 0.432064209517 0.228696616213 
-0.872363672207 0.432064209517 0.228696616213 -0.680492681907 0.696151971630 0.228696616213 -0.723606797750 0.525731112119 0.447213595500 
-0.820878853616 0.264087762113 -0.506374921958 -0.688190960236 0.500000000000 -0.525731112119 -0.856575198371 0.440895762142 -0.268122838379 
-0.856575198371 0.440895762142 -0.268122838379 -0.684013080849 0.678407140858 -0.268122838379 -0.808880202122 0.587685866903 -0.018388595832 
-0.856575198371 0.440895762142 -0.268122838379 -0.959718006489 0.163215212999 -0.228696616213 -0.820878853616 0.264087762113 -0.506374921958 
-0.808880202122 0.587685866903 -0.018388595832 -0.587785252292 0.809016994375 0.000000000000 -0.680492681907 0.696151971630 0.228696616213 
-0.808880202122 0.587685866903 -0.018388595832 -0.951056516295 0.309016994375 -0.000000000000 -0.856575198371 0.440895762142 -0.268122838379 
-0.680492681907 0.696151971630 0.228696616213 -0.872363672207 0.432064209517 0.228696616213 -0.808880202122 0.587685866903 -0.018388595832 
-0.688190960236 0.500000000000 -0.525731112119 -0.504827903122 0.699094576321 -0.506374921958 -0.684013080849 0.678407140858 -0.268122838379 
-0.684013080849 0.678407140858 -0.268122838379 -0.451796065694 0.862309789320 -0.228696616213 -0.587785252292 0.809016994375 0.000000000000 
-0.684013080849 0.678407140858 -0.268122838379 -0.856575198371 0.440895762142 -0.268122838379 -0.688190960236 0.500000000000 -0.525731112119 
-0.587785252292 0.809016994375 0.000000000000 -0.808880202122 0.587685866903 -0.018388595832 -0.684013080849 0.678407140858 -0.268122838379 
-0.504827903122 0.699094576321 -0.506374921958 -0.276393202250 0.850650808352 -0.447213595500 -0.451796065694 0.862309789320 -0.228696616213 
-0.451796065694 0.862309789320 -0.228696616213 -0.684013080849 0.678407140858 -0.268122838379 -0.504827903122 0.699094576321 -0.506374921958 
-0.894427191000 -0.000000000000 -0.447213595500 -0.820878853616 0.264087762113 -0.506374921958 -0.735071538171 -0.000000000000 -0.677989552848 
-0.735071538171 -0.000000000000 -0.677989552848 -0.624782579012 0.272488566499 -0.731708077098 -0.525731112119 -0.000000000000 -0.850650808352 
-0.525731112119 -0.000000000000 -0.850650808352 -0.375048336465 0.272488566499 -0.886052327147 -0.277678305745 -0.000000000000 -0.960674116711 
-0.277678305745 -0.000000000000 -0.960674116711 -0.085807315445 0.264087762113 -0.960674116711 0.000000000000 0.000000000000 -1.000000000000 
-0.820878853616 0.264087762113 -0.506374921958 -0.688190960236 0.500000000000 -0.525731112119 -0.624782579012 0.272488566499 -0.731708077098 
-0.624782579012 0.272488566499 -0.731708077098 -0.452220461489 0.509999945216 -0.731708077098 -0.375048336465 0.272488566499 -0.886052327147 
-0.624782579012 0.272488566499 -0.731708077098 -0.735071538171 -0.000000000000 -0.677989552848 -0.820878853616 0.264087762113 -0.506374921958 
-0.375048336465 0.272488566499 -0.886052327147 -0.162459848116 0.500000000000 -0.850650808352 -0.085807315445 0.264087762113 -0.960674116711 
-0.375048336465 0.272488566499 -0.886052327147 -0.525731112119 -0.000000000000 -0.850650808352 -0.624782579012 0.272488566499 -0.731708077098 
-0.085807315445 0.264087762113 -0.960674116711 -0.277678305745 -0.000000000000 -0.960674116711 -0.375048336465 0.272488566499 -0.886052327147 
-0.688190960236 0.500000000000 -0.525731112119 -0.504827903122 0.699094576321 -0.506374921958 -0.452220461489 0.509999945216 -0.731708077098 
-0.452220461489 0.509999945216 -0.731708077098 -0.227149597376 0.699094576321 -0.677989552848 -0.162459848116 0.500000000000 -0.850650808352 
-0.452220461489 0.509999945216 -0.731708077098 -0.624782579012 0.272488566499 -0.731708077098 -0.688190960236 0.500000000000 -0.525731112119 
-0.162459848116 0.500000000000 -0.850650808352 -0.375048336465 0.272488566499 -0.886052327147 -0.452220461489 0.509999945216 -0.731708077098 
-0.504827903122 0.699094576321 -0.506374921958 -0.276393202250 0.850650808352 -0.447213595500 -0.227149597376 0.699094576321 -0.677989552848 
-0.227149597376 0.699094576321 -0.677989552848 -0.452220461489 0.509999945216 -0.731708077098 -0.504827903122 0.699094576321 -0.506374921958 
-0.276393202250 -0.850650808352 -0.447213595500 -0.227149597376 -0.699094576321 -0.677989552848 -0.002503129059 -0.862309789320 -0.506374921958 
-0.002503129059 -0.862309789320 -0.506374921958 0.066083592081 -0.678407140858 -0.731708077098 0.262865556060 -0.809016994375 -0.525731112119 
0.262865556060 -0.809016994375 -0.525731112119 0.345294963404 -0.587685866903 -0.731708077098 0.508878051017 -0.696151971630 -0.506374921958 
0.508878051017 -0.696151971630 -0.506374921958 0.594685366462 -0.432064209517 -0.677989552848 0.723606797750 -0.525731112119 -0.447213595500 
-0.227149597376 -0.699094576321 -0.677989552848 -0.162459848116 -0.500000000000 -0.850650808352 0.066083592081 -0.678407140858 -0.731708077098 
0.066083592081 -0.678407140858 -0.731708077098 0.143255717105 -0.440895762142 -0.886052327147 0.345294963404 -0.587685866903 -0.731708077098 
0.066083592081 -0.678407140858 -0.731708077098 -0.002503129059 -0.862309789320 -0.506374921958 -0.227149597376 -0.699094576321 -0.677989552848 
0.345294963404 -0.587685866903 -0.731708077098 0.425325404176 -0.309016994375 -0.850650808352 0.594685366462 -0.432064209517 -0.677989552848 
0.345294963404 -0.587685866903 -0.731708077098 0.262865556060 -0.809016994375 -0.525731112119 0.066083592081 -0.678407140858 -0.731708077098 
0.594685366462 -0.432064209517 -0.677989552848 0.508878051017 -0.696151971630 -0.506374921958 0.345294963404 -0.587685866903 -0.731708077098 
-0.162459848116 -0.500000000000 -0.850650808352 -0.085807315445 -0.264087762113 -0.960674116711 0.143255717105 -0.440895762142 -0.886052327147 
0.143255717105 -0.440895762142 -0.886052327147 0.224646468317 -0.163215212999 -0.960674116711 0.425325404176 -0.309016994375 -0.850650808352 
0.143255717105 -0.440895762142 -0.886052327147 0.066083592081 -0.678407140858 -0.731708077098 -0.162459848116 -0.500000000000 -0.850650808352 
0.425325404176 -0.309016994375 -0.850650808352 0.345294963404 -0.587685866903 -0.731708077098 0.143255717105 -0.440895762142 -0.886052327147 
-0.085807315445 -0.264087762113 -0.960674116711 0.000000000000 0.000000000000 -1.000000000000 0.224646468317 -0.163215212999 -0.960674116711 
0.224646468317 -0.163215212999 -0.960674116711 0.143255717105 -0.440895762142 -0.886052327147 -0.085807315445 -0.264087762113 -0.960674116711 
-0.276393202250 -0.850650808352 -0.447213595500 -0.141342281932 -0.963182338434 -0.228696616213 -0.002503129059 -0.862309789320 -0.506374921958 
-0.002503129059 -0.862309789320 -0.506374921958 0.154620494335 -0.950895707358 -0.268122838379 0.262865556060 -0.809016994375 -0.525731112119 
0.262865556060 -0.809016994375 -0.525731112119 0.433831865657 -0.860174433403 -0.268122838379 0.508878051017 -0.696151971630 -0.506374921958 
0.508878051017 -0.696151971630 -0.506374921958 0.680492681907 -0.696151971630 -0.228696616213 0.723606797750 -0.525731112119 -0.447213595500 
-0.141342281932 -0.963182338434 -0.228696616213 -0.000000000000 -1.000000000000 -0.000000000000 0.154620494335 -0.950895707358 -0.268122838379 
0.154620494335 -0.950895707358 -0.268122838379 0.308964744384 -0.950895707358 -0.018388595832 0.433831865657 -0.860174433403 -0.268122838379 
0.154620494335 -0.950895707358 -0.268122838379 -0.002503129059 -0.862309789320 -0.506374921958 -0.141342281932 -0.963182338434 -0.228696616213 
0.433831865657 -0.860174433403 -0.268122838379 0.587785252292 -0.809016994375 -0.000000000000 0.680492681907 -0.696151971630 -0.228696616213 
0.433831865657 -0.860174433403 -0.268122838379 0.262865556060 -0.809016994375 -0.525731112119 0.154620494335 -0.950895707358 -0.268122838379 
0.680492681907 -0.696151971630 -0.228696616213 0.508878051017 -0.696151971630 -0.506374921958 0.433831865657 -0.860174433403 -0.268122838379 
-0.000000000000 -1.000000000000 -0.000000000000 0.141342281932 -0.963182338434 0.228696616213 0.308964744384 -0.950895707358 -0.018388595832 
0.308964744384 -0.950895707358 -0.018388595832 0.451796065694 -0.862309789320 0.228696616213 0.587785252292 -0.809016994375 -0.000000000000 
0.308964744384 -0.950895707358 -0.018388595832 0.154620494335 -0.950895707358 -0.268122838379 -0.000000000000 -1.000000000000 -0.000000000000 
0.587785252292 -0.809016994375 -0.000000000000 0.433831865657 -0.860174433403 -0.268122838379 0.308964744384 -0.950895707358 -0.018388595832 
0.141342281932 -0.963182338434 0.228696616213 0.276393202250 -0.850650808352 0.447213595500 0.451796065694 -0.862309789320 0.228696616213 
0.451796065694 -0.862309789320 0.228696616213 0.308964744384 -0.950895707358 -0.018388595832 0.141342281932 -0.963182338434 0.228696616213 
-0.276393202250 -0.850650808352 -0.447213595500 -0.141342281932 -0.963182338434 -0.228696616213 -0.451796065694 -0.862309789320 -0.228696616213 
-0.451796065694 -0.862309789320 -0.228696616213 -0.308964744384 -0.950895707358 0.018388595832 -0.587785252292 -0.809016994375 0.000000000000 
-0.587785252292 -0.809016994375 0.000000000000 -0.433831865657 -0.860174433403 0.268122838379 -0.680492681907 -0.696151971630 0.228696616213 
-0.680492681907 -0.696151971630 0.228696616213 -0.508878051017 -0.696151971630 0.506374921958 -0.723606797750 -0.525731112119 0.447213595500 
-0.141342281932 -0.963182338434 -0.228696616213 -0.000000000000 -1.000000000000 -0.000000000000 -0.308964744384 -0.950895707358 0.018388595832 
-0.308964744384 -0.950895707358 0.018388595832 -0.154620494335 -0.950895707358 0.268122838379 -0.433831865657 -0.860174433403 0.268122838379 
-0.308964744384 -0.950895707358 0.018388595832 -0.451796065694 -0.862309789320 -0.228696616213 -0.141342281932 -0.963182338434 -0.228696616213 
-0.433831865657 -0.860174433403 0.268122838379 -0.262865556060 -0.809016994375 0.525731112119 -0.508878051017 -0.696151971630 0.506374921958 
-0.433831865657 -0.860174433403 0.268122838379 -0.587785252292 -0.809016994375 0.000000000000 -0.308964744384 -0.950895707358 0.018388595832 
-0.508878051017 -0.696151971630 0.506374921958 -0.680492681907 -0.696151971630 0.228696616213 -0.433831865657 -0.860174433403 0.268122838379 
-0.000000000000 -1.000000000000 -0.000000000000 0.141342281932 -0.963182338434 0.228696616213 -0.154620494335 -0.950895707358 0.268122838379 
-0.154620494335 -0.950895707358 0.268122838379 0.002503129059 -0.862309789320 0.506374921958 -0.262865556060 -0.809016994375 0.525731112119 
-0.154620494335 -0.950895707358 0.268122838379 -0.308964744384 -0.950895707358 0.018388595832 -0.000000000000 -1.000000000000 -0.000000000000 
-0.262865556060 -0.809016994375 0.525731112119 -0.433831865657 -0.860174433403 0.268122838379 -0.154620494335 -0.950895707358 0.268122838379 
0.141342281932 -0.963182338434 0.228696616213 0.276393202250 -0.850650808352 0.447213595500 0.002503129059 -0.862309789320 0.506374921958 
0.002503129059 -0.862309789320 0.506374921958 -0.154620494335 -0.950895707358 0.268122838379 0.141342281932 -0.963182338434 0.228696616213 
0.276393202250 0.850650808352 0.447213595500 0.141342281932 0.963182338434 0.228696616213 0.002503129059 0.862309789320 0.506374921958 
0.002503129059 0.862309789320 0.506374921958 -0.154620494335 0.950895707358 0.268122838379 -0.262865556060 0.809016994375 0.525731112119 
-0.262865556060 0.809016994375 0.525731112119 -0.433831865657 0.860174433403 0.268122838379 -0.508878051017 0.696151971630 0.506374921958 
-0.508878051017 0.696151971630 0.506374921958 -0.680492681907 0.696151971630 0.228696616213 -0.723606797750 0.525731112119 0.447213595500 
0.141342281932 0.963182338434 0.228696616213 0.000000000000 1.000000000000 0.000000000000 -0.154620494335 0.950895707358 0.268122838379 
-0.154620494335 0.950895707358 0.268122838379 -0.308964744384 0.950895707358 0.018388595832 -0.433831865657 0.860174433403 0.268122838379 
-0.154620494335 0.950895707358 0.268122838379 0.002503129059 0.862309789320 0.506374921958 0.141342281932 0.963182338434 0.228696616213 
-0.433831865657 0.860174433403 0.268122838379 -0.587785252292 0.809016994375 0.000000000000 -0.680492681907 0.696151971630 0.228696616213 
-0.433831865657 0.860174433403 0.268122838379 -0.262865556060 0.809016994375 0.525731112119 -0.154620494335 0.950895707358 0.268122838379 
-0.680492681907 0.696151971630 0.228696616213 -0.508878051017 0.696151971630 0.506374921958 -0.433831865657 0.860174433403 0.268122838379 
0.000000000000 1.000000000000 0.000000000000 -0.141342281932 0.963182338434 -0.228696616213 -0.308964744384 0.950895707358 0.018388595832 
-0.308964744384 0.950895707358 0.018388595832 -0.451796065694 0.862309789320 -0.228696616213 -0.587785252292 0.809016994375 0.000000000000 
-0.308964744384 0.950895707358 0.018388595832 -0.154620494335 0.950895707358 0.268122838379 0.000000000000 1.000000000000 0.000000000000 
-0.587785252292 0.809016994375 0.000000000000 -0.433831865657 0.860174433403 0.268122838379 -0.308964744384 0.950895707358 0.018388595832 
-0.141342281932 0.963182338434 -0.228696616213 -0.276393202250 0.850650808352 -0.447213595500 -0.451796065694 0.862309789320 -0.228696616213 
-0.451796065694 0.862309789320 -0.228696616213 -0.308964744384 0.950895707358 0.018388595832 -0.141342281932 0.963182338434 -0.228696616213 
0.276393202250 0.850650808352 0.447213595500 0.141342281932 0.963182338434 0.228696616213 0.451796065694 0.862309789320 0.228696616213 
0.451796065694 0.862309789320 0.228696616213 0.308964744384 0.950895707358 -0.018388595832 0.587785252292 0.809016994375 -0.000000000000 
0.587785252292 0.809016994375 -0.000000000000 0.433831865657 0.860174433403 -0.268122838379 0.680492681907 0.696151971630 -0.228696616213 
0.680492681907 0.696151971630 -0.228696616213 0.508878051017 0.696151971630 -0.506374921958 0.723606797750 0.525731112119 -0.447213595500 
0.141342281932 0.963182338434 0.228696616213 0.000000000000 1.000000000000 0.000000000000 0.308964744384 0.950895707358 -0.018388595832 
0.308964744384 0.950895707358 -0.018388595832 0.154620494335 0.950895707358 -0.268122838379 0.433831865657 0.860174433403 -0.268122838379 
0.308964744384 0.950895707358 -0.018388595832 0.451796065694 0.862309789320 0.228696616213 0.141342281932 0.963182338434 0.228696616213 
0.433831865657 0.860174433403 -0.268122838379 0.262865556060 0.809016994375 -0.525731112119 0.508878051017 0.696151971630 -0.506374921958 
0.433831865657 0.860174433403 -0.268122838379 0.587785252292 0.809016994375 -0.000000000000 0.308964744384 0.950895707358 -0.018388595832 
0.508878051017 0.696151971630 -0.506374921958 0.680492681907 0.696151971630 -0.228696616213 0.433831865657 0.860174433403 -0.268122838379 
0.000000000000 1.000000000000 0.000000000000 -0.141342281932 0.963182338434 -0.228696616213 0.154620494335 0.950895707358 -0.268122838379 
0.154620494335 0.950895707358 -0.268122838379 -0.002503129059 0.862309789320 -0.506374921958 0.262865556060 0.809016994375 -0.525731112119 
0.154620494335 0.950895707358 -0.268122838379 0.308964744384 0.950895707358 -0.018388595832 0.000000000000 1.000000000000 0.000000000000 
0.262865556060 0.809016994375 -0.525731112119 0.433831865657 0.860174433403 -0.268122838379 0.154620494335 0.950895707358 -0.268122838379 
-0.141342281932 0.963182338434 -0.228696616213 -0.276393202250 0.850650808352 -0.447213595500 -0.002503129059 0.862309789320 -0.506374921958 
-0.002503129059 0.862309789320 -0.506374921958 0.154620494335 0.950895707358 -0.268122838379 -0.141342281932 0.963182338434 -0.228696616213 
0.276393202250 0.850650808352 0.447213595500 0.504827903122 0.699094576321 0.506374921958 0.451796065694 0.862309789320 0.228696616213 
0.451796065694 0.862309789320 0.228696616213 0.684013080849 0.678407140858 0.268122838379 0.587785252292 0.809016994375 -0.000000000000 
0.587785252292 0.809016994375 -0.000000000000 0.808880202122 0.587685866903 0.018388595832 0.680492681907 0.696151971630 -0.228696616213 
0.680492681907 0.696151971630 -0.228696616213 0.872363672207 0.432064209517 -0.228696616213 0.723606797750 0.525731112119 -0.447213595500 
0.504827903122 0.699094576321 0.506374921958 0.688190960236 0.500000000000 0.525731112119 0.684013080849 0.678407140858 0.268122838379 
0.684013080849 0.678407140858 0.268122838379 0.856575198371 0.440895762142 0.268122838379 0.808880202122 0.587685866903 0.018388595832 
0.684013080849 0.678407140858 0.268122838379 0.451796065694 0.862309789320 0.228696616213 0.504827903122 0.699094576321 0.506374921958 
0.808880202122 0.587685866903 0.018388595832 0.951056516295 0.309016994375 -0.000000000000 0.872363672207 0.432064209517 -0.228696616213 
0.808880202122 0.587685866903 0.018388595832 0.587785252292 0.809016994375 -0.000000000000 0.684013080849 0.678407140858 0.268122838379 
0.872363672207 0.432064209517 -0.228696616213 0.680492681907 0.696151971630 -0.228696616213 0.808880202122 0.587685866903 0.018388595832 
0.688190960236 0.500000000000 0.525731112119 0.820878853616 0.264087762113 0.506374921958 0.856575198371 0.440895762142 0.268122838379 
0.856575198371 0.440895762142 0.268122838379 0.959718006489 0.163215212999 0.228696616213 0.951056516295 0.309016994375 -0.000000000000 
0.856575198371 0.440895762142 0.268122838379 0.684013080849 0.678407140858 0.268122838379 0.688190960236 0.500000000000 0.525731112119 
0.951056516295 0.309016994375 -0.000000000000 0.808880202122 0.587685866903 0.018388595832 0.856575198371 0.440895762142 0.268122838379 
0.820878853616 0.264087762113 0.506374921958 0.894427191000 0.000000000000 0.447213595500 0.959718006489 0.163215212999 0.228696616213 
0.959718006489 0.163215212999 0.228696616213 0.856575198371 0.440895762142 0.268122838379 0.820878853616 0.264087762113 0.506374921958 
0.723606797750 -0.525731112119 -0.447213595500 0.819331834779 -0.268848996518 -0.506374921958 0.594685366462 -0.432064209517 -0.677989552848 
0.594685366462 -0.432064209517 -0.677989552848 0.665624485017 -0.146790104762 -0.731708077098 0.425325404176 -0.309016994375 -0.850650808352 
0.425325404176 -0.309016994375 -0.850650808352 0.463585238719 0.000000000000 -0.886052327147 0.224646468317 -0.163215212999 -0.960674116711 
0.224646468317 -0.163215212999 -0.960674116711 0.224646468317 0.163215212999 -0.960674116711 0.000000000000 0.000000000000 -1.000000000000 
0.819331834779 -0.268848996518 -0.506374921958 0.850650808352 0.000000000000 -0.525731112119 0.665624485017 -0.146790104762 -0.731708077098 
0.665624485017 -0.146790104762 -0.731708077098 0.665624485017 0.146790104762 -0.731708077098 0.463585238719 0.000000000000 -0.886052327147 
0.665624485017 -0.146790104762 -0.731708077098 0.594685366462 -0.432064209517 -0.677989552848 0.819331834779 -0.268848996518 -0.506374921958 
0.463585238719 0.000000000000 -0.886052327147 0.425325404176 0.309016994375 -0.850650808352 0.224646468317 0.163215212999 -0.960674116711 
0.463585238719 0.000000000000 -0.886052327147 0.425325404176 -0.309016994375 -0.850650808352 0.665624485017 -0.146790104762 -0.731708077098 
0.224646468317 0.163215212999 -0.960674116711 0.224646468317 -0.163215212999 -0.960674116711 0.463585238719 0.000000000000 -0.886052327147 
0.850650808352 0.000000000000 -0.525731112119 0.819331834779 0.268848996518 -0.506374921958 0.665624485017 0.146790104762 -0.731708077098 
0.665624485017 0.146790104762 -0.731708077098 0.594685366462 0.432064209517 -0.677989552848 0.425325404176 0.309016994375 -0.850650808352 
0.665624485017 0.146790104762 -0.731708077098 0.665624485017 -0.146790104762 -0.731708077098 0.850650808352 0.000000000000 -0.525731112119 
0.425325404176 0.309016994375 -0.850650808352 0.463585238719 0.000000000000 -0.886052327147 0.665624485017 0.146790104762 -0.731708077098 
0.819331834779 0.268848996518 -0.506374921958 0.723606797750 0.525731112119 -0.447213595500 0.594685366462 0.432064209517 -0.677989552848 
0.594685366462 0.432064209517 -0.677989552848 0.665624485017 0.146790104762 -0.731708077098 0.819331834779 0.268848996518 -0.506374921958 
0.723606797750 -0.525731112119 -0.447213595500 0.872363672207 -0.432064209517 -0.228696616213 0.819331834779 -0.268848996518 -0.506374921958 
0.819331834779 -0.268848996518 -0.506374921958 0.952135919228 -0.146790104762 -0.268122838379 0.850650808352 0.000000000000 -0.525731112119 
0.850650808352 0.000000000000 -0.525731112119 0.952135919228 0.146790104762 -0.268122838379 0.819331834779 0.268848996518 -0.506374921958 
0.819331834779 0.268848996518 -0.506374921958 0.872363672207 0.432064209517 -0.228696616213 0.723606797750 0.525731112119 -0.447213595500 
0.872363672207 -0.432064209517 -0.228696616213 0.951056516295 -0.309016994375 0.000000000000 0.952135919228 -0.146790104762 -0.268122838379 
0.952135919228 -0.146790104762 -0.268122838379 0.999830915477 0.000000000000 -0.018388595832 0.952135919228 0.146790104762 -0.268122838379 
0.952135919228 -0.146790104762 -0.268122838379 0.819331834779 -0.268848996518 -0.506374921958 0.872363672207 -0.432064209517 -0.228696616213 
0.952135919228 0.146790104762 -0.268122838379 0.951056516295 0.309016994375 -0.000000000000 0.872363672207 0.432064209517 -0.228696616213 
0.952135919228 0.146790104762 -0.268122838379 0.850650808352 0.000000000000 -0.525731112119 0.952135919228 -0.146790104762 -0.268122838379 
0.872363672207 0.432064209517 -0.228696616213 0.819331834779 0.268848996518 -0.506374921958 0.952135919228 0.146790104762 -0.268122838379 
0.951056516295 -0.309016994375 0.000000000000 0.959718006489 -0.163215212999 0.228696616213 0.999830915477 0.000000000000 -0.018388595832 
0.999830915477 0.000000000000 -0.018388595832 0.959718006489 0.163215212999 0.228696616213 0.951056516295 0.309016994375 -0.000000000000 
0.999830915477 0.000000000000 -0.018388595832 0.952135919228 -0.146790104762 -0.268122838379 0.951056516295 -0.309016994375 0.000000000000 
0.951056516295 0.309016994375 -0.000000000000 0.952135919228 0.146790104762 -0.268122838379 0.999830915477 0.000000000000 -0.018388595832 
0.959718006489 -0.163215212999 0.228696616213 0.894427191000 0.000000000000 0.447213595500 0.959718006489 0.163215212999 0.228696616213 
0.959718006489 0.163215212999 0.228696616213 0.999830915477 0.000000000000 -0.018388595832 0.959718006489 -0.163215212999 0.228696616213 
0.723606797750 -0.525731112119 -0.447213595500 0.872363672207 -0.432064209517 -0.228696616213 0.680492681907 -0.696151971630 -0.228696616213 
0.680492681907 -0.696151971630 -0.228696616213 0.808880202122 -0.587685866903 0.018388595832 0.587785252292 -0.809016994375 -0.000000000000 
0.587785252292 -0.809016994375 -0.000000000000 0.684013080849 -0.678407140858 0.268122838379 0.451796065694 -0.862309789320 0.228696616213 
0.451796065694 -0.862309789320 0.228696616213 0.504827903122 -0.699094576321 0.506374921958 0.276393202250 -0.850650808352 0.447213595500 
0.872363672207 -0.432064209517 -0.228696616213 0.951056516295 -0.309016994375 0.000000000000 0.808880202122 -0.587685866903 0.018388595832 
0.808880202122 -0.587685866903 0.018388595832 0.856575198371 -0.440895762142 0.268122838379 0.684013080849 -0.678407140858 0.268122838379 
0.808880202122 -0.587685866903 0.018388595832 0.680492681907 -0.696151971630 -0.228696616213 0.872363672207 -0.432064209517 -0.228696616213 
0.684013080849 -0.678407140858 0.268122838379 0.688190960236 -0.500000000000 0.525731112119 0.504827903122 -0.699094576321 0.506374921958 
0.684013080849 -0.678407140858 0.268122838379 0.587785252292 -0.809016994375 -0.000000000000 0.808880202122 -0.587685866903 0.018388595832 
0.504827903122 -0.699094576321 0.506374921958 0.451796065694 -0.862309789320 0.228696616213 0.684013080849 -0.678407140858 0.268122838379 
0.951056516295 -0.309016994375 0.000000000000 0.959718006489 -0.163215212999 0.228696616213 0.856575198371 -0.440895762142 0.268122838379 
0.856575198371 -0.440895762142 0.268122838379 0.820878853616 -0.264087762113 0.506374921958 0.688190960236 -0.500000000000 0.525731112119 
0.856575198371 -0.440895762142 0.268122838379 0.808880202122 -0.587685866903 0.018388595832 0.951056516295 -0.309016994375 0.000000000000 
0.688190960236 -0.500000000000 0.525731112119 0.684013080849 -0.678407140858 0.268122838379 0.856575198371 -0.440895762142 0.268122838379 
0.959718006489 -0.163215212999 0.228696616213 0.894427191000 0.000000000000 0.447213595500 0.820878853616 -0.264087762113 0.506374921958 
0.820878853616 -0.264087762113 0.506374921958 0.856575198371 -0.440895762142 0.268122838379 0.959718006489 -0.163215212999 0.228696616213 
0.000000000000 0.000000000000 -1.000000000000 -0.085807315445 0.264087762113 -0.960674116711 0.224646468317 0.163215212999 -0.960674116711 
0.224646468317 0.163215212999 -0.960674116711 0.143255717105 0.440895762142 -0.886052327147 0.425325404176 0.309016994375 -0.850650808352 
0.425325404176 0.309016994375 -0.850650808352 0.345294963404 0.587685866903 -0.731708077098 0.594685366462 0.432064209517 -0.677989552848 
0.594685366462 0.432064209517 -0.677989552848 0.508878051017 0.696151971630 -0.506374921958 0.723606797750 0.525731112119 -0.447213595500 
-0.085807315445 0.264087762113 -0.960674116711 -0.162459848116 0.500000000000 -0.850650808352 0.143255717105 0.440895762142 -0.886052327147 
0.143255717105 0.440895762142 -0.886052327147 0.066083592081 0.678407140858 -0.731708077098 0.345294963404 0.587685866903 -0.731708077098 
0.143255717105 0.440895762142 -0.886052327147 0.224646468317 0.163215212999 -0.960674116711 -0.085807315445 0.264087762113 -0.960674116711 
0.345294963404 0.587685866903 -0.731708077098 0.262865556060 0.809016994375 -0.525731112119 0.508878051017 0.696151971630 -0.506374921958 
0.345294963404 0.587685866903 -0.731708077098 0.425325404176 0.309016994375 -0.850650808352 0.143255717105 0.440895762142 -0.886052327147 
0.508878051017 0.696151971630 -0.506374921958 0.594685366462 0.432064209517 -0.677989552848 0.345294963404 0.587685866903 -0.731708077098 
-0.162459848116 0.500000000000 -0.850650808352 -0.227149597376 0.699094576321 -0.677989552848 0.066083592081 0.678407140858 -0.731708077098 
0.066083592081 0.678407140858 -0.731708077098 -0.002503129059 0.862309789320 -0.506374921958 0.262865556060 0.809016994375 -0.525731112119 
0.066083592081 0.678407140858 -0.731708077098 0.143255717105 0.440895762142 -0.886052327147 -0.162459848116 0.500000000000 -0.850650808352 
0.262865556060 0.809016994375 -0.525731112119 0.345294963404 0.587685866903 -0.731708077098 0.066083592081 0.678407140858 -0.731708077098 
-0.227149597376 0.699094576321 -0.677989552848 -0.276393202250 0.850650808352 -0.447213595500 -0.002503129059 0.862309789320 -0.506374921958 
-0.002503129059 0.862309789320 -0.506374921958 0.066083592081 0.678407140858 -0.731708077098 -0.227149597376 0.699094576321 -0.677989552848 