0 3 -3 0.000000058331 -0.000000042380
1 3 -3 -0.000000095877 -0.000000468850
2 3 -3 -0.000000782560 -0.000001525959
3 3 -3 -0.000002297661 -0.000003400309
4 3 -3 -0.000004778511 -0.000006121230
5 3 -3 -0.000008196786 -0.000009581825
6 3 -3 -0.000012355832 -0.000013547052
7 3 -3 -0.000016891384 -0.000017666805
8 3 -3 0.000000416276 0.000000236067
9 3 -3 0.000001090942 -0.000000792616
10 3 -3 0.000000170766 -0.000000124069
11 3 -3 0.000001302568 -0.000003020995
12 3 -3 0.000000024727 -0.000001013180
13 3 -3 0.000000740437 -0.000006499820
14 3 -3 -0.000000849075 -0.000002875134
15 3 -3 -0.000000777429 -0.000011077751
16 3 -3 -0.000002757942 -0.000005851847
17 3 -3 -0.000003243096 -0.000016405298
18 3 -3 -0.000005806603 -0.000009883633
19 3 -3 -0.000006436114 -0.000021962524
20 3 -3 -0.000009884434 -0.000014733036
21 3 -3 -0.000014669344 -0.000019999412
22 3 -3 0.000001209449 0.000001215806
23 3 -3 0.000003275653 -0.000000305277
24 3 -3 0.000000971232 0.000000289573
25 3 -3 0.000004967715 -0.000003609256
26 3 -3 0.000002039545 -0.000001481816
27 3 -3 0.000005851129 -0.000008538621
28 3 -3 0.000002456288 -0.000004871048
29 3 -3 0.000005664282 -0.000014682417
30 3 -3 0.000001873480 -0.000009813126
31 3 -3 0.000004375242 -0.000021382251
32 3 -3 0.000000131844 -0.000016002675
33 3 -3 -0.000002695409 -0.000022910172
34 3 -3 0.000002523870 0.000003235959
35 3 -3 0.000006410504 0.000001304357
36 3 -3 0.000002472036 0.000001695984
37 3 -3 0.000009928810 -0.000002926175
38 3 -3 0.000005391677 -0.000000830832
39 3 -3 0.000012464015 -0.000009055637
40 3 -3 0.000007693544 -0.000005589687
41 3 -3 0.000013631148 -0.000016352968
42 3 -3 0.000008902289 -0.000012248971
43 3 -3 0.000008770786 -0.000020200572
44 3 -3 0.000004344995 0.000006436198
45 3 -3 0.000010295328 0.000004162592
46 3 -3 0.000004713187 0.000004431279
47 3 -3 0.000015714168 -0.000000849936
48 3 -3 0.000009911775 0.000001250637
49 3 -3 0.000019764853 -0.000007910647
50 3 -3 0.000014400422 -0.000004681440
51 3 -3 0.000017534096 -0.000012739266
52 3 -3 0.000006579911 0.000010756553
53 3 -3 0.000014600194 0.000008153883
54 3 -3 0.000007605554 0.000008576618
55 3 -3 0.000021687754 0.000002446377
56 3 -3 0.000015260191 0.000004819708
57 3 -3 0.000021922207 -0.000002099193
58 3 -3 0.000009065850 0.000015937364
59 3 -3 0.000018898733 0.000012907901
60 3 -3 0.000010957492 0.000013953414
61 3 -3 0.000020955941 0.000009643119
62 3 -3 0.000011582406 0.000021524004
63 3 -3 0.000014487494 0.000020131533
64 3 -3 -0.000000022280 0.000000068572
65 3 -3 -0.000000475531 0.000000053698
66 3 -3 -0.000001693098 -0.000000272711
67 3 -3 -0.000003943902 -0.000001134452
68 3 -3 -0.000007298277 -0.000002653070
69 3 -3 -0.000011645803 -0.000004834660
70 3 -3 -0.000016702174 -0.000007564826
71 3 -3 -0.000022021855 -0.000010605318
72 3 -3 0.000000353149 0.000000322953
73 3 -3 -0.000000416703 0.000001282480
74 3 -3 -0.000000065227 0.000000200748
75 3 -3 -0.000002470622 0.000002172354
76 3 -3 -0.000000955950 0.000000336606
77 3 -3 -0.000005952888 0.000002712753
78 3 -3 -0.000002996794 0.000000080947
79 3 -3 -0.000010775806 0.000002683834
80 3 -3 -0.000006417688 -0.000000814638
81 3 -3 -0.000016604538 0.000001985149
82 3 -3 -0.000011194232 -0.000002468197
83 3 -3 -0.000022876470 0.000000665685
84 3 -3 -0.000017066408 -0.000004847897
85 3 -3 -0.000023553648 -0.000007771217
86 3 -3 0.000001530040 0.000000774550
87 3 -3 0.000000721897 0.000003209667
88 3 -3 0.000000575528 0.000000834213
89 3 -3 -0.000001897498 0.000005839899
90 3 -3 -0.000000779037 0.000002397629
91 3 -3 -0.000006312613 0.000008203333
92 3 -3 -0.000003873607 0.000003841306
93 3 -3 -0.000012213449 0.000009924169
94 3 -3 -0.000008753900 0.000004814208
95 3 -3 -0.000018983705 0.000010768581
96 3 -3 -0.000015178707 0.000005070490
97 3 -3 -0.000022621795 0.000004516146
98 3 -3 0.000003857498 0.000001400376
99 3 -3 0.000003221472 0.000005693683
100 3 -3 0.000002376878 0.000001826958
101 3 -3 0.000000285213 0.000010347097
102 3 -3 0.000000875951 0.000005384531
103 3 -3 -0.000004760830 0.000014652328
104 3 -3 -0.000002938672 0.000009044303
105 3 -3 -0.000011340341 0.000018017337
106 3 -3 -0.000008898505 0.000012251720
107 3 -3 -0.000016501563 0.000014583833
108 3 -3 0.000007463865 0.000002143441
109 3 -3 0.000007140292 0.000008505127
110 3 -3 0.000005670851 0.000003113167
111 3 -3 0.000004047608 0.000015207707
112 3 -3 0.000004252333 0.000009040190
113 3 -3 -0.000001415797 0.000021242017
114 3 -3 -0.000000002338 0.000015142260
115 3 -3 -0.000006697429 0.000020612566
116 3 -3 0.000012263394 0.000002933909
117 3 -3 0.000012266512 0.000011365921
118 3 -3 0.000010507094 0.000004582991
119 3 -3 0.000009028527 0.000019870307
120 3 -3 0.000009299473 0.000013023932
121 3 -3 0.000004777883 0.000021497945
122 3 -3 0.000017958836 0.000003697219
123 3 -3 0.000018116173 0.000013985002
124 3 -3 0.000016656536 0.000006109352
125 3 -3 0.000015646893 0.000016950396
126 3 -3 0.000024049705 0.000004364239
127 3 -3 0.000023623108 0.000007557440
128 3 -3 -0.000000072101 -0.000000000000
129 3 -3 -0.000000198017 0.000000435663
130 3 -3 -0.000000263832 0.000001694504
131 3 -3 -0.000000139805 0.000004101439
132 3 -3 0.000000267928 0.000007760917
133 3 -3 0.000000999284 0.000012569809
134 3 -3 0.000002033321 0.000018222371
135 3 -3 0.000003281129 0.000024221252
136 3 -3 -0.000000198017 -0.000000435663
137 3 -3 -0.000001348479 -0.000000000000
138 3 -3 -0.000000211079 -0.000000000000
139 3 -3 -0.000002829496 0.000001678407
140 3 -3 -0.000000615536 0.000000805145
141 3 -3 -0.000004419525 0.000004823246
142 3 -3 -0.000001003045 0.000002825106
143 3 -3 -0.000005882385 0.000009419050
144 3 -3 -0.000001208408 0.000006355321
145 3 -3 -0.000007019073 0.000015178409
146 3 -3 -0.000001111813 0.000011409062
147 3 -3 -0.000007702322 0.000021551108
148 3 -3 -0.000000663186 0.000017729201
149 3 -3 0.000000112389 0.000024802288
150 3 -3 -0.000000263832 -0.000001694504
151 3 -3 -0.000002829496 -0.000001678407
152 3 -3 -0.000000615536 -0.000000805145
153 3 -3 -0.000006140433 0.000000000000
154 3 -3 -0.000002521016 0.000000000000
155 3 -3 -0.000009752538 0.000003468683
156 3 -3 -0.000004850309 0.000002496991
157 3 -3 -0.000013212609 0.000008548944
158 3 -3 -0.000007283688 0.000006837782
159 3 -3 -0.000016107817 0.000014726902
160 3 -3 -0.000009512800 0.000012868940
161 3 -3 -0.000011285629 0.000020119040
162 3 -3 -0.000000139805 -0.000004101439
163 3 -3 -0.000004419525 -0.000004823246
164 3 -3 -0.000001003045 -0.000002825106
165 3 -3 -0.000009752538 -0.000003468683
166 3 -3 -0.000004850309 -0.000002496991
167 3 -3 -0.000015406369 -0.000000000000
168 3 -3 -0.000009509743 0.000000000000
169 3 -3 -0.000020639864 0.000005217642
170 3 -3 -0.000014401868 0.000004676992
171 3 -3 -0.000018969313 0.000011187267
172 3 -3 0.000000267928 -0.000007760917
173 3 -3 -0.000005882385 -0.000009419050
174 3 -3 -0.000001208408 -0.000006355321
175 3 -3 -0.000013212609 -0.000008548944
176 3 -3 -0.000007283688 -0.000006837782
177 3 -3 -0.000020639864 -0.000005217642
178 3 -3 -0.000014401868 -0.000004676992
179 3 -3 -0.000021673334 -0.000000000000
180 3 -3 0.000000999284 -0.000012569809
181 3 -3 -0.000007019073 -0.000015178409
182 3 -3 -0.000001111813 -0.000011409062
183 3 -3 -0.000016107817 -0.000014726902
184 3 -3 -0.000009512800 -0.000012868940
185 3 -3 -0.000018969313 -0.000011187267
186 3 -3 0.000002033321 -0.000018222371
187 3 -3 -0.000007702322 -0.000021551108
188 3 -3 -0.000000663186 -0.000017729201
189 3 -3 -0.000011285629 -0.000020119040
190 3 -3 0.000003281129 -0.000024221252
191 3 -3 0.000000112389 -0.000024802288
192 3 -3 0.000000058331 0.000000042380
193 3 -3 0.000000416276 -0.000000236067
194 3 -3 0.000001209449 -0.000001215806
195 3 -3 0.000002523870 -0.000003235959
196 3 -3 0.000004344995 -0.000006436198
197 3 -3 0.000006579911 -0.000010756553
198 3 -3 0.000009065850 -0.000015937364
199 3 -3 0.000011582406 -0.000021524004
200 3 -3 -0.000000095877 0.000000468850
201 3 -3 0.000001090942 0.000000792616
202 3 -3 0.000000170766 0.000000124069
203 3 -3 0.000003275653 0.000000305277
204 3 -3 0.000000971232 -0.000000289573
205 3 -3 0.000006410504 -0.000001304357
206 3 -3 0.000002472036 -0.000001695984
207 3 -3 0.000010295328 -0.000004162592
208 3 -3 0.000004713187 -0.000004431279
209 3 -3 0.000014600194 -0.000008153883
210 3 -3 0.000007605554 -0.000008576618
211 3 -3 0.000018898733 -0.000012907901
212 3 -3 0.000010957492 -0.000013953414
213 3 -3 0.000014487494 -0.000020131533
214 3 -3 -0.000000782560 0.000001525959
215 3 -3 0.000001302568 0.000003020995
216 3 -3 0.000000024727 0.000001013180
217 3 -3 0.000004967715 0.000003609256
218 3 -3 0.000002039545 0.000001481816
219 3 -3 0.000009928810 0.000002926175
220 3 -3 0.000005391677 0.000000830832
221 3 -3 0.000015714168 0.000000849936
222 3 -3 0.000009911775 -0.000001250637
223 3 -3 0.000021687754 -0.000002446377
224 3 -3 0.000015260191 -0.000004819708
225 3 -3 0.000020955941 -0.000009643119
226 3 -3 -0.000002297661 0.000003400309
227 3 -3 0.000000740437 0.000006499820
228 3 -3 -0.000000849075 0.000002875134
229 3 -3 0.000005851129 0.000008538621
230 3 -3 0.000002456288 0.000004871048
231 3 -3 0.000012464015 0.000009055637
232 3 -3 0.000007693544 0.000005589687
233 3 -3 0.000019764853 0.000007910647
234 3 -3 0.000014400422 0.000004681440
235 3 -3 0.000021922207 0.000002099193
236 3 -3 -0.000004778511 0.000006121230
237 3 -3 -0.000000777429 0.000011077751
238 3 -3 -0.000002757942 0.000005851847
239 3 -3 0.000005664282 0.000014682417
240 3 -3 0.000001873480 0.000009813126
241 3 -3 0.000013631148 0.000016352968
242 3 -3 0.000008902289 0.000012248971
243 3 -3 0.000017534096 0.000012739266
244 3 -3 -0.000008196786 0.000009581825
245 3 -3 -0.000003243096 0.000016405298
246 3 -3 -0.000005806603 0.000009883633
247 3 -3 0.000004375242 0.000021382251
248 3 -3 0.000000131844 0.000016002675
249 3 -3 0.000008770786 0.000020200572
250 3 -3 -0.000012355832 0.000013547052
251 3 -3 -0.000006436114 0.000021962524
252 3 -3 -0.000009884434 0.000014733036
253 3 -3 -0.000002695409 0.000022910172
254 3 -3 -0.000016891384 0.000017666805
255 3 -3 -0.000014669344 0.000019999412
256 3 -3 -0.000000022280 -0.000000068572
257 3 -3 -0.000000475531 -0.000000053698
258 3 -3 -0.000001693098 0.000000272711
259 3 -3 -0.000003943902 0.000001134452
260 3 -3 -0.000007298277 0.000002653070
261 3 -3 -0.000011645803 0.000004834660
262 3 -3 -0.000016702174 0.000007564826
263 3 -3 -0.000022021855 0.000010605318
264 3 -3 0.000000353149 -0.000000322953
265 3 -3 -0.000000416703 -0.000001282480
266 3 -3 -0.000000065227 -0.000000200748
267 3 -3 -0.000002470622 -0.000002172354
268 3 -3 -0.000000955950 -0.000000336606
269 3 -3 -0.000005952888 -0.000002712753
270 3 -3 -0.000002996794 -0.000000080947
271 3 -3 -0.000010775806 -0.000002683834
272 3 -3 -0.000006417688 0.000000814638
273 3 -3 -0.000016604538 -0.000001985149
274 3 -3 -0.000011194232 0.000002468197
275 3 -3 -0.000022876470 -0.000000665685
276 3 -3 -0.000017066408 0.000004847897
277 3 -3 -0.000023553648 0.000007771217
278 3 -3 0.000001530040 -0.000000774550
279 3 -3 0.000000721897 -0.000003209667
280 3 -3 0.000000575528 -0.000000834213
281 3 -3 -0.000001897498 -0.000005839899
282 3 -3 -0.000000779037 -0.000002397629
283 3 -3 -0.000006312613 -0.000008203333
284 3 -3 -0.000003873607 -0.000003841306
285 3 -3 -0.000012213449 -0.000009924169
286 3 -3 -0.000008753900 -0.000004814208
287 3 -3 -0.000018983705 -0.000010768581
288 3 -3 -0.000015178707 -0.000005070490
289 3 -3 -0.000022621795 -0.000004516146
290 3 -3 0.000003857498 -0.000001400376
291 3 -3 0.000003221472 -0.000005693683
292 3 -3 0.000002376878 -0.000001826958
293 3 -3 0.000000285213 -0.000010347097
294 3 -3 0.000000875951 -0.000005384531
295 3 -3 -0.000004760830 -0.000014652328
296 3 -3 -0.000002938672 -0.000009044303
297 3 -3 -0.000011340341 -0.000018017337
298 3 -3 -0.000008898505 -0.000012251720
299 3 -3 -0.000016501563 -0.000014583833
300 3 -3 0.000007463865 -0.000002143441
301 3 -3 0.000007140292 -0.000008505127
302 3 -3 0.000005670851 -0.000003113167
303 3 -3 0.000004047608 -0.000015207707
304 3 -3 0.000004252333 -0.000009040190
305 3 -3 -0.000001415797 -0.000021242017
306 3 -3 -0.000000002338 -0.000015142260
307 3 -3 -0.000006697429 -0.000020612566
308 3 -3 0.000012263394 -0.000002933909
309 3 -3 0.000012266512 -0.000011365921
310 3 -3 0.000010507094 -0.000004582991
311 3 -3 0.000009028527 -0.000019870307
312 3 -3 0.000009299473 -0.000013023932
313 3 -3 0.000004777883 -0.000021497945
314 3 -3 0.000017958836 -0.000003697219
315 3 -3 0.000018116173 -0.000013985002
316 3 -3 0.000016656536 -0.000006109352
317 3 -3 0.000015646893 -0.000016950396
318 3 -3 0.000024049705 -0.000004364239
319 3 -3 0.000023623108 -0.000007557440
320 3 -3 -0.000024049705 -0.000004364239
321 3 -3 -0.000018116173 -0.000013985002
322 3 -3 -0.000009028527 -0.000019870307
323 3 -3 0.000001415797 -0.000021242017
324 3 -3 0.000011340341 -0.000018017337
325 3 -3 0.000018983705 -0.000010768581
326 3 -3 0.000022876470 -0.000000665685
327 3 -3 0.000022021855 0.000010605318
328 3 -3 -0.000017958836 -0.000003697219
329 3 -3 -0.000012266512 -0.000011365921
330 3 -3 -0.000023623108 -0.000007557440
331 3 -3 -0.000004047608 -0.000015207707
332 3 -3 -0.000015646893 -0.000016950396
333 3 -3 0.000004760830 -0.000014652328
334 3 -3 -0.000004777883 -0.000021497945
335 3 -3 0.000012213449 -0.000009924169
336 3 -3 0.000006697429 -0.000020612566
337 3 -3 0.000016604538 -0.000001985149
338 3 -3 0.000016501563 -0.000014583833
339 3 -3 0.000016702174 0.000007564826
340 3 -3 0.000022621795 -0.000004516146
341 3 -3 0.000023553648 0.000007771217
342 3 -3 -0.000012263394 -0.000002933909
343 3 -3 -0.000007140292 -0.000008505127
344 3 -3 -0.000016656536 -0.000006109352
345 3 -3 -0.000000285213 -0.000010347097
346 3 -3 -0.000009299473 -0.000013023932
347 3 -3 0.000006312613 -0.000008203333
348 3 -3 0.000000002338 -0.000015142260
349 3 -3 0.000010775806 -0.000002683834
350 3 -3 0.000008898505 -0.000012251720
351 3 -3 0.000011645803 0.000004834660
352 3 -3 0.000015178707 -0.000005070490
353 3 -3 0.000017066408 0.000004847897
354 3 -3 -0.000007463865 -0.000002143441
355 3 -3 -0.000003221472 -0.000005693683
356 3 -3 -0.000010507094 -0.000004582991
357 3 -3 0.000001897498 -0.000005839899
358 3 -3 -0.000004252333 -0.000009040190
359 3 -3 0.000005952888 -0.000002712753
360 3 -3 0.000002938672 -0.000009044303
361 3 -3 0.000007298277 0.000002653070
362 3 -3 0.000008753900 -0.000004814208
363 3 -3 0.000011194232 0.000002468197
364 3 -3 -0.000003857498 -0.000001400376
365 3 -3 -0.000000721897 -0.000003209667
366 3 -3 -0.000005670851 -0.000003113167
367 3 -3 0.000002470622 -0.000002172354
368 3 -3 -0.000000875951 -0.000005384531
369 3 -3 0.000003943902 0.000001134452
370 3 -3 0.000003873607 -0.000003841306
371 3 -3 0.000006417688 0.000000814638
372 3 -3 -0.000001530040 -0.000000774550
373 3 -3 0.000000416703 -0.000001282480
374 3 -3 -0.000002376878 -0.000001826958
375 3 -3 0.000001693098 0.000000272711
376 3 -3 0.000000779037 -0.000002397629
377 3 -3 0.000002996794 -0.000000080947
378 3 -3 -0.000000353149 -0.000000322953
379 3 -3 0.000000475531 -0.000000053698
380 3 -3 -0.000000575528 -0.000000834213
381 3 -3 0.000000955950 -0.000000336606
382 3 -3 0.000000022280 -0.000000068572
383 3 -3 0.000000065227 -0.000000200748
384 3 -3 -0.000027458581 -0.000007774822
385 3 -3 -0.000020294908 -0.000018222908
386 3 -3 -0.000009785386 -0.000024533768
387 3 -3 0.000002144242 -0.000025888002
388 3 -3 0.000013481857 -0.000022204187
389 3 -3 0.000022337131 -0.000014096530
390 3 -3 0.000027130082 -0.000002813595
391 3 -3 0.000026784384 0.000009849786
392 3 -3 -0.000028304024 -0.000016465147
393 3 -3 -0.000017860811 -0.000026564352
394 3 -3 -0.000029125494 -0.000014374396
395 3 -3 -0.000004374160 -0.000031240399
396 3 -3 -0.000018587035 -0.000024970687
397 3 -3 0.000009698908 -0.000029850169
398 3 -3 -0.000004943344 -0.000029899379
399 3 -3 0.000021901416 -0.000022702947
400 3 -3 0.000009279352 -0.000028558910
401 3 -3 0.000030063834 -0.000010992691
402 3 -3 0.000021573663 -0.000021283481
403 3 -3 0.000032576407 0.000003316104
404 3 -3 0.000029714629 -0.000009276525
405 3 -3 0.000032012078 0.000005490405
406 3 -3 -0.000026109581 -0.000024647036
407 3 -3 -0.000012616308 -0.000033313235
408 3 -3 -0.000028077708 -0.000024127042
409 3 -3 0.000003148563 -0.000035323871
410 3 -3 -0.000013760710 -0.000033387127
411 3 -3 0.000018215609 -0.000030428291
412 3 -3 0.000002817226 -0.000035540304
413 3 -3 0.000029787836 -0.000019535294
414 3 -3 0.000018610883 -0.000030408634
415 3 -3 0.000035610259 -0.000004593044
416 3 -3 0.000030757109 -0.000018922411
417 3 -3 0.000036896863 -0.000003015525
418 3 -3 -0.000021200164 -0.000031233114
419 3 -3 -0.000005270449 -0.000037414229
420 3 -3 -0.000023614924 -0.000032556892
421 3 -3 0.000011677345 -0.000035939171
422 3 -3 -0.000006161162 -0.000039212824
423 3 -3 0.000026255415 -0.000027170855
424 3 -3 0.000012211367 -0.000037582722
425 3 -3 0.000035509657 -0.000012806976
426 3 -3 0.000028033204 -0.000028102401
427 3 -3 0.000038241336 -0.000012458575
428 3 -3 -0.000014225215 -0.000035368528
429 3 -3 0.000003162187 -0.000038175848
430 3 -3 -0.000016355582 -0.000038459054
431 3 -3 0.000019880938 -0.000032743597
432 3 -3 0.000003154713 -0.000041431107
433 3 -3 0.000032297540 -0.000020252369
434 3 -3 0.000021800377 -0.000035372764
435 3 -3 0.000035837609 -0.000021500459
436 3 -3 -0.000006074040 -0.000036494262
437 3 -3 0.000011482476 -0.000035339429
438 3 -3 -0.000007283450 -0.000040966615
439 3 -3 0.000026364790 -0.000025954247
440 3 -3 0.000012835928 -0.000039504924
441 3 -3 0.000029972007 -0.000028861584
442 3 -3 0.000002206994 -0.000034398083
443 3 -3 0.000018433190 -0.000029125873
444 3 -3 0.000002362651 -0.000039631501
445 3 -3 0.000021383387 -0.000033451289
446 3 -3 0.000009507397 -0.000029260759
447 3 -3 0.000011207299 -0.000034492521
448 3 -3 -0.000030766583 -0.000000000000
449 3 -3 -0.000033396520 0.000008530616
450 3 -3 -0.000032831124 0.000017054102
451 3 -3 -0.000029241636 0.000024458459
452 3 -3 -0.000023153246 0.000029814117
453 3 -3 -0.000015372420 0.000032448040
454 3 -3 -0.000006912861 0.000032006736
455 3 -3 0.000001090874 0.000028517215
456 3 -3 -0.000033396520 -0.000008530616
457 3 -3 -0.000037158074 -0.000000000000
458 3 -3 -0.000036267582 -0.000000000000
459 3 -3 -0.000037284559 0.000008789567
460 3 -3 -0.000038421897 0.000009999793
461 3 -3 -0.000033954388 0.000016574128
462 3 -3 -0.000036710857 0.000019586352
463 3 -3 -0.000027784116 0.000022293178
464 3 -3 -0.000031522582 0.000027439584
465 3 -3 -0.000019744906 0.000025195477
466 3 -3 -0.000023666031 0.000032519760
467 3 -3 -0.000011059544 0.000024932793
468 3 -3 -0.000014269692 0.000034159153
469 3 -3 -0.000004670591 0.000032141923
470 3 -3 -0.000032831124 -0.000017054102
471 3 -3 -0.000037284559 -0.000008789567
472 3 -3 -0.000038421897 -0.000009999793
473 3 -3 -0.000037788681 0.000000000000
474 3 -3 -0.000041537936 0.000000000000
475 3 -3 -0.000034567958 0.000007921215
476 3 -3 -0.000040378185 0.000009802606
477 3 -3 -0.000028359695 0.000013813888
478 3 -3 -0.000035389708 0.000017977042
479 3 -3 -0.000020309150 0.000016887806
480 3 -3 -0.000027500752 0.000023404402
481 3 -3 -0.000018004825 0.000025393688
482 3 -3 -0.000029241636 -0.000024458459
483 3 -3 -0.000033954388 -0.000016574128
484 3 -3 -0.000036710857 -0.000019586352
485 3 -3 -0.000034567958 -0.000007921215
486 3 -3 -0.000040378185 -0.000009802606
487 3 -3 -0.000031386325 0.000000000000
488 3 -3 -0.000039516813 0.000000000000
489 3 -3 -0.000025283560 0.000005960537
490 3 -3 -0.000034671409 0.000008303217
491 3 -3 -0.000026908422 0.000013940815
492 3 -3 -0.000023153246 -0.000029814117
493 3 -3 -0.000027784116 -0.000022293178
494 3 -3 -0.000031522582 -0.000027439584
495 3 -3 -0.000028359695 -0.000013813888
496 3 -3 -0.000035389708 -0.000017977042
497 3 -3 -0.000025283560 -0.000005960537
498 3 -3 -0.000034671409 -0.000008303217
499 3 -3 -0.000030028615 0.000000000000
500 3 -3 -0.000015372420 -0.000032448040
501 3 -3 -0.000019744906 -0.000025195477
502 3 -3 -0.000023666031 -0.000032519760
503 3 -3 -0.000020309150 -0.000016887806
504 3 -3 -0.000027500752 -0.000023404402
505 3 -3 -0.000026908422 -0.000013940815
506 3 -3 -0.000006912861 -0.000032006736
507 3 -3 -0.000011059544 -0.000024932793
508 3 -3 -0.000014269692 -0.000034159153
509 3 -3 -0.000018004825 -0.000025393688
510 3 -3 0.000001090874 -0.000028517215
511 3 -3 -0.000004670591 -0.000032141923
512 3 -3 -0.000027458581 0.000007774822
513 3 -3 -0.000028304024 0.000016465147
514 3 -3 -0.000026109581 0.000024647036
515 3 -3 -0.000021200164 0.000031233114
516 3 -3 -0.000014225215 0.000035368528
517 3 -3 -0.000006074040 0.000036494262
518 3 -3 0.000002206994 0.000034398083
519 3 -3 0.000009507397 0.000029260759
520 3 -3 -0.000020294908 0.000018222908
521 3 -3 -0.000017860811 0.000026564352
522 3 -3 -0.000029125494 0.000014374396
523 3 -3 -0.000012616308 0.000033313235
524 3 -3 -0.000028077708 0.000024127042
525 3 -3 -0.000005270449 0.000037414229
526 3 -3 -0.000023614924 0.000032556892
527 3 -3 0.000003162187 0.000038175848
528 3 -3 -0.000016355582 0.000038459054
529 3 -3 0.000011482476 0.000035339429
530 3 -3 -0.000007283450 0.000040966615
531 3 -3 0.000018433190 0.000029125873
532 3 -3 0.000002362651 0.000039631501
533 3 -3 0.000011207299 0.000034492521
534 3 -3 -0.000009785386 0.000024533768
535 3 -3 -0.000004374160 0.000031240399
536 3 -3 -0.000018587035 0.000024970687
537 3 -3 0.000003148563 0.000035323871
538 3 -3 -0.000013760710 0.000033387127
539 3 -3 0.000011677345 0.000035939171
540 3 -3 -0.000006161162 0.000039212824
541 3 -3 0.000019880938 0.000032743597
542 3 -3 0.000003154713 0.000041431107
543 3 -3 0.000026364790 0.000025954247
544 3 -3 0.000012835928 0.000039504924
545 3 -3 0.000021383387 0.000033451289
546 3 -3 0.000002144242 0.000025888002
547 3 -3 0.000009698908 0.000029850169
548 3 -3 -0.000004943344 0.000029899379
549 3 -3 0.000018215609 0.000030428291
550 3 -3 0.000002817226 0.000035540304
551 3 -3 0.000026255415 0.000027170855
552 3 -3 0.000012211367 0.000037582722
553 3 -3 0.000032297540 0.000020252369
554 3 -3 0.000021800377 0.000035372764
555 3 -3 0.000029972007 0.000028861584
556 3 -3 0.000013481857 0.000022204187
557 3 -3 0.000021901416 0.000022702947
558 3 -3 0.000009279352 0.000028558910
559 3 -3 0.000029787836 0.000019535294
560 3 -3 0.000018610883 0.000030408634
561 3 -3 0.000035509657 0.000012806976
562 3 -3 0.000028033204 0.000028102401
563 3 -3 0.000035837609 0.000021500459
564 3 -3 0.000022337131 0.000014096530
565 3 -3 0.000030063834 0.000010992691
566 3 -3 0.000021573663 0.000021283481
567 3 -3 0.000035610259 0.000004593044
568 3 -3 0.000030757109 0.000018922411
569 3 -3 0.000038241336 0.000012458575
570 3 -3 0.000027130082 0.000002813595
571 3 -3 0.000032576407 -0.000003316104
572 3 -3 0.000029714629 0.000009276525
573 3 -3 0.000036896863 0.000003015525
574 3 -3 0.000026784384 -0.000009849786
575 3 -3 0.000032012078 -0.000005490405
576 3 -3 -0.000024049705 0.000004364239
577 3 -3 -0.000017958836 0.000003697219
578 3 -3 -0.000012263394 0.000002933909
579 3 -3 -0.000007463865 0.000002143441
580 3 -3 -0.000003857498 0.000001400376
581 3 -3 -0.000001530040 0.000000774550
582 3 -3 -0.000000353149 0.000000322953
583 3 -3 0.000000022280 0.000000068572
584 3 -3 -0.000018116173 0.000013985002
585 3 -3 -0.000012266512 0.000011365921
586 3 -3 -0.000023623108 0.000007557440
587 3 -3 -0.000007140292 0.000008505127
588 3 -3 -0.000016656536 0.000006109352
589 3 -3 -0.000003221472 0.000005693683
590 3 -3 -0.000010507094 0.000004582991
591 3 -3 -0.000000721897 0.000003209667
592 3 -3 -0.000005670851 0.000003113167
593 3 -3 0.000000416703 0.000001282480
594 3 -3 -0.000002376878 0.000001826958
595 3 -3 0.000000475531 0.000000053698
596 3 -3 -0.000000575528 0.000000834213
597 3 -3 0.000000065227 0.000000200748
598 3 -3 -0.000009028527 0.000019870307
599 3 -3 -0.000004047608 0.000015207707
600 3 -3 -0.000015646893 0.000016950396
601 3 -3 -0.000000285213 0.000010347097
602 3 -3 -0.000009299473 0.000013023932
603 3 -3 0.000001897498 0.000005839899
604 3 -3 -0.000004252333 0.000009040190
605 3 -3 0.000002470622 0.000002172354
606 3 -3 -0.000000875951 0.000005384531
607 3 -3 0.000001693098 -0.000000272711
608 3 -3 0.000000779037 0.000002397629
609 3 -3 0.000000955950 0.000000336606
610 3 -3 0.000001415797 0.000021242017
611 3 -3 0.000004760830 0.000014652328
612 3 -3 -0.000004777883 0.000021497945
613 3 -3 0.000006312613 0.000008203333
614 3 -3 0.000000002338 0.000015142260
615 3 -3 0.000005952888 0.000002712753
616 3 -3 0.000002938672 0.000009044303
617 3 -3 0.000003943902 -0.000001134452
618 3 -3 0.000003873607 0.000003841306
619 3 -3 0.000002996794 0.000000080947
620 3 -3 0.000011340341 0.000018017337
621 3 -3 0.000012213449 0.000009924169
622 3 -3 0.000006697429 0.000020612566
623 3 -3 0.000010775806 0.000002683834
624 3 -3 0.000008898505 0.000012251720
625 3 -3 0.000007298277 -0.000002653070
626 3 -3 0.000008753900 0.000004814208
627 3 -3 0.000006417688 -0.000000814638
628 3 -3 0.000018983705 0.000010768581
629 3 -3 0.000016604538 0.000001985149
630 3 -3 0.000016501563 0.000014583833
631 3 -3 0.000011645803 -0.000004834660
632 3 -3 0.000015178707 0.000005070490
633 3 -3 0.000011194232 -0.000002468197
634 3 -3 0.000022876470 0.000000665685
635 3 -3 0.000016702174 -0.000007564826
636 3 -3 0.000022621795 0.000004516146
637 3 -3 0.000017066408 -0.000004847897
638 3 -3 0.000022021855 -0.000010605318
639 3 -3 0.000023553648 -0.000007771217
640 3 -3 0.000016891384 0.000017666805
641 3 -3 0.000006436114 0.000021962524
642 3 -3 -0.000004375242 0.000021382251
643 3 -3 -0.000013631148 0.000016352968
644 3 -3 -0.000019764853 0.000007910647
645 3 -3 -0.000021687754 -0.000002446377
646 3 -3 -0.000018898733 -0.000012907901
647 3 -3 -0.000011582406 -0.000021524004
648 3 -3 0.000012355832 0.000013547052
649 3 -3 0.000003243096 0.000016405298
650 3 -3 0.000014669344 0.000019999412
651 3 -3 -0.000005664282 0.000014682417
652 3 -3 0.000002695409 0.000022910172
653 3 -3 -0.000012464015 0.000009055637
654 3 -3 -0.000008770786 0.000020200572
655 3 -3 -0.000015714168 0.000000849936
656 3 -3 -0.000017534096 0.000012739266
657 3 -3 -0.000014600194 -0.000008153883
658 3 -3 -0.000021922207 0.000002099193
659 3 -3 -0.000009065850 -0.000015937364
660 3 -3 -0.000020955941 -0.000009643119
661 3 -3 -0.000014487494 -0.000020131533
662 3 -3 0.000008196786 0.000009581825
663 3 -3 0.000000777429 0.000011077751
664 3 -3 0.000009884434 0.000014733036
665 3 -3 -0.000005851129 0.000008538621
666 3 -3 -0.000000131844 0.000016002675
667 3 -3 -0.000009928810 0.000002926175
668 3 -3 -0.000008902289 0.000012248971
669 3 -3 -0.000010295328 -0.000004162592
670 3 -3 -0.000014400422 0.000004681440
671 3 -3 -0.000006579911 -0.000010756553
672 3 -3 -0.000015260191 -0.000004819708
673 3 -3 -0.000010957492 -0.000013953414
674 3 -3 0.000004778511 0.000006121230
675 3 -3 -0.000000740437 0.000006499820
676 3 -3 0.000005806603 0.000009883633
677 3 -3 -0.000004967715 0.000003609256
678 3 -3 -0.000001873480 0.000009813126
679 3 -3 -0.000006410504 -0.000001304357
680 3 -3 -0.000007693544 0.000005589687
681 3 -3 -0.000004344995 -0.000006436198
682 3 -3 -0.000009911775 -0.000001250637
683 3 -3 -0.000007605554 -0.000008576618
684 3 -3 0.000002297661 0.000003400309
685 3 -3 -0.000001302568 0.000003020995
686 3 -3 0.000002757942 0.000005851847
687 3 -3 -0.000003275653 0.000000305277
688 3 -3 -0.000002456288 0.000004871048
689 3 -3 -0.000002523870 -0.000003235959
690 3 -3 -0.000005391677 0.000000830832
691 3 -3 -0.000004713187 -0.000004431279
692 3 -3 0.000000782560 0.000001525959
693 3 -3 -0.000001090942 0.000000792616
694 3 -3 0.000000849075 0.000002875134
695 3 -3 -0.000001209449 -0.000001215806
696 3 -3 -0.000002039545 0.000001481816
697 3 -3 -0.000002472036 -0.000001695984
698 3 -3 0.000000095877 0.000000468850
699 3 -3 -0.000000416276 -0.000000236067
700 3 -3 -0.000000024727 0.000001013180
701 3 -3 -0.000000971232 -0.000000289573
702 3 -3 -0.000000058331 0.000000042380
703 3 -3 -0.000000170766 0.000000124069
704 3 -3 0.000017644533 0.000022429712
705 3 -3 0.000005707769 0.000026671690
706 3 -3 -0.000006504044 0.000025599941
707 3 -3 -0.000016951314 0.000019683479
708 3 -3 -0.000023958346 0.000010039128
709 3 -3 -0.000026356851 -0.000001725104
710 3 -3 -0.000023602487 -0.000013670416
711 3 -3 -0.000015879463 -0.000023712111
712 3 -3 0.000013220466 0.000029957271
713 3 -3 -0.000001164434 0.000031989333
714 3 -3 0.000015113961 0.000028748667
715 3 -3 -0.000014823876 0.000027845080
716 3 -3 0.000000359826 0.000031126895
717 3 -3 -0.000025392071 0.000018448419
718 3 -3 -0.000013575165 0.000027094730
719 3 -3 -0.000031063075 0.000005493741
720 3 -3 -0.000024293660 0.000017650377
721 3 -3 -0.000030783494 -0.000008777805
722 3 -3 -0.000029963577 0.000004538017
723 3 -3 -0.000024405710 -0.000021830716
724 3 -3 -0.000029492244 -0.000009960954
725 3 -3 -0.000022671136 -0.000023258058
726 3 -3 0.000006635931 0.000035286697
727 3 -3 -0.000009374221 0.000034366653
728 3 -3 0.000008533823 0.000036022850
729 3 -3 -0.000023310092 0.000026726933
730 3 -3 -0.000008491813 0.000035099096
731 3 -3 -0.000032622038 0.000013910138
732 3 -3 -0.000023169250 0.000027096787
733 3 -3 -0.000035581423 -0.000001704466
734 3 -3 -0.000032930267 0.000013661899
735 3 -3 -0.000031509028 -0.000017215334
736 3 -3 -0.000036005338 -0.000002770023
737 3 -3 -0.000031622670 -0.000019247821
738 3 -3 -0.000001207071 0.000037729264
739 3 -3 -0.000017727649 0.000033366640
740 3 -3 -0.000000031586 0.000040219583
741 3 -3 -0.000030571685 0.000022211629
742 3 -3 -0.000018064235 0.000035345281
743 3 -3 -0.000037211705 0.000006549138
744 3 -3 -0.000031969773 0.000023227400
745 3 -3 -0.000036255668 -0.000010510991
746 3 -3 -0.000039197515 0.000006257816
747 3 -3 -0.000038260857 -0.000012398495
748 3 -3 -0.000009280659 0.000036975111
749 3 -3 -0.000024997464 0.000029026223
750 3 -3 -0.000009373721 0.000040727598
751 3 -3 -0.000035330220 0.000014804405
752 3 -3 -0.000026904811 0.000031664176
753 3 -3 -0.000038033302 -0.000002599507
754 3 -3 -0.000038428465 0.000015803227
755 3 -3 -0.000041630887 -0.000003670581
756 3 -3 -0.000016536788 0.000033094709
757 3 -3 -0.000030061513 0.000021840968
758 3 -3 -0.000018187138 0.000037423792
759 3 -3 -0.000036585087 0.000005500592
760 3 -3 -0.000033604896 0.000024415386
761 3 -3 -0.000041212276 0.000005732408
762 3 -3 -0.000022004182 0.000026531395
763 3 -3 -0.000032032522 0.000012728569
764 3 -3 -0.000025206237 0.000030673826
765 3 -3 -0.000036961698 0.000014493822
766 3 -3 -0.000024890688 0.000018084143
767 3 -3 -0.000029341090 0.000021317550
768 3 -3 0.000024890688 0.000018084143
769 3 -3 0.000032032522 0.000012728569
770 3 -3 0.000036585087 0.000005500592
771 3 -3 0.000038033302 -0.000002599507
772 3 -3 0.000036255668 -0.000010510991
773 3 -3 0.000031509028 -0.000017215334
774 3 -3 0.000024405710 -0.000021830716
775 3 -3 0.000015879463 -0.000023712111
776 3 -3 0.000022004182 0.000026531395
777 3 -3 0.000030061513 0.000021840968
778 3 -3 0.000029341090 0.000021317550
779 3 -3 0.000035330220 0.000014804405
780 3 -3 0.000036961698 0.000014493822
781 3 -3 0.000037211705 0.000006549138
782 3 -3 0.000041212276 0.000005732408
783 3 -3 0.000035581423 -0.000001704466
784 3 -3 0.000041630887 -0.000003670581
785 3 -3 0.000030783494 -0.000008777805
786 3 -3 0.000038260857 -0.000012398495
787 3 -3 0.000023602487 -0.000013670416
788 3 -3 0.000031622670 -0.000019247821
789 3 -3 0.000022671136 -0.000023258058
790 3 -3 0.000016536788 0.000033094709
791 3 -3 0.000024997464 0.000029026223
792 3 -3 0.000025206237 0.000030673826
793 3 -3 0.000030571685 0.000022211629
794 3 -3 0.000033604896 0.000024415386
795 3 -3 0.000032622038 0.000013910138
796 3 -3 0.000038428465 0.000015803227
797 3 -3 0.000031063075 0.000005493741
798 3 -3 0.000039197515 0.000006257816
799 3 -3 0.000026356851 -0.000001725104
800 3 -3 0.000036005338 -0.000002770023
801 3 -3 0.000029492244 -0.000009960954
802 3 -3 0.000009280659 0.000036975111
803 3 -3 0.000017727649 0.000033366640
804 3 -3 0.000018187138 0.000037423792
805 3 -3 0.000023310092 0.000026726933
806 3 -3 0.000026904811 0.000031664176
807 3 -3 0.000025392071 0.000018448419
808 3 -3 0.000031969773 0.000023227400
809 3 -3 0.000023958346 0.000010039128
810 3 -3 0.000032930267 0.000013661899
811 3 -3 0.000029963577 0.000004538017
812 3 -3 0.000001207071 0.000037729264
813 3 -3 0.000009374221 0.000034366653
814 3 -3 0.000009373721 0.000040727598
815 3 -3 0.000014823876 0.000027845080
816 3 -3 0.000018064235 0.000035345281
817 3 -3 0.000016951314 0.000019683479
818 3 -3 0.000023169250 0.000027096787
819 3 -3 0.000024293660 0.000017650377
820 3 -3 -0.000006635931 0.000035286697
821 3 -3 0.000001164434 0.000031989333
822 3 -3 0.000000031586 0.000040219583
823 3 -3 0.000006504044 0.000025599941
824 3 -3 0.000008491813 0.000035099096
825 3 -3 0.000013575165 0.000027094730
826 3 -3 -0.000013220466 0.000029957271
827 3 -3 -0.000005707769 0.000026671690
828 3 -3 -0.000008533823 0.000036022850
829 3 -3 -0.000000359826 0.000031126895
830 3 -3 -0.000017644533 0.000022429712
831 3 -3 -0.000015113961 0.000028748667
832 3 -3 -0.000017644533 -0.000022429712
833 3 -3 -0.000005707769 -0.000026671690
834 3 -3 0.000006504044 -0.000025599941
835 3 -3 0.000016951314 -0.000019683479
836 3 -3 0.000023958346 -0.000010039128
837 3 -3 0.000026356851 0.000001725104
838 3 -3 0.000023602487 0.000013670416
839 3 -3 0.000015879463 0.000023712111
840 3 -3 -0.000013220466 -0.000029957271
841 3 -3 0.000001164434 -0.000031989333
842 3 -3 -0.000015113961 -0.000028748667
843 3 -3 0.000014823876 -0.000027845080
844 3 -3 -0.000000359826 -0.000031126895
845 3 -3 0.000025392071 -0.000018448419
846 3 -3 0.000013575165 -0.000027094730
847 3 -3 0.000031063075 -0.000005493741
848 3 -3 0.000024293660 -0.000017650377
849 3 -3 0.000030783494 0.000008777805
850 3 -3 0.000029963577 -0.000004538017
851 3 -3 0.000024405710 0.000021830716
852 3 -3 0.000029492244 0.000009960954
853 3 -3 0.000022671136 0.000023258058
854 3 -3 -0.000006635931 -0.000035286697
855 3 -3 0.000009374221 -0.000034366653
856 3 -3 -0.000008533823 -0.000036022850
857 3 -3 0.000023310092 -0.000026726933
858 3 -3 0.000008491813 -0.000035099096
859 3 -3 0.000032622038 -0.000013910138
860 3 -3 0.000023169250 -0.000027096787
861 3 -3 0.000035581423 0.000001704466
862 3 -3 0.000032930267 -0.000013661899
863 3 -3 0.000031509028 0.000017215334
864 3 -3 0.000036005338 0.000002770023
865 3 -3 0.000031622670 0.000019247821
866 3 -3 0.000001207071 -0.000037729264
867 3 -3 0.000017727649 -0.000033366640
868 3 -3 0.000000031586 -0.000040219583
869 3 -3 0.000030571685 -0.000022211629
870 3 -3 0.000018064235 -0.000035345281
871 3 -3 0.000037211705 -0.000006549138
872 3 -3 0.000031969773 -0.000023227400
873 3 -3 0.000036255668 0.000010510991
874 3 -3 0.000039197515 -0.000006257816
875 3 -3 0.000038260857 0.000012398495
876 3 -3 0.000009280659 -0.000036975111
877 3 -3 0.000024997464 -0.000029026223
878 3 -3 0.000009373721 -0.000040727598
879 3 -3 0.000035330220 -0.000014804405
880 3 -3 0.000026904811 -0.000031664176
881 3 -3 0.000038033302 0.000002599507
882 3 -3 0.000038428465 -0.000015803227
883 3 -3 0.000041630887 0.000003670581
884 3 -3 0.000016536788 -0.000033094709
885 3 -3 0.000030061513 -0.000021840968
886 3 -3 0.000018187138 -0.000037423792
887 3 -3 0.000036585087 -0.000005500592
888 3 -3 0.000033604896 -0.000024415386
889 3 -3 0.000041212276 -0.000005732408
890 3 -3 0.000022004182 -0.000026531395
891 3 -3 0.000032032522 -0.000012728569
892 3 -3 0.000025206237 -0.000030673826
893 3 -3 0.000036961698 -0.000014493822
894 3 -3 0.000024890688 -0.000018084143
895 3 -3 0.000029341090 -0.000021317550
896 3 -3 -0.000024890688 -0.000018084143
897 3 -3 -0.000032032522 -0.000012728569
898 3 -3 -0.000036585087 -0.000005500592
899 3 -3 -0.000038033302 0.000002599507
900 3 -3 -0.000036255668 0.000010510991
901 3 -3 -0.000031509028 0.000017215334
902 3 -3 -0.000024405710 0.000021830716
903 3 -3 -0.000015879463 0.000023712111
904 3 -3 -0.000022004182 -0.000026531395
905 3 -3 -0.000030061513 -0.000021840968
906 3 -3 -0.000029341090 -0.000021317550
907 3 -3 -0.000035330220 -0.000014804405
908 3 -3 -0.000036961698 -0.000014493822
909 3 -3 -0.000037211705 -0.000006549138
910 3 -3 -0.000041212276 -0.000005732408
911 3 -3 -0.000035581423 0.000001704466
912 3 -3 -0.000041630887 0.000003670581
913 3 -3 -0.000030783494 0.000008777805
914 3 -3 -0.000038260857 0.000012398495
915 3 -3 -0.000023602487 0.000013670416
916 3 -3 -0.000031622670 0.000019247821
917 3 -3 -0.000022671136 0.000023258058
918 3 -3 -0.000016536788 -0.000033094709
919 3 -3 -0.000024997464 -0.000029026223
920 3 -3 -0.000025206237 -0.000030673826
921 3 -3 -0.000030571685 -0.000022211629
922 3 -3 -0.000033604896 -0.000024415386
923 3 -3 -0.000032622038 -0.000013910138
924 3 -3 -0.000038428465 -0.000015803227
925 3 -3 -0.000031063075 -0.000005493741
926 3 -3 -0.000039197515 -0.000006257816
927 3 -3 -0.000026356851 0.000001725104
928 3 -3 -0.000036005338 0.000002770023
929 3 -3 -0.000029492244 0.000009960954
930 3 -3 -0.000009280659 -0.000036975111
931 3 -3 -0.000017727649 -0.000033366640
932 3 -3 -0.000018187138 -0.000037423792
933 3 -3 -0.000023310092 -0.000026726933
934 3 -3 -0.000026904811 -0.000031664176
935 3 -3 -0.000025392071 -0.000018448419
936 3 -3 -0.000031969773 -0.000023227400
937 3 -3 -0.000023958346 -0.000010039128
938 3 -3 -0.000032930267 -0.000013661899
939 3 -3 -0.000029963577 -0.000004538017
940 3 -3 -0.000001207071 -0.000037729264
941 3 -3 -0.000009374221 -0.000034366653
942 3 -3 -0.000009373721 -0.000040727598
943 3 -3 -0.000014823876 -0.000027845080
944 3 -3 -0.000018064235 -0.000035345281
945 3 -3 -0.000016951314 -0.000019683479
946 3 -3 -0.000023169250 -0.000027096787
947 3 -3 -0.000024293660 -0.000017650377
948 3 -3 0.000006635931 -0.000035286697
949 3 -3 -0.000001164434 -0.000031989333
950 3 -3 -0.000000031586 -0.000040219583
951 3 -3 -0.000006504044 -0.000025599941
952 3 -3 -0.000008491813 -0.000035099096
953 3 -3 -0.000013575165 -0.000027094730
954 3 -3 0.000013220466 -0.000029957271
955 3 -3 0.000005707769 -0.000026671690
956 3 -3 0.000008533823 -0.000036022850
957 3 -3 0.000000359826 -0.000031126895
958 3 -3 0.000017644533 -0.000022429712
959 3 -3 0.000015113961 -0.000028748667
960 3 -3 -0.000026784384 -0.000009849786
961 3 -3 -0.000032576407 -0.000003316104
962 3 -3 -0.000035610259 0.000004593044
963 3 -3 -0.000035509657 0.000012806976
964 3 -3 -0.000032297540 0.000020252369
965 3 -3 -0.000026364790 0.000025954247
966 3 -3 -0.000018433190 0.000029125873
967 3 -3 -0.000009507397 0.000029260759
968 3 -3 -0.000027130082 0.000002813595
969 3 -3 -0.000030063834 0.000010992691
970 3 -3 -0.000032012078 -0.000005490405
971 3 -3 -0.000029787836 0.000019535294
972 3 -3 -0.000036896863 0.000003015525
973 3 -3 -0.000026255415 0.000027170855
974 3 -3 -0.000038241336 0.000012458575
975 3 -3 -0.000019880938 0.000032743597
976 3 -3 -0.000035837609 0.000021500459
977 3 -3 -0.000011482476 0.000035339429
978 3 -3 -0.000029972007 0.000028861584
979 3 -3 -0.000002206994 0.000034398083
980 3 -3 -0.000021383387 0.000033451289
981 3 -3 -0.000011207299 0.000034492521
982 3 -3 -0.000022337131 0.000014096530
983 3 -3 -0.000021901416 0.000022702947
984 3 -3 -0.000029714629 0.000009276525
985 3 -3 -0.000018215609 0.000030428291
986 3 -3 -0.000030757109 0.000018922411
987 3 -3 -0.000011677345 0.000035939171
988 3 -3 -0.000028033204 0.000028102401
989 3 -3 -0.000003162187 0.000038175848
990 3 -3 -0.000021800377 0.000035372764
991 3 -3 0.000006074040 0.000036494262
992 3 -3 -0.000012835928 0.000039504924
993 3 -3 -0.000002362651 0.000039631501
994 3 -3 -0.000013481857 0.000022204187
995 3 -3 -0.000009698908 0.000029850169
996 3 -3 -0.000021573663 0.000021283481
997 3 -3 -0.000003148563 0.000035323871
998 3 -3 -0.000018610883 0.000030408634
999 3 -3 0.000005270449 0.000037414229
1000 3 -3 -0.000012211367 0.000037582722
1001 3 -3 0.000014225215 0.000035368528
1002 3 -3 -0.000003154713 0.000041431107
1003 3 -3 0.000007283450 0.000040966615
1004 3 -3 -0.000002144242 0.000025888002
1005 3 -3 0.000004374160 0.000031240399
1006 3 -3 -0.000009279352 0.000028558910
1007 3 -3 0.000012616308 0.000033313235
1008 3 -3 -0.000002817226 0.000035540304
1009 3 -3 0.000021200164 0.000031233114
1010 3 -3 0.000006161162 0.000039212824
1011 3 -3 0.000016355582 0.000038459054
1012 3 -3 0.000009785386 0.000024533768
1013 3 -3 0.000017860811 0.000026564352
1014 3 -3 0.000004943344 0.000029899379
1015 3 -3 0.000026109581 0.000024647036
1016 3 -3 0.000013760710 0.000033387127
1017 3 -3 0.000023614924 0.000032556892
1018 3 -3 0.000020294908 0.000018222908
1019 3 -3 0.000028304024 0.000016465147
1020 3 -3 0.000018587035 0.000024970687
1021 3 -3 0.000028077708 0.000024127042
1022 3 -3 0.000027458581 0.000007774822
1023 3 -3 0.000029125494 0.000014374396
1024 3 -3 -0.000003281129 -0.000024221252
1025 3 -3 -0.000002033321 -0.000018222371
1026 3 -3 -0.000000999284 -0.000012569809
1027 3 -3 -0.000000267928 -0.000007760917
1028 3 -3 0.000000139805 -0.000004101439
1029 3 -3 0.000000263832 -0.000001694504
1030 3 -3 0.000000198017 -0.000000435663
1031 3 -3 0.000000072101 0.000000000000
1032 3 -3 0.000007702322 -0.000021551108
1033 3 -3 0.000007019073 -0.000015178409
1034 3 -3 -0.000000112389 -0.000024802288
1035 3 -3 0.000005882385 -0.000009419050
1036 3 -3 0.000000663186 -0.000017729201
1037 3 -3 0.000004419525 -0.000004823246
1038 3 -3 0.000001111813 -0.000011409062
1039 3 -3 0.000002829496 -0.000001678407
1040 3 -3 0.000001208408 -0.000006355321
1041 3 -3 0.000001348479 0.000000000000
1042 3 -3 0.000001003045 -0.000002825106
1043 3 -3 0.000000198017 0.000000435663
1044 3 -3 0.000000615536 -0.000000805145
1045 3 -3 0.000000211079 0.000000000000
1046 3 -3 0.000016107817 -0.000014726902
1047 3 -3 0.000013212609 -0.000008548944
1048 3 -3 0.000011285629 -0.000020119040
1049 3 -3 0.000009752538 -0.000003468683
1050 3 -3 0.000009512800 -0.000012868940
1051 3 -3 0.000006140433 -0.000000000000
1052 3 -3 0.000007283688 -0.000006837782
1053 3 -3 0.000002829496 0.000001678407
1054 3 -3 0.000004850309 -0.000002496991
1055 3 -3 0.000000263832 0.000001694504
1056 3 -3 0.000002521016 -0.000000000000
1057 3 -3 0.000000615536 0.000000805145
1058 3 -3 0.000020639864 -0.000005217642
1059 3 -3 0.000015406369 0.000000000000
1060 3 -3 0.000018969313 -0.000011187267
1061 3 -3 0.000009752538 0.000003468683
1062 3 -3 0.000014401868 -0.000004676992
1063 3 -3 0.000004419525 0.000004823246
1064 3 -3 0.000009509743 -0.000000000000
1065 3 -3 0.000000139805 0.000004101439
1066 3 -3 0.000004850309 0.000002496991
1067 3 -3 0.000001003045 0.000002825106
1068 3 -3 0.000020639864 0.000005217642
1069 3 -3 0.000013212609 0.000008548944
1070 3 -3 0.000021673334 0.000000000000
1071 3 -3 0.000005882385 0.000009419050
1072 3 -3 0.000014401868 0.000004676992
1073 3 -3 -0.000000267928 0.000007760917
1074 3 -3 0.000007283688 0.000006837782
1075 3 -3 0.000001208408 0.000006355321
1076 3 -3 0.000016107817 0.000014726902
1077 3 -3 0.000007019073 0.000015178409
1078 3 -3 0.000018969313 0.000011187267
1079 3 -3 -0.000000999284 0.000012569809
1080 3 -3 0.000009512800 0.000012868940
1081 3 -3 0.000001111813 0.000011409062
1082 3 -3 0.000007702322 0.000021551108
1083 3 -3 -0.000002033321 0.000018222371
1084 3 -3 0.000011285629 0.000020119040
1085 3 -3 0.000000663186 0.000017729201
1086 3 -3 -0.000003281129 0.000024221252
1087 3 -3 -0.000000112389 0.000024802288
1088 3 -3 -0.000001090874 -0.000028517215
1089 3 -3 0.000011059544 -0.000024932793
1090 3 -3 0.000020309150 -0.000016887806
1091 3 -3 0.000025283560 -0.000005960537
1092 3 -3 0.000025283560 0.000005960537
1093 3 -3 0.000020309150 0.000016887806
1094 3 -3 0.000011059544 0.000024932793
1095 3 -3 -0.000001090874 0.000028517215
1096 3 -3 0.000006912861 -0.000032006736
1097 3 -3 0.000019744906 -0.000025195477
1098 3 -3 0.000004670591 -0.000032141923
1099 3 -3 0.000028359695 -0.000013813888
1100 3 -3 0.000018004825 -0.000025393688
1101 3 -3 0.000031386325 -0.000000000000
1102 3 -3 0.000026908422 -0.000013940815
1103 3 -3 0.000028359695 0.000013813888
1104 3 -3 0.000030028615 -0.000000000000
1105 3 -3 0.000019744906 0.000025195477
1106 3 -3 0.000026908422 0.000013940815
1107 3 -3 0.000006912861 0.000032006736
1108 3 -3 0.000018004825 0.000025393688
1109 3 -3 0.000004670591 0.000032141923
1110 3 -3 0.000015372420 -0.000032448040
1111 3 -3 0.000027784116 -0.000022293178
1112 3 -3 0.000014269692 -0.000034159153
1113 3 -3 0.000034567958 -0.000007921215
1114 3 -3 0.000027500752 -0.000023404402
1115 3 -3 0.000034567958 0.000007921215
1116 3 -3 0.000034671409 -0.000008303217
1117 3 -3 0.000027784116 0.000022293178
1118 3 -3 0.000034671409 0.000008303217
1119 3 -3 0.000015372420 0.000032448040
1120 3 -3 0.000027500752 0.000023404402
1121 3 -3 0.000014269692 0.000034159153
1122 3 -3 0.000023153246 -0.000029814117
1123 3 -3 0.000033954388 -0.000016574128
1124 3 -3 0.000023666031 -0.000032519760
1125 3 -3 0.000037788681 0.000000000000
1126 3 -3 0.000035389708 -0.000017977042
1127 3 -3 0.000033954388 0.000016574128
1128 3 -3 0.000039516813 0.000000000000
1129 3 -3 0.000023153246 0.000029814117
1130 3 -3 0.000035389708 0.000017977042
1131 3 -3 0.000023666031 0.000032519760
1132 3 -3 0.000029241636 -0.000024458459
1133 3 -3 0.000037284559 -0.000008789567
1134 3 -3 0.000031522582 -0.000027439584
1135 3 -3 0.000037284559 0.000008789567
1136 3 -3 0.000040378185 -0.000009802606
1137 3 -3 0.000029241636 0.000024458459
1138 3 -3 0.000040378185 0.000009802606
1139 3 -3 0.000031522582 0.000027439584
1140 3 -3 0.000032831124 -0.000017054102
1141 3 -3 0.000037158074 0.000000000000
1142 3 -3 0.000036710857 -0.000019586352
1143 3 -3 0.000032831124 0.000017054102
1144 3 -3 0.000041537936 -0.000000000000
1145 3 -3 0.000036710857 0.000019586352
1146 3 -3 0.000033396520 -0.000008530616
1147 3 -3 0.000033396520 0.000008530616
1148 3 -3 0.000038421897 -0.000009999793
1149 3 -3 0.000038421897 0.000009999793
1150 3 -3 0.000030766583 0.000000000000
1151 3 -3 0.000036267582 0.000000000000
1152 3 -3 -0.000009507397 -0.000029260759
1153 3 -3 -0.000018433190 -0.000029125873
1154 3 -3 -0.000026364790 -0.000025954247
1155 3 -3 -0.000032297540 -0.000020252369
1156 3 -3 -0.000035509657 -0.000012806976
1157 3 -3 -0.000035610259 -0.000004593044
1158 3 -3 -0.000032576407 0.000003316104
1159 3 -3 -0.000026784384 0.000009849786
1160 3 -3 -0.000002206994 -0.000034398083
1161 3 -3 -0.000011482476 -0.000035339429
1162 3 -3 -0.000011207299 -0.000034492521
1163 3 -3 -0.000019880938 -0.000032743597
1164 3 -3 -0.000021383387 -0.000033451289
1165 3 -3 -0.000026255415 -0.000027170855
1166 3 -3 -0.000029972007 -0.000028861584
1167 3 -3 -0.000029787836 -0.000019535294
1168 3 -3 -0.000035837609 -0.000021500459
1169 3 -3 -0.000030063834 -0.000010992691
1170 3 -3 -0.000038241336 -0.000012458575
1171 3 -3 -0.000027130082 -0.000002813595
1172 3 -3 -0.000036896863 -0.000003015525
1173 3 -3 -0.000032012078 0.000005490405
1174 3 -3 0.000006074040 -0.000036494262
1175 3 -3 -0.000003162187 -0.000038175848
1176 3 -3 -0.000002362651 -0.000039631501
1177 3 -3 -0.000011677345 -0.000035939171
1178 3 -3 -0.000012835928 -0.000039504924
1179 3 -3 -0.000018215609 -0.000030428291
1180 3 -3 -0.000021800377 -0.000035372764
1181 3 -3 -0.000021901416 -0.000022702947
1182 3 -3 -0.000028033204 -0.000028102401
1183 3 -3 -0.000022337131 -0.000014096530
1184 3 -3 -0.000030757109 -0.000018922411
1185 3 -3 -0.000029714629 -0.000009276525
1186 3 -3 0.000014225215 -0.000035368528
1187 3 -3 0.000005270449 -0.000037414229
1188 3 -3 0.000007283450 -0.000040966615
1189 3 -3 -0.000003148563 -0.000035323871
1190 3 -3 -0.000003154713 -0.000041431107
1191 3 -3 -0.000009698908 -0.000029850169
1192 3 -3 -0.000012211367 -0.000037582722
1193 3 -3 -0.000013481857 -0.000022204187
1194 3 -3 -0.000018610883 -0.000030408634
1195 3 -3 -0.000021573663 -0.000021283481
1196 3 -3 0.000021200164 -0.000031233114
1197 3 -3 0.000012616308 -0.000033313235
1198 3 -3 0.000016355582 -0.000038459054
1199 3 -3 0.000004374160 -0.000031240399
1200 3 -3 0.000006161162 -0.000039212824
1201 3 -3 -0.000002144242 -0.000025888002
1202 3 -3 -0.000002817226 -0.000035540304
1203 3 -3 -0.000009279352 -0.000028558910
1204 3 -3 0.000026109581 -0.000024647036
1205 3 -3 0.000017860811 -0.000026564352
1206 3 -3 0.000023614924 -0.000032556892
1207 3 -3 0.000009785386 -0.000024533768
1208 3 -3 0.000013760710 -0.000033387127
1209 3 -3 0.000004943344 -0.000029899379
1210 3 -3 0.000028304024 -0.000016465147
1211 3 -3 0.000020294908 -0.000018222908
1212 3 -3 0.000028077708 -0.000024127042
1213 3 -3 0.000018587035 -0.000024970687
1214 3 -3 0.000027458581 -0.000007774822
1215 3 -3 0.000029125494 -0.000014374396
1216 3 -3 -0.000000058331 -0.000000042380
1217 3 -3 -0.000000416276 0.000000236067
1218 3 -3 -0.000001209449 0.000001215806
1219 3 -3 -0.000002523870 0.000003235959
1220 3 -3 -0.000004344995 0.000006436198
1221 3 -3 -0.000006579911 0.000010756553
1222 3 -3 -0.000009065850 0.000015937364
1223 3 -3 -0.000011582406 0.000021524004
1224 3 -3 0.000000095877 -0.000000468850
1225 3 -3 -0.000001090942 -0.000000792616
1226 3 -3 -0.000000170766 -0.000000124069
1227 3 -3 -0.000003275653 -0.000000305277
1228 3 -3 -0.000000971232 0.000000289573
1229 3 -3 -0.000006410504 0.000001304357
1230 3 -3 -0.000002472036 0.000001695984
1231 3 -3 -0.000010295328 0.000004162592
1232 3 -3 -0.000004713187 0.000004431279
1233 3 -3 -0.000014600194 0.000008153883
1234 3 -3 -0.000007605554 0.000008576618
1235 3 -3 -0.000018898733 0.000012907901
1236 3 -3 -0.000010957492 0.000013953414
1237 3 -3 -0.000014487494 0.000020131533
1238 3 -3 0.000000782560 -0.000001525959
1239 3 -3 -0.000001302568 -0.000003020995
1240 3 -3 -0.000000024727 -0.000001013180
1241 3 -3 -0.000004967715 -0.000003609256
1242 3 -3 -0.000002039545 -0.000001481816
1243 3 -3 -0.000009928810 -0.000002926175
1244 3 -3 -0.000005391677 -0.000000830832
1245 3 -3 -0.000015714168 -0.000000849936
1246 3 -3 -0.000009911775 0.000001250637
1247 3 -3 -0.000021687754 0.000002446377
1248 3 -3 -0.000015260191 0.000004819708
1249 3 -3 -0.000020955941 0.000009643119
1250 3 -3 0.000002297661 -0.000003400309
1251 3 -3 -0.000000740437 -0.000006499820
1252 3 -3 0.000000849075 -0.000002875134
1253 3 -3 -0.000005851129 -0.000008538621
1254 3 -3 -0.000002456288 -0.000004871048
1255 3 -3 -0.000012464015 -0.000009055637
1256 3 -3 -0.000007693544 -0.000005589687
1257 3 -3 -0.000019764853 -0.000007910647
1258 3 -3 -0.000014400422 -0.000004681440
1259 3 -3 -0.000021922207 -0.000002099193
1260 3 -3 0.000004778511 -0.000006121230
1261 3 -3 0.000000777429 -0.000011077751
1262 3 -3 0.000002757942 -0.000005851847
1263 3 -3 -0.000005664282 -0.000014682417
1264 3 -3 -0.000001873480 -0.000009813126
1265 3 -3 -0.000013631148 -0.000016352968
1266 3 -3 -0.000008902289 -0.000012248971
1267 3 -3 -0.000017534096 -0.000012739266
1268 3 -3 0.000008196786 -0.000009581825
1269 3 -3 0.000003243096 -0.000016405298
1270 3 -3 0.000005806603 -0.000009883633
1271 3 -3 -0.000004375242 -0.000021382251
1272 3 -3 -0.000000131844 -0.000016002675
1273 3 -3 -0.000008770786 -0.000020200572
1274 3 -3 0.000012355832 -0.000013547052
1275 3 -3 0.000006436114 -0.000021962524
1276 3 -3 0.000009884434 -0.000014733036
1277 3 -3 0.000002695409 -0.000022910172
1278 3 -3 0.000016891384 -0.000017666805
1279 3 -3 0.000014669344 -0.000019999412
