0 -25.4558441227157104 -14.6969384566990673 20.7846096908265281
1 -24.1856469430858247 -15.3953941374728682 21.7723751872934024
2 -22.8850543841555343 -16.0444620335100261 22.6902958087702942
3 -21.5576571008942253 -16.6459947166504243 23.5409914874779851
4 -20.2066353506460210 -17.2016654988795814 24.3268286439206562
5 -18.8348308342252899 -17.7129815619891957 25.0499387550298671
6 -17.4447971653492857 -18.1813003922512806 25.7122415963008741
7 -16.0388372637752958 -18.6078451128024049 26.3154669250630810
8 -14.6190324450768863 -18.9937172978312567 26.8611726024731681
9 -13.1872661797352553 -19.3399070206728574 27.3507588036701357
10 -11.7452444844187891 -19.6473003404305402 27.7854786054541130
11 -10.2945142913754388 -19.9166845927785197 28.1664454686147074
12 -8.8364807332412365 -20.1487518906346246 28.4946381886260163
13 -7.3724239911834362 -20.3441012293837105 28.7709038728853841
14 -5.9035161372210236 -20.5032395588074827 28.9959594566505601
15 -4.4308382348958713 -20.6265821416295481 29.1703922100953932
16 -2.9553978312361178 -20.7144524721197776 29.2946596232046303
17 -1.4781468725491704 -20.7670819794467931 29.3690889862472524
18 0.0000000000000000 -20.7846096908265281 29.3938769133981381
19 1.4781468725491704 -20.7670819794467931 29.3690889862472524
20 2.9553978312361178 -20.7144524721197776 29.2946596232046303
21 4.4308382348958713 -20.6265821416295481 29.1703922100953932
22 5.9035161372210236 -20.5032395588074827 28.9959594566505601
23 7.3724239911834362 -20.3441012293837105 28.7709038728853841
24 8.8364807332412365 -20.1487518906346246 28.4946381886260163
25 10.2945142913754388 -19.9166845927785197 28.1664454686147074
26 11.7452444844187891 -19.6473003404305402 27.7854786054541130
27 13.1872661797352553 -19.3399070206728574 27.3507588036701357
28 14.6190324450768863 -18.9937172978312532 26.8611726024731681
29 16.0388372637752958 -18.6078451128024049 26.3154669250630810
30 17.4447971653492857 -18.1813003922512806 25.7122415963008741
31 18.8348308342252899 -17.7129815619891957 25.0499387550298671
32 20.2066353506460210 -17.2016654988795814 24.3268286439206562
33 21.5576571008942253 -16.6459947166504243 23.5409914874779851
34 22.8850543841555343 -16.0444620335100261 22.6902958087702942
35 24.1856469430858247 -15.3953941374728682 21.7723751872934024
36 25.4558441227157104 -14.6969384566990673 20.7846096908265281
37 -25.4256258958684320 -13.2476875909373426 21.7723751872934024
38 -24.1265624780270791 -13.9294773413092106 22.8008474402117258
39 -22.7949383152616036 -14.5620378318138304 23.7557959535823855
40 -21.4344726724697630 -15.1472183590680718 24.6399098463419328
41 -20.0484902585449660 -15.6866541124885472 25.4555872277222015
42 -18.6399826309420469 -16.1818053090081193 26.2049656450745161
43 -17.2116540103677771 -16.6339849709478536 26.8899518447629760
44 -15.7659568766917033 -17.0443787383873762 27.5122474033784776
45 -14.3051207822992215 -17.4140587643440981 28.0733695297839425
46 -12.8311766850562083 -17.7439930950761706 28.5746673457235403
47 -11.3459783911487921 -18.0350515818937929 29.0173342811846666
48 -9.8512222223331793 -18.2880091542688099 29.4024172798698480
49 -8.3484656874363772 -18.5035471382724950 29.7308234660162967
50 -6.8391456921430454 -18.6822531988169800 30.0033248427059149
51 -5.3245966369400355 -18.8246203964208725 30.2205615034622106
52 -3.8060686127672345 -18.9310457745050016 30.3830437513838341
53 -2.2847457987056070 -19.0018288197008332 30.4911534406634743
54 -0.7617650878182979 -19.0371700692958328 30.5451447811872079
55 0.7617650878182979 -19.0371700692958328 30.5451447811872079
56 2.2847457987056070 -19.0018288197008332 30.4911534406634743
57 3.8060686127672345 -18.9310457745050016 30.3830437513838341
58 5.3245966369400355 -18.8246203964208725 30.2205615034622106
59 6.8391456921430454 -18.6822531988169800 30.0033248427059149
60 8.3484656874363772 -18.5035471382724950 29.7308234660162967
61 9.8512222223331793 -18.2880091542688099 29.4024172798698480
62 11.3459783911487921 -18.0350515818937929 29.0173342811846666
63 12.8311766850562083 -17.7439930950761706 28.5746673457235403
64 14.3051207822992215 -17.4140587643440981 28.0733695297839425
65 15.7659568766917033 -17.0443787383873762 27.5122474033784776
66 17.2116540103677806 -16.6339849709478536 26.8899518447629795
67 18.6399826309420469 -16.1818053090081193 26.2049656450745161
68 20.0484902585449660 -15.6866541124885472 25.4555872277222015
69 21.4344726724697630 -15.1472183590680718 24.6399098463419328
70 22.7949383152616036 -14.5620378318138304 23.7557959535823855
71 24.1265624780270365 -13.9294773413092798 22.8008474402117223
72 25.4256258958684320 -13.2476875909373444 21.7723751872934024
73 -25.3374389031523819 -11.7968074469121245 22.6902958087702942
74 -24.0085638508516439 -12.4599767428088839 23.7557959535823855
75 -22.6452105556311416 -13.0742184101493795 24.7438730164629455
76 -21.2512256402257513 -13.6413413583689902 25.6573423162388998
77 -19.8300684022192755 -14.1629296004608509 26.4986756706008713
78 -18.3848675965143009 -14.6403942660677178 27.2700476565907337
79 -16.9184653561336731 -15.0750066241333798 27.9733749353852481
80 -15.4334523571276669 -15.4679193362251386 28.6103481235077446
81 -13.9321970270474047 -15.8201798186593017 29.1824569991084957
82 -12.4168707447450686 -16.1327380507973857 29.6910101527827486
83 -10.8894704009316801 -16.4064503921425420 30.1371501625053888
84 -9.3518392827437449 -16.6420805482536913 30.5218652289660568
85 -7.8056869514692853 -16.8402985752092320 30.8459980404827903
86 -6.2526085677402250 -17.0016786459723797 31.1102524791700823
87 -4.6941039590078164 -17.1266961787242629 31.3151986425712927
88 -3.1315966089753902 -17.2157248227347637 31.4612765396849134
89 -1.5664526646843406 -17.2690337026236236 31.5487987255767415
90 0.0000000000000000 -17.2867852300088884 31.5779520617082810
91 1.5664526646843406 -17.2690337026236236 31.5487987255767415
92 3.1315966089753902 -17.2157248227347637 31.4612765396849134
93 4.6941039590078164 -17.1266961787242629 31.3151986425712927
94 6.2526085677402250 -17.0016786459723797 31.1102524791700823
95 7.8056869514692844 -16.8402985752092356 30.8459980404827832
96 9.3518392827437449 -16.6420805482536913 30.5218652289660568
97 10.8894704009316801 -16.4064503921425420 30.1371501625053888
98 12.4168707447450686 -16.1327380507973857 29.6910101527827486
99 13.9321970270474047 -15.8201798186593017 29.1824569991084957
100 15.4334523571276669 -15.4679193362251386 28.6103481235077446
101 16.9184653561336731 -15.0750066241333798 27.9733749353852481
102 18.3848675965143009 -14.6403942660677178 27.2700476565907337
103 19.8300684022192755 -14.1629296004608509 26.4986756706008713
104 21.2512256402257513 -13.6413413583689920 25.6573423162388963
105 22.6452105556311274 -13.0742184101494026 24.7438730164629455
106 24.0085638508516439 -12.4599767428088839 23.7557959535823855
107 25.3374389031523819 -11.7968074469121227 22.6902958087702942
108 -25.1946828463279289 -10.3464813371231799 23.5409914874779851
109 -23.8351122318578739 -10.9891886715481029 24.6399098463419328
110 -22.4393609781557473 -11.5834305868062266 25.6573423162388998
111 -21.0114069863791286 -12.1309414796387181 26.5962597985190250
112 -19.5548412575251760 -12.6332387527225976 27.4592327279860342
113 -18.0729239869872060 -13.0916785584026005 28.2484932533408610
114 -16.5686287033688835 -13.5074892879985011 28.9659848101960229
115 -15.0446781727630814 -13.8817916052852208 29.6134010290175702
116 -13.5035746448909499 -14.2156097129122063 30.1922160879259494
117 -11.9476262414635759 -14.5098766397931414 30.7037083605918255
118 -10.3789707480358100 -14.7654353871001547 31.1489788603220141
119 -8.7995976878618514 -14.9830372604961610 31.5289656503723599
120 -7.2113692829132594 -15.1633384151124151 31.8444551087662866
121 -5.6160407106083037 -15.3068954439051712 32.0960907059745466
122 -4.0152799264659027 -15.4141606900062751 32.2843797731160578
123 -2.4106872262362153 -15.4854778398123170 32.4096985973326071
124 -0.8038146568175404 -15.5210782355056267 32.4722960753439622
125 0.8038146568175404 -15.5210782355056267 32.4722960753439622
126 2.4106872262362153 -15.4854778398123170 32.4096985973326071
127 4.0152799264659027 -15.4141606900062751 32.2843797731160578
128 5.6160407106083037 -15.3068954439051712 32.0960907059745466
129 7.2113692829132594 -15.1633384151124151 31.8444551087662866
130 8.7995976878618514 -14.9830372604961610 31.5289656503723599
131 10.3789707480358100 -14.7654353871001547 31.1489788603220141
132 11.9476262414635759 -14.5098766397931414 30.7037083605918255
133 13.5035746448909499 -14.2156097129122045 30.1922160879259494
134 15.0446781727630814 -13.8817916052852208 29.6134010290175702
135 16.5686287033688835 -13.5074892879985011 28.9659848101960229
136 18.0729239869872060 -13.0916785584025988 28.2484932533408610
137 19.5548412575251760 -12.6332387527225976 27.4592327279860342
138 21.0114069863790753 -12.1309414796388015 26.5962597985190250
139 22.4393609781557473 -11.5834305868062284 25.6573423162388998
140 23.8351122318578739 -10.9891886715481029 24.6399098463419328
141 25.1946828463279289 -10.3464813371231799 23.5409914874779851
142 -25.0003969847550493 -8.8986267892283397 24.3268286439206562
143 -23.6092860910672009 -9.5191748151805147 25.4555872277222015
144 -22.1804910271193236 -10.0918781948745639 26.4986756706008713
145 -20.7181263206943953 -10.6183699196275345 27.4592327279860342
146 -19.2259151832430391 -11.1000873064621768 28.3399408460155762
147 -17.7072474006224887 -11.5383253612388899 29.1431027406372678
148 -16.1652251512715246 -11.9342672385663704 29.8707007163738965
149 -14.6027005220582780 -12.2890009457871727 30.5244425537555202
150 -13.0223072985843409 -12.6035271934456716 31.1057971269876354
151 -11.4264888076406326 -12.8787613264512082 31.6160222075005528
152 -9.8175230397308368 -13.1155312890396427 32.0561863042155437
153 -8.1975458979959477 -13.3145730473249095 32.4271859065460504
154 -6.5685731527150679 -13.4765245810785697 32.7297591184691754
155 -4.9325214977995691 -13.6019193443050046 32.9644963836058977
156 -3.2912289809082145 -13.6911799312470350 33.1318487845977003
157 -1.6464749990454848 -13.7446125402901078 33.2321342407438252
158 0.0000000000000000 -13.7624026939518576 33.2655418126551297
159 1.6464749990454848 -13.7446125402901078 33.2321342407438252
160 3.2912289809082145 -13.6911799312470350 33.1318487845977003
161 4.9325214977995691 -13.6019193443050046 32.9644963836058977
162 6.5685731527150679 -13.4765245810785697 32.7297591184691754
163 8.1975458979959477 -13.3145730473249095 32.4271859065460504
164 9.8175230397308368 -13.1155312890396427 32.0561863042155437
165 11.4264888076406326 -12.8787613264512082 31.6160222075005528
166 13.0223072985843409 -12.6035271934456716 31.1057971269876354
167 14.6027005220582780 -12.2890009457871727 30.5244425537555202
168 16.1652251512715246 -11.9342672385663704 29.8707007163738965
169 17.7072474006224887 -11.5383253612388899 29.1431027406372678
170 19.2259151832429467 -11.1000873064623331 28.3399408460155762
171 20.7181263206943953 -10.6183699196275345 27.4592327279860342
172 22.1804910271193236 -10.0918781948745622 26.4986756706008713
173 23.6092860910672009 -9.5191748151805147 25.4555872277222015
174 25.0003969847550493 -8.8986267892283397 24.3268286439206562
175 -24.7573074265606543 -7.4549511974269569 25.0499387550298671
176 -23.3338457921659490 -8.0517958299924519 26.2049656450745161
177 -21.8713871540918277 -8.6015652507608813 27.2700476565907337
178 -20.3741882032502915 -9.1057720141947609 28.2484932533408610
179 -18.8461065802743839 -9.5657633994155979 29.1431027406372714
180 -17.2906620599309377 -9.9827683947678718 29.9562571211039064
181 -15.7110850027845821 -10.3579226563411186 30.6899860912404598
182 -14.1103560853001024 -10.6922802943636839 31.3460203734508589
183 -12.4912399974176189 -10.9868172714622592 31.9258323238472990
184 -10.8563149319452386 -11.2424293156606829 32.4306677264097658
185 -9.2079991109520485 -11.4599263137163909 32.8615708884541462
186 -7.5485752005745566 -11.6400246455396630 33.2194045505409434
187 -5.8802132013552573 -11.7833386125484321 33.5048656742365196
188 -4.2049922247987483 -11.8903719002213411 33.7184978381868135
189 -2.5249214546774166 -11.9615098387106489 33.8607007314694783
190 -0.8419605214993044 -11.9970130692367611 33.9317370598205414
191 0.8419605214993044 -11.9970130692367611 33.9317370598205414
192 2.5249214546774166 -11.9615098387106489 33.8607007314694783
193 4.2049922247987483 -11.8903719002213411 33.7184978381868135
194 5.8802132013552573 -11.7833386125484321 33.5048656742365196
195 7.5485752005745566 -11.6400246455396630 33.2194045505409434
196 9.2079991109520485 -11.4599263137163909 32.8615708884541462
197 10.8563149319452386 -11.2424293156606829 32.4306677264097658
198 12.4912399974176189 -10.9868172714622592 31.9258323238472990
199 14.1103560853001024 -10.6922802943636839 31.3460203734508589
200 15.7110850027845785 -10.3579226563411186 30.6899860912404598
201 17.2906620599308489 -9.9827683947680264 29.9562571211039064
202 18.8461065802743839 -9.5657633994155979 29.1431027406372714
203 20.3741882032502915 -9.1057720141947609 28.2484932533408610
204 21.8713871540918312 -8.6015652507608849 27.2700476565907373
205 23.3338457921659490 -8.0517958299924519 26.2049656450745161
206 24.7573074265606543 -7.4549511974269569 25.0499387550298671
207 -24.4678665962002313 -6.0169873129336073 25.7122415963008741
208 -23.0112805561932880 -6.5887371286528831 26.8899518447629795
209 -21.5145713767850317 -7.1143174793920121 27.9733749353852481
210 -19.9821432164373256 -7.5951087189902253 28.9659848101960229
211 -18.4179911797866005 -8.0323620196131014 29.8707007163738965
212 -16.8257666522180926 -8.4272374052575980 30.6899860912404598
213 -15.2088289773956991 -8.7808215041582596 31.4259239299092208
214 -13.5702877964093034 -9.0941332695694310 32.0802747681177891
215 -11.9130388974679651 -9.3681221636363148 32.6545217596981701
216 -10.2397954861932412 -9.6036615772918434 33.1499060739210023
217 -8.5531161697803970 -9.8015394055062881 33.5674549090119214
218 -6.8554305424661095 -9.9624472316139752 33.9080037341440956
219 -5.1490629920150770 -10.0869692861270313 34.1722138721650666
220 -3.4362551773986914 -10.1755721309538014 34.3605861731658635
221 -1.7191875212820324 -10.2285958388516782 34.4734712704145068
222 0.0000000000000000 -10.2462472651199317 34.5110767288130660
223 1.7191875212820324 -10.2285958388516782 34.4734712704145068
224 3.4362551773986914 -10.1755721309538014 34.3605861731658635
225 5.1490629920150770 -10.0869692861270313 34.1722138721650666
226 6.8554305424661104 -9.9624472316139769 33.9080037341440956
227 8.5531161697803970 -9.8015394055062881 33.5674549090119214
228 10.2397954861932412 -9.6036615772918434 33.1499060739210023
229 11.9130388974679651 -9.3681221636363148 32.6545217596981701
230 13.5702877964093034 -9.0941332695694310 32.0802747681177891
231 15.2088289773955871 -8.7808215041584550 31.4259239299092208
232 16.8257666522180926 -8.4272374052575980 30.6899860912404598
233 18.4179911797866005 -8.0323620196131014 29.8707007163738965
234 19.9821432164373256 -7.5951087189902253 28.9659848101960229
235 21.5145713767850317 -7.1143174793920121 27.9733749353852481
236 23.0112805561932880 -6.5887371286528831 26.8899518447629795
237 24.4678665962002313 -6.0169873129336073 25.7122415963008741
238 -24.1342852092606428 -4.5861179611926994 26.3154669250630810
239 -22.6438434175126808 -5.1315298009912951 27.5122474033784812
240 -21.1123372674233316 -5.6318021412568200 28.6103481235077446
241 -19.5443232666001059 -6.0881776867314645 29.6134010290175702
242 -17.9439372672118260 -6.5018091430651657 30.5244425537555202
243 -16.3149644019527571 -6.8737866791323938 31.3460203734508589
244 -14.6608943350530154 -7.2051473335716922 32.0802747681177962
245 -12.9849664584717654 -7.4968738802168575 32.7290013305705045
246 -11.2902080563865397 -7.7498872833292411 33.2936998415495466
247 -9.5794674524327785 -7.9650353361063839 33.7756127320046957
248 -7.8554435047052165 -8.1430793202674412 34.1757555370502004
249 -6.1207123921599251 -8.2846801073156673 34.4949410107034069
250 -4.3777523683113984 -8.3903848512149821 34.7337980395211900
251 -2.6289669890266030 -8.4606152136043100 34.8927861137217832
252 -0.8767072209539069 -8.4956578711558599 34.9722058467148287
253 0.8767072209539069 -8.4956578711558599 34.9722058467148287
254 2.6289669890266030 -8.4606152136043100 34.8927861137217832
255 4.3777523683113984 -8.3903848512149821 34.7337980395211900
256 6.1207123921599251 -8.2846801073156673 34.4949410107034069
257 7.8554435047052165 -8.1430793202674412 34.1757555370502004
258 9.5794674524327785 -7.9650353361063839 33.7756127320046957
259 11.2902080563865397 -7.7498872833292411 33.2936998415495466
260 12.9849664584716979 -7.4968738802169765 32.7290013305705045
261 14.6608943350530154 -7.2051473335716922 32.0802747681177962
262 16.3149644019527571 -6.8737866791323938 31.3460203734508589
263 17.9439372672118260 -6.5018091430651657 30.5244425537555202
264 19.5443232666001059 -6.0881776867314645 29.6134010290175702
265 21.1123372674233352 -5.6318021412568209 28.6103481235077410
266 22.6438434175126808 -5.1315298009912960 27.5122474033784812
267 24.1342852092606428 -4.5861179611926994 26.3154669250630810
268 -23.7585579147602282 -3.1635948272698897 26.8611726024731681
269 -22.2335776640666474 -3.6815686195038024 28.0733695297839425
270 -20.6667761289205565 -4.1555466466234341 29.1824569991084957
271 -19.0628664641122541 -4.5866338279188925 30.1922160879259494
272 -17.4261283761041099 -4.9758853397387091 31.1057971269876354
273 -15.7604828625327560 -5.3243225268007981 31.9258323238472990
274 -14.0695512281990709 -5.6329332396612619 32.6545217596981772
275 -12.3567032920223614 -5.9026633491778560 33.2936998415495466
276 -10.6250979807050054 -6.1344031793261253 33.8448872140814174
277 -8.8777184372551456 -6.3289712548787609 34.3093316490388460
278 -7.1174030953900331 -6.4870970989046173 34.6880403656233653
279 -5.3468737394988670 -6.6094044470929934 34.9818054718249911
280 -3.5687612968138120 -6.6963959938236242 35.1912236715387152
281 -1.7856299427373636 -6.7484405767264217 35.3167109947966722
282 0.0000000000000000 -6.7657635098072708 35.3585130361750473
283 1.7856299427373636 -6.7484405767264217 35.3167109947966722
284 3.5687612968138120 -6.6963959938236242 35.1912236715387152
285 5.3468737394988670 -6.6094044470929934 34.9818054718249911
286 7.1174030953900331 -6.4870970989046173 34.6880403656233653
287 8.8777184372551456 -6.3289712548787609 34.3093316490388460
288 10.6250979807049539 -6.1344031793262124 33.8448872140814174
289 12.3567032920223614 -5.9026633491778560 33.2936998415495466
290 14.0695512281990709 -5.6329332396612619 32.6545217596981772
291 15.7604828625327560 -5.3243225268007981 31.9258323238472990
292 17.4261283761041135 -4.9758853397387108 31.1057971269876354
293 19.0628664641122541 -4.5866338279188925 30.1922160879259494
294 20.6667761289205565 -4.1555466466234341 29.1824569991084921
295 22.2335776640666474 -3.6815686195038024 28.0733695297839425
296 23.7585579147602282 -3.1635948272698906 26.8611726024731681
297 -23.3424838765993385 -1.7505540077816639 27.3507588036701357
298 -21.7823371274397317 -2.2401284221671922 28.5746673457235403
299 -20.1797963569629175 -2.6869564750583366 29.6910101527827486
300 -18.5397348965710371 -3.0920095201324811 30.7037083605918255
301 -16.8665788818036368 -3.4562489202497448 31.6160222075005564
302 -15.1643868535856718 -3.7806298647185672 32.4306677264097658
303 -13.4369126383798889 -4.0660922319546549 33.1499060739210023
304 -11.6876566693252428 -4.3135445004797948 33.7756127320046957
305 -9.9199091051740567 -4.5238440668690627 34.3093316490388460
306 -8.1367869945351163 -4.6977761616334455 34.7523178585364718
307 -6.3412670335953196 -4.8360329866851979 35.1055710302557245
308 -4.5362150255809288 -4.9391943694825988 35.3698616370231917
309 -2.7244128754907218 -5.0077109954491235 35.5457508722198483
310 -0.9085837850825995 -5.0418910719543240 35.6336050649387985
311 0.9085837850825995 -5.0418910719543240 35.6336050649387985
312 2.7244128754907218 -5.0077109954491235 35.5457508722198483
313 4.5362150255809288 -4.9391943694825988 35.3698616370231917
314 6.3412670335953196 -4.8360329866851979 35.1055710302557245
315 8.1367869945350719 -4.6977761616335192 34.7523178585364718
316 9.9199091051740567 -4.5238440668690627 34.3093316490388460
317 11.6876566693252428 -4.3135445004797957 33.7756127320046957
318 13.4369126383798889 -4.0660922319546549 33.1499060739210023
319 15.1643868535856718 -3.7806298647185685 32.4306677264097658
320 16.8665788818036368 -3.4562489202497448 31.6160222075005564
321 18.5397348965710371 -3.0920095201324811 30.7037083605918255
322 20.1797963569629175 -2.6869564750583379 29.6910101527827486
323 21.7823371274397317 -2.2401284221671927 28.5746673457235403
324 23.3424838765993385 -1.7505540077816650 27.3507588036701357
325 -22.8876834528048860 -0.3480299269504632 27.7854786054541130
326 -21.2918020240571515 -0.8083797265772529 29.0173342811846702
327 -19.6531380259904438 -1.2273328048942815 30.1371501625053888
328 -17.9767275171843508 -1.6057346393845113 31.1489788603220141
329 -16.2671448003034129 -1.9444587101261064 32.0561863042155437
330 -14.5285868686521731 -2.2443979912508056 32.8615708884541462
331 -12.7649402062528665 -2.5064461817961377 33.5674549090119214
332 -10.9798353087359324 -2.7314739729344581 34.1757555370502004
333 -9.1766924321627510 -2.9203033401294567 34.6880403656233653
334 -7.3587609368065729 -3.0736818499317393 35.1055710302557245
335 -5.5291538814143619 -3.1922584818253723 35.4293373229143853
336 -3.6908790756069036 -3.2765621774366349 35.6600834540055232
337 -1.8468675206955567 -3.3269841054019178 35.7983275743909957
338 0.0000000000000000 -3.3437644235143114 35.8443752837183638
339 1.8468675206955567 -3.3269841054019178 35.7983275743909957
340 3.6908790756069036 -3.2765621774366349 35.6600834540055232
341 5.5291538814142980 -3.1922584818254816 35.4293373229143853
342 7.3587609368065729 -3.0736818499317393 35.1055710302557245
343 9.1766924321627510 -2.9203033401294567 34.6880403656233653
344 10.9798353087359324 -2.7314739729344586 34.1757555370502004
345 12.7649402062528665 -2.5064461817961372 33.5674549090119214
346 14.5285868686521731 -2.2443979912508047 32.8615708884541462
347 16.2671448003034094 -1.9444587101261068 32.0561863042155437
348 17.9767275171843508 -1.6057346393845118 31.1489788603220141
349 19.6531380259904438 -1.2273328048942809 30.1371501625053888
350 21.2918020240571515 -0.8083797265772529 29.0173342811846702
351 22.8876834528048860 -0.3480299269504631 27.7854786054541130
352 -22.3956119621960390 1.0430314004361680 28.1664454686147074
353 -20.7634916234057485 0.6125958742680806 29.4024172798698515
354 -19.0883841679864261 0.2221098831615189 30.5218652289660568
355 -17.3754897373694028 -0.1291565105230908 31.5289656503723634
356 -15.6295314485249328 -0.4419964726909540 32.4271859065460504
357 -13.8548446440015827 -0.7172455633049462 33.2194045505409434
358 -12.0554476576727083 -0.9557533878483959 33.9080037341440956
359 -10.2350996312429192 -1.1583523672108857 34.4949410107034069
360 -8.3973490248178067 -1.3258262656874211 34.9818054718249911
361 -6.5455753109914578 -1.4588802644404610 35.3698616370231917
362 -4.6830256205428320 -1.5581139530536858 35.6600834540055232
363 -2.8128476572012557 -1.6239983520744119 35.8531800180937523
364 -0.9381199176508367 -1.6568578674593024 35.9496140873187287
365 0.9381199176508367 -1.6568578674593024 35.9496140873187287
366 2.8128476572011332 -1.6239983520746237 35.8531800180937523
367 4.6830256205428320 -1.5581139530536858 35.6600834540055232
368 6.5455753109914578 -1.4588802644404610 35.3698616370231917
369 8.3973490248178067 -1.3258262656874211 34.9818054718249911
370 10.2350996312429192 -1.1583523672108851 34.4949410107034069
371 12.0554476576727101 -0.9557533878483969 33.9080037341440956
372 13.8548446440015827 -0.7172455633049462 33.2194045505409434
373 15.6295314485249328 -0.4419964726909547 32.4271859065460504
374 17.3754897373694028 -0.1291565105230901 31.5289656503723634
375 19.0883841679864261 0.2221098831615183 30.5218652289660568
376 20.7634916234057485 0.6125958742680813 29.4024172798698515
377 22.3956119621960390 1.0430314004361669 28.1664454686147074
378 -21.8675713584599407 2.4217591502786582 28.4946381886260163
379 -20.1987747255850216 2.0217902011936273 29.7308234660162967
380 -18.4869698491807277 1.6602260936435058 30.8459980404827903
381 -16.7375209151244455 1.3364402124825523 31.8444551087662866
382 -14.9552992182970161 1.0497110736715947 32.7297591184691754
383 -13.1447771805386484 0.7992552942319429 33.5048656742365196
384 -11.3101031449869325 0.5842652862921472 34.1722138721650666
385 -9.4551626128359896 0.4039476631723297 34.7337980395211900
386 -7.5836296928585085 0.2575600538283559 35.1912236715387152
387 -5.6990113746149609 0.1444447371521888 35.5457508722198483
388 -3.8046865136128836 0.0640578623542254 35.7983275743909957
389 -1.9039409625052852 0.0159932532478613 35.9496140873187287
390 -0.0000000000000062 -0.0000000000000031 36.0000000000000000
391 1.9039409625052852 0.0159932532478613 35.9496140873187287
392 3.8046865136128836 0.0640578623542254 35.7983275743909957
393 5.6990113746149609 0.1444447371521888 35.5457508722198483
394 7.5836296928585085 0.2575600538283552 35.1912236715387152
395 9.4551626128359896 0.4039476631723289 34.7337980395211900
396 11.3101031449869325 0.5842652862921480 34.1722138721650666
397 13.1447771805386484 0.7992552942319435 33.5048656742365196
398 14.9552992182970161 1.0497110736715947 32.7297591184691754
399 16.7375209151244455 1.3364402124825532 31.8444551087662866
400 18.4869698491807277 1.6602260936435067 30.8459980404827903
401 20.1987747255850216 2.0217902011936255 29.7308234660162967
402 21.8675713584599443 2.4217591502786586 28.4946381886260163
403 -21.3047204774002417 3.7873441508571370 28.7709038728853841
404 -19.5988787161801170 3.4182526898297052 30.0033248427059149
405 -17.8501898982616076 3.0859214634029182 31.1102524791700823
406 -16.0641806627983144 2.7898137978781845 32.0960907059745466
407 -14.2458684412948919 2.5292707503452099 32.9644963836058977
408 -12.3998602384357017 2.3035558607189111 33.7184978381868135
409 -10.5304315521462915 2.1119017879638302 34.3605861731658635
410 -8.6415912011397396 1.9535554085944318 34.8927861137217832
411 -6.7371359467434697 1.8278193961944995 35.3167109947966722
412 -4.8206976439676996 1.7340888966290104 35.6336050649388056
413 -2.8957849350340230 1.6718822117571557 35.8443752837183638
414 -0.9658210448544484 1.6408646142114411 35.9496140873187287
415 0.9658210448544484 1.6408646142114411 35.9496140873187287
416 2.8957849350340230 1.6718822117571557 35.8443752837183638
417 4.8206976439676987 1.7340888966290111 35.6336050649387985
418 6.7371359467434697 1.8278193961945002 35.3167109947966722
419 8.6415912011397396 1.9535554085944318 34.8927861137217832
420 10.5304315521462915 2.1119017879638315 34.3605861731658635
421 12.3998602384357017 2.3035558607189102 33.7184978381868135
422 14.2458684412948919 2.5292707503452090 32.9644963836058977
423 16.0641806627983144 2.7898137978781845 32.0960907059745466
424 17.8501898982616112 3.0859214634029204 31.1102524791700823
425 19.5988787161801170 3.4182526898297052 30.0033248427059149
426 21.3047204774002417 3.7873441508571370 28.7709038728853841
427 -20.7080843864158375 5.1390248329189543 28.9959594566505601
428 -18.9648977983691829 4.8010742457151760 30.2205615034622106
429 -17.1792059531769929 4.4981348128562564 31.3151986425712927
430 -15.3566946987938593 4.2297459253779532 32.2843797731160578
431 -13.5025241186977247 3.9953020584854357 33.1318487845977074
432 -11.6214321152796352 3.7941087970443239 33.8607007314694783
433 -9.7178176021303706 3.6254378521263990 34.4734712704145068
434 -7.7958091487591510 3.4885782105505885 34.9722058467148287
435 -5.8593230754908605 3.3828817549036354 35.3585130361750473
436 -3.9121138588851005 3.3078021753253126 35.6336050649388056
437 -1.9578189929173273 3.2629262430476924 35.7983275743909957
438 -0.0000000000001226 3.2479967041490356 35.8531800180937523
439 1.9578189929173273 3.2629262430476924 35.7983275743909957
440 3.9121138588851005 3.3078021753253131 35.6336050649388056
441 5.8593230754908605 3.3828817549036354 35.3585130361750473
442 7.7958091487591510 3.4885782105505885 34.9722058467148287
443 9.7178176021303706 3.6254378521263986 34.4734712704145068
444 11.6214321152796352 3.7941087970443252 33.8607007314694783
445 13.5025241186977247 3.9953020584854366 33.1318487845977074
446 15.3566946987938593 4.2297459253779541 32.2843797731160578
447 17.1792059531769929 4.4981348128562564 31.3151986425712927
448 18.9648977983691829 4.8010742457151752 30.2205615034622106
449 20.7080843864158375 5.1390248329189543 28.9959594566505601
450 -20.0785632453455563 6.4760725993355477 29.1703922100953932
451 -18.2978008673110040 6.1693707800494781 30.3830437513838341
452 -16.4750533455383525 5.8958201935894889 31.4612765396849134
453 -14.6161608121365454 5.6550225414069519 32.4096985973326071
454 -12.7264211245881427 5.4464170942757031 33.2321342407438252
455 -10.8106983482426067 5.2693473340163886 33.9317370598205414
456 -8.8735104250506893 5.1231236325599658 34.5110767288130660
457 -6.9191019278052437 5.0070796606052737 34.9722058467148287
458 -4.9515060040061059 4.9206211805319198 35.3167109947966722
459 -2.9745984991242391 4.8632662582969353 35.5457508722198483
460 -0.9921465449359280 4.8346761304903207 35.6600834540055232
461 0.9921465449359280 4.8346761304903207 35.6600834540055232
462 2.9745984991242391 4.8632662582969353 35.5457508722198483
463 4.9515060040061059 4.9206211805319215 35.3167109947966722
464 6.9191019278052437 5.0070796606052728 34.9722058467148287
465 8.8735104250506893 5.1231236325599658 34.5110767288130660
466 10.8106983482426067 5.2693473340163886 33.9317370598205414
467 12.7264211245881409 5.4464170942757022 33.2321342407438252
468 14.6161608121365454 5.6550225414069519 32.4096985973326071
469 16.4750533455383525 5.8958201935894889 31.4612765396849134
470 18.2978008673110075 6.1693707800494790 30.3830437513838341
471 20.0785632453455563 6.4760725993355468 29.1703922100953932
472 -19.4169409819591507 7.7977766359199734 29.2946596232046303
473 -17.5984393755770014 7.5222665069815973 30.4911534406634743
474 -15.7386482176238722 7.2779290498693454 31.5487987255767415
475 -13.8435553744823903 7.0644152050145506 32.4722960753439622
476 -11.9185903500737052 6.8812013469759288 33.2655418126551297
477 -9.9687378267433022 6.7276657352203717 33.9317370598205414
478 -7.9986300808483373 6.6031579867252805 34.4734712704145068
479 -6.0126242121131375 6.5070598050098791 34.8927861137217832
480 -4.0148683960446965 6.4388359399952702 35.1912236715387152
481 -2.0093602854105295 6.3980746339230601 35.3698616370231917
482 -0.0000000000000636 6.3845169636508556 35.4293373229143853
483 2.0093602854105295 6.3980746339230601 35.3698616370231917
484 4.0148683960446965 6.4388359399952693 35.1912236715387152
485 6.0126242121131375 6.5070598050098791 34.8927861137217832
486 7.9986300808483373 6.6031579867252796 34.4734712704145068
487 9.9687378267433022 6.7276657352203717 33.9317370598205414
488 11.9185903500737052 6.8812013469759288 33.2655418126551297
489 13.8435553744823920 7.0644152050145506 32.4722960753439622
490 15.7386482176238758 7.2779290498693472 31.5487987255767450
491 17.5984393755770014 7.5222665069815955 30.4911534406634708
492 19.4169409819591507 7.7977766359199734 29.2946596232046303
493 -18.7238939929495309 9.1034282475712924 29.3690889862472488
494 -16.8675554400841001 8.8588771168811853 30.5451447811872079
495 -14.9707951589533170 8.6433926150044442 31.5779520617082810
496 -13.0397407176648503 8.4566630304910770 32.4722960753439622
497 -11.0799461255426568 8.2981954460144038 33.2321342407438252
498 -9.0965106606022204 8.1674010416663254 33.8607007314694854
499 -7.0941763747475992 8.0636703429899690 34.3605861731658635
500 -5.0774102445245921 7.9864371880426548 34.7337980395211900
501 -3.0504752853189410 7.9352307127804131 34.9818054718249911
502 -1.0174939032112527 7.9097148366169359 35.1055710302557245
503 1.0174939032112527 7.9097148366169376 35.1055710302557245
504 3.0504752853189410 7.9352307127804149 34.9818054718249911
505 5.0774102445245921 7.9864371880426548 34.7337980395211900
506 7.0941763747475992 8.0636703429899708 34.3605861731658635
507 9.0965106606022186 8.1674010416663272 33.8607007314694783
508 11.0799461255426550 8.2981954460144021 33.2321342407438252
509 13.0397407176648503 8.4566630304910753 32.4722960753439622
510 14.9707951589533170 8.6433926150044442 31.5779520617082810
511 16.8675554400841037 8.8588771168811871 30.5451447811872079
512 18.7238939929495309 9.1034282475712924 29.3690889862472488
513 -18.0000000000000000 10.3923048454132640 29.3938769133981381
514 -16.1057903522657995 10.1782929524146457 30.5451447811872079
515 -14.1721955529395327 9.9911046527542808 31.5487987255767415
516 -12.2054735859003323 9.8304552984053668 32.4096985973326071
517 -10.2112951377895094 9.6958778727616011 33.1318487845977074
518 -8.1948680136369525 9.5868160395024304 33.7184978381868135
519 -6.1610401529718546 9.5027039998348837 34.1722138721650666
520 -4.1143872390829959 9.4430324745265519 34.4949410107034069
521 -2.0592893367727170 9.4074004390340775 34.6880403656233653
522 -0.0000000000000431 9.3955523232669655 34.7523178585364718
523 2.0592893367727170 9.4074004390340740 34.6880403656233653
524 4.1143872390829959 9.4430324745265519 34.4949410107034069
525 6.1610401529718546 9.5027039998348819 34.1722138721650666
526 8.1948680136369525 9.5868160395024304 33.7184978381868135
527 10.2112951377895094 9.6958778727616011 33.1318487845977074
528 12.2054735859003323 9.8304552984053668 32.4096985973326071
529 14.1721955529395363 9.9911046527542826 31.5487987255767450
530 16.1057903522658030 10.1782929524146493 30.5451447811872079
531 18.0000000000000000 10.3923048454132640 29.3938769133981381
532 -17.2457471204003596 11.6636537318754954 29.3690889862472524
533 -15.3136935768713958 11.4795623127192403 30.4911534406634743
534 -13.3434567365629597 11.3199046291452721 31.4612765396849134
535 -11.3414147723279566 11.1844147646283218 32.2843797731160578
536 -9.3133469434953238 11.0726485939597943 32.9644963836058977
537 -7.2645639791833929 10.9840833183164879 33.5048656742365196
538 -5.2000171152066015 10.9182006194623735 33.9080037341440956
539 -3.1243918040307150 10.8745532932019007 34.1757555370502004
540 -1.0421906679189112 10.8528153217478227 34.3093316490388460
541 1.0421906679189112 10.8528153217478227 34.3093316490388460
542 3.1243918040307150 10.8745532932019007 34.1757555370502004
543 5.2000171152066015 10.9182006194623753 33.9080037341440956
544 7.2645639791833929 10.9840833183164897 33.5048656742365196
545 9.3133469434953238 11.0726485939597961 32.9644963836058977
546 11.3414147723279566 11.1844147646283236 32.2843797731160578
547 13.3434567365629597 11.3199046291452721 31.4612765396849134
548 15.3136935768713958 11.4795623127192403 30.4911534406634708
549 17.2457471204003596 11.6636537318754954 29.3690889862472524
550 -16.4615431507230348 12.9166758361998024 29.2946596232046303
551 -14.4917322545437681 12.7616749944555217 30.3830437513838341
552 -12.4851019941691757 12.6285613658680091 31.3151986425712927
553 -10.4481399521900080 12.5170816460269876 32.0960907059745466
554 -8.3867260655819464 12.4268135074069743 32.7297591184691683
555 -6.3062694434270270 12.3572702088446125 33.2194045505409434
556 -4.2118240364724695 12.3079855873024240 33.5674549090119214
557 -2.1081892168924634 12.2785798365861787 33.7756127320046957
558 -0.0000000000000506 12.2688063586523377 33.8448872140814174
559 2.1081892168924634 12.2785798365861822 33.7756127320046957
560 4.2118240364724695 12.3079855873024240 33.5674549090119214
561 6.3062694434270270 12.3572702088446125 33.2194045505409434
562 8.3867260655819482 12.4268135074069743 32.7297591184691754
563 10.4481399521900080 12.5170816460269876 32.0960907059745466
564 12.4851019941691792 12.6285613658680109 31.3151986425712927
565 14.4917322545437717 12.7616749944555252 30.3830437513838341
566 16.4615431507230348 12.9166758361998024 29.2946596232046303
567 -15.6477250104496868 14.1505095422939977 29.1703922100953932
568 -13.6403011614291465 14.0235461507056964 30.2205615034622106
569 -11.5975813305213844 13.9157571825694610 31.1102524791700823
570 -9.5261516322111888 13.8268982026298612 31.8444551087662866
571 -7.4319855505289842 13.7565695200158675 32.4271859065460504
572 -5.3205877577001246 13.7043243049671926 32.8615708884541462
573 -3.1971171521866468 13.6697538092464974 33.1499060739210023
574 -1.0664952356358210 13.6525506325070989 33.2936998415495466
575 1.0664952356358210 13.6525506325070953 33.2936998415495466
576 3.1971171521866468 13.6697538092464974 33.1499060739210023
577 5.3205877577001246 13.7043243049671926 32.8615708884541462
578 7.4319855505289842 13.7565695200158675 32.4271859065460504
579 9.5261516322111888 13.8268982026298612 31.8444551087662866
580 11.5975813305213880 13.9157571825694628 31.1102524791700858
581 13.6403011614291465 14.0235461507056964 30.2205615034622106
582 15.6477250104496868 14.1505095422940013 29.1703922100953932
583 -14.8045682491948138 15.3642147258885284 28.9959594566505565
584 -12.7597330240370734 15.2640005089872748 30.0033248427059149
585 -10.6812828977114425 15.1800724815657286 30.8459980404827903
586 -8.5758920495075532 15.1121937710192533 31.5289656503723634
587 -6.4496217605725752 15.0599899991657491 32.0561863042155437
588 -4.3080719216404306 15.0230591803792493 32.4306677264097658
589 -2.1565123307311054 15.0010554032975740 32.6545217596981701
590 -0.0000000000000685 14.9937477604338341 32.7290013305705045
591 2.1565123307311054 15.0010554032975740 32.6545217596981701
592 4.3080719216404306 15.0230591803792493 32.4306677264097658
593 6.4496217605725734 15.0599899991657473 32.0561863042155437
594 8.5758920495075532 15.1121937710192533 31.5289656503723634
595 10.6812828977114425 15.1800724815657286 30.8459980404827903
596 12.7597330240370734 15.2640005089872748 30.0033248427059149
597 14.8045682491948138 15.3642147258885284 28.9959594566505565
598 -13.9322964862168064 16.5567570785265730 28.7709038728853876
599 -11.8503090381486427 16.4817569370788704 29.7308234660162967
600 -9.7365448852426812 16.4199706650921726 30.5218652289660568
601 -7.5977567691485435 16.3711700264846662 31.1489788603220141
602 -5.4400900741630016 16.3350102467009499 31.6160222075005528
603 -3.2692428651151357 16.3111397982630564 31.9258323238472990
604 -1.0906065386437103 16.2992806031411206 32.0802747681177891
605 1.0906065386437103 16.2992806031411206 32.0802747681177891
606 3.2692428651151357 16.3111397982630564 31.9258323238472990
607 5.4400900741630025 16.3350102467009499 31.6160222075005564
608 7.5977567691485435 16.3711700264846662 31.1489788603220141
609 9.7365448852426812 16.4199706650921726 30.5218652289660568
610 11.8503090381486427 16.4817569370788739 29.7308234660162967
611 13.9322964862168064 16.5567570785265765 28.7709038728853841
612 -13.0310906252187024 17.7269927403559642 28.4946381886260163
613 -10.9122694010725692 17.6754132800007326 29.4024172798698515
614 -8.7636676250587655 17.6337831970368235 30.1371501625053888
615 -6.5921086551074595 17.6018861599256233 30.7037083605918255
616 -4.4038210775197717 17.5794125331843816 31.1057971269876354
617 -2.2046083166526516 17.5660669734960777 31.3460203734508589
618 -0.0000000000001128 17.5616430083167145 31.4259239299092137
619 2.2046083166526516 17.5660669734960777 31.3460203734508589
620 4.4038210775197717 17.5794125331843851 31.1057971269876354
621 6.5921086551074595 17.6018861599256233 30.7037083605918255
622 8.7636676250587655 17.6337831970368235 30.1371501625053888
623 10.9122694010725692 17.6754132800007326 29.4024172798698515
624 13.0310906252187042 17.7269927403559713 28.4946381886260163
625 -12.1010976708206002 18.8736531923423492 28.1664454686147039
626 -9.9458236329083558 18.8434313084710467 29.0173342811846702
627 -7.7629256122178498 18.8196945258557236 29.6910101527827486
628 -5.5592918192213050 18.8022435408310997 30.1922160879259494
629 -3.3412367451535472 18.7908100888523393 30.5244425537555202
630 -1.1146816494335106 18.7851600615987167 30.6899860912404598
631 1.1146816494335108 18.7851600615987167 30.6899860912404598
632 3.3412367451535472 18.7908100888523393 30.5244425537555202
633 5.5592918192213050 18.8022435408310997 30.1922160879259494
634 7.7629256122178498 18.8196945258557236 29.6910101527827486
635 9.9458236329083540 18.8434313084710467 29.0173342811846666
636 12.1010976708206002 18.8736531923423492 28.1664454686147039
637 -11.1424389683861005 19.9953302673810001 27.7854786054541130
638 -8.9511604423835252 19.9841215172433628 28.5746673457235403
639 -6.7345791018731465 19.9757264652827367 29.1824569991084957
640 -4.4996450938370263 19.9699692920166854 29.6134010290175702
641 -2.2527660285150737 19.9666292581794735 29.8707007163738929
642 -0.0000000000000896 19.9655367895358964 29.9562571211039064
643 2.2527660285150741 19.9666292581794735 29.8707007163738965
644 4.4996450938370263 19.9699692920166854 29.6134010290175702
645 6.7345791018731473 19.9757264652827402 29.1824569991084957
646 8.9511604423835252 19.9841215172433628 28.5746673457235403
647 11.1424389683861005 19.9953302673810001 27.7854786054541130
648 -10.1552176968640833 21.0904610284545271 27.3507588036701357
649 -7.9284568817674259 21.0956273838478978 28.0733695297839425
650 -5.6788849102956638 21.0997214774819533 28.6103481235077410
651 -3.4135145130684399 21.1025980069887318 28.9659848101960229
652 -1.1388591796518936 21.1040887606544878 29.1431027406372678
653 1.1388591796518936 21.1040887606544878 29.1431027406372678
654 3.4135145130684399 21.1025980069887247 28.9659848101960229
655 5.6788849102956647 21.0997214774819568 28.6103481235077375
656 7.9284568817674259 21.0956273838479014 28.0733695297839425
657 10.1552176968640833 21.0904610284545271 27.3507588036701357
658 -9.1395254696833472 22.1573121251011464 26.8611726024731681
659 -6.8778865408209748 22.1759085393786677 27.5122474033784776
660 -4.5961060206513604 22.1893241035253901 27.9733749353852446
661 -2.3012642162630863 22.1974505725973614 28.2484932533408610
662 -0.0000000000000908 22.2001746129245134 28.3399408460155762
663 2.3012642162630863 22.1974505725973614 28.2484932533408610
664 4.5961060206513604 22.1893241035253901 27.9733749353852446
665 6.8778865408209748 22.1759085393786677 27.5122474033784776
666 9.1395254696833472 22.1573121251011464 26.8611726024731681
667 -8.0954479454853452 23.1939630739951035 26.3154669250630775
668 -5.7996265458255074 23.2227220996007340 26.8899518447629760
669 -3.4865195575775241 23.2419595168286008 27.2700476565907337
670 -1.1632850631692198 23.2516086723501338 27.4592327279860342
671 1.1632850631692198 23.2516086723501374 27.4592327279860342
672 3.4865195575775241 23.2419595168286008 27.2700476565907302
673 5.7996265458255074 23.2227220996007340 26.8899518447629760
674 8.0954479454853452 23.1939630739951035 26.3154669250630775
675 -7.0230694308509420 24.1982877051848853 25.7122415963008741
676 -4.6938631612239021 24.2336011390005659 26.2049656450745161
677 -2.3504226249000482 24.2548077953354166 26.4986756706008713
678 -0.0000000000000500 24.2618829592775214 26.5962597985190250
679 2.3504226249000482 24.2548077953354131 26.4986756706008713
680 4.6938631612239021 24.2336011390005659 26.2049656450745161
681 7.0230694308509420 24.1982877051848853 25.7122415963008741
682 -5.9224765923353617 25.1679327594161464 25.0499387550298671
683 -3.5607958325222357 25.2058289276690672 25.4555872277222015
684 -1.1881353379299922 25.2247719451752168 25.6573423162388963
685 1.1881353379299922 25.2247719451752168 25.6573423162388963
686 3.5607958325222357 25.2058289276690672 25.4555872277222015
687 5.9224765923353617 25.1679327594161464 25.0499387550298671
688 -4.7937616341090283 26.1002922881079229 24.3268286439206562
689 -2.4006395593881091 26.1364070306161764 24.6399098463419328
690 -0.0000000000000116 26.1484368202987802 24.7438730164629455
691 2.4006395593881091 26.1364070306161764 24.6399098463419328
692 4.7937616341090283 26.1002922881079229 24.3268286439206598
693 -3.6370257454337049 26.9924760537736041 23.5409914874779851
694 -1.2136255355900434 27.0220145746227161 23.7557959535823855
695 1.2136255355900434 27.0220145746227161 23.7557959535823855
696 3.6370257454337049 26.9924760537736041 23.5409914874779851
697 -2.4523845189968458 27.8412694804221488 22.6902958087702942
698 -0.0000000000000397 27.8589546826184886 22.8008474402117223
699 2.4523845189968458 27.8412694804221488 22.6902958087702942
700 -1.2399789527826068 28.6430817284102126 21.7723751872934024
701 1.2399789527826068 28.6430817284102126 21.7723751872934024
702 0.0000000000000000 29.3938769133981346 20.7846096908265281
