0 -36.7695526217004698 -21.2289111041208756 30.0222139978605398
1 -35.5044745250275611 -21.9349970648250689 31.0207703396898928
2 -34.2175222943665389 -22.6064973553661908 31.9704151577102600
3 -32.9105188111156011 -23.2443380316098889 32.8724580926869550
4 -31.5851321734647854 -23.8493845174584678 33.7281230388406357
5 -30.2428976816135346 -24.4224428195289072 34.5385498616588649
6 -28.8852344413176567 -24.9642626653254105 35.3047988359480058
7 -27.5134582903010916 -25.4755412955764342 36.0278560090000539
8 -26.1287921288633740 -25.9569272827544815 36.7086386008040790
9 -24.7323743753040404 -26.4090240748610512 37.3480000157065035
10 -23.3252660472325388 -26.8323931335853239 37.9467342804429464
11 -21.9084568299604143 -27.2275566251652421 38.5055798495903758
12 -20.4828704001040087 -27.5949996688560546 39.0252227853778848
13 -19.0493692081753956 -27.9351721715991737 39.5062993523024133
14 -17.6087588774028667 -28.2484902888480924 39.9493980830542696
15 -16.1617923414824958 -28.5353375560361222 40.3550613786408690
16 -14.7091738168041832 -28.7960657360635679 40.7237867069277755
17 -13.2515626835206177 -29.0309954269841626 41.0560274620322758
18 -11.7895773318097969 -29.2404164718247479 41.3521935438921631
19 -10.3237990155017787 -29.4245882094527360 41.6126517130506741
20 -8.8547757423662485 -29.5837396022007262 41.8377257711456139
21 -7.3830262206040080 -29.7180692723350006 42.0276966124789197
22 -5.9090438715730897 -29.8277454758921827 42.1828021870195116
23 -4.4333009121942846 -29.9129060385979280 42.3032374097769122
24 -2.9562525037383076 -29.9736582748594493 42.3891540462426661
25 -1.4783409595599462 -30.0100789069677027 42.4406605981205232
26 0.0000000000000000 -30.0222139978605398 42.4578222082417511
27 1.4783409595599462 -30.0100789069677027 42.4406605981205232
28 2.9562525037383076 -29.9736582748594493 42.3891540462426661
29 4.4333009121942846 -29.9129060385979280 42.3032374097769122
30 5.9090438715730897 -29.8277454758921827 42.1828021870195116
31 7.3830262206040080 -29.7180692723350006 42.0276966124789197
32 8.8547757423662485 -29.5837396022007262 41.8377257711456139
33 10.3237990155017787 -29.4245882094527360 41.6126517130506741
34 11.7895773318097969 -29.2404164718247479 41.3521935438921631
35 13.2515626835206177 -29.0309954269841626 41.0560274620322829
36 14.7091738168041832 -28.7960657360635679 40.7237867069277755
37 16.1617923414824958 -28.5353375560361222 40.3550613786408690
38 17.6087588774028667 -28.2484902888480924 39.9493980830542696
39 19.0493692081753956 -27.9351721715991737 39.5062993523024133
40 20.4828704001040087 -27.5949996688560546 39.0252227853778848
41 21.9084568299604143 -27.2275566251652421 38.5055798495903758
42 23.3252660472325388 -26.8323931335853239 37.9467342804429464
43 24.7323743753040404 -26.4090240748610441 37.3480000157065035
44 26.1287921288633740 -25.9569272827544815 36.7086386008040790
45 27.5134582903010916 -25.4755412955764342 36.0278560090000539
46 28.8852344413176567 -24.9642626653254105 35.3047988359480058
47 30.2428976816135346 -24.4224428195289072 34.5385498616588649
48 31.5851321734647854 -23.8493845174584678 33.7281230388406357
49 32.9105188111156011 -23.2443380316098889 32.8724580926869550
50 34.2175222943665389 -22.6064973553661943 31.9704151577102635
51 35.5044745250275611 -21.9349970648250689 31.0207703396898928
52 36.7695526217004698 -21.2289111041208756 30.0222139978605398
53 -36.7485019525893790 -19.7802783542787814 31.0207703396898928
54 -35.4637702906595322 -20.4750173237910928 32.0483176213945598
55 -34.1560921533100910 -21.1352323790386016 33.0251922189504725
56 -32.8273286359118828 -21.7618604497589949 33.9527307354659627
57 -31.4791927366139390 -22.3557623421723406 34.8321735576667777
58 -30.1132681654097460 -22.9177318460452994 35.6646694563524633
59 -28.7310241137885569 -23.4485033339506543 36.4512817987324738
60 -27.3338271213196506 -23.9487580837219589 37.1929950548375672
61 -25.9229508124759462 -24.4191295016400005 37.8907209690721984
62 -24.4995840500132083 -24.8602073949603088 38.5453041193852570
63 -23.0648379032033510 -25.2725414225079881 39.1575267674884131
64 -21.6197517288211358 -25.6566438364958067 39.7281129961056294
65 -20.1652985923015073 -26.0129916155122238 40.2577321752556330
66 -18.7023902050757229 -26.3420280779349554 40.7470018204821329
67 -17.2318815156819696 -26.6441640553242785 41.1964899138562970
68 -15.7545750622507423 -26.9197786979869988 41.6067167589478544
69 -14.2712251704997630 -27.1692199773079714 41.9781564382899361
70 -12.7825420619314105 -27.3928049442749142 42.3112379365088032
71 -11.2891959214203084 -27.5908197969338289 42.6063459871990418
72 -9.7918209599945314 -27.7635198055398220 42.8638216949306710
73 -8.2910194980576968 -27.9111291376726669 43.0839629786186933
74 -6.7873660849023061 -28.0338406224146972 43.2670248756090174
75 -5.2814116631778063 -28.1318154860306286 43.4132197412720870
76 -3.7736877806174474 -28.2051830886030963 43.5227173723424201
77 -2.2647108466794243 -28.2540406844923027 43.5956450781495590
78 -0.7549864277945104 -28.2784532263614032 43.6320877178520590
79 0.7549864277945104 -28.2784532263614032 43.6320877178520590
80 2.2647108466794243 -28.2540406844923027 43.5956450781495590
81 3.7736877806174474 -28.2051830886030963 43.5227173723424201
82 5.2814116631778063 -28.1318154860306286 43.4132197412720870
83 6.7873660849023061 -28.0338406224146972 43.2670248756090174
84 8.2910194980576968 -27.9111291376726740 43.0839629786187004
85 9.7918209599945314 -27.7635198055398220 42.8638216949306781
86 11.2891959214203084 -27.5908197969338289 42.6063459871990418
87 12.7825420619314105 -27.3928049442749142 42.3112379365088032
88 14.2712251704997630 -27.1692199773079714 41.9781564382899361
89 15.7545750622507423 -26.9197786979869988 41.6067167589478544
90 17.2318815156819696 -26.6441640553242785 41.1964899138562970
91 18.7023902050757229 -26.3420280779349554 40.7470018204821329
92 20.1652985923015109 -26.0129916155122309 40.2577321752556401
93 21.6197517288211358 -25.6566438364958067 39.7281129961056294
94 23.0648379032033510 -25.2725414225079881 39.1575267674884131
95 24.4995840500132083 -24.8602073949603088 38.5453041193852570
96 25.9229508124759462 -24.4191295016400005 37.8907209690721984
97 27.3338271213196542 -23.9487580837219625 37.1929950548375743
98 28.7310241137885569 -23.4485033339506543 36.4512817987324738
99 30.1132681654097460 -22.9177318460452994 35.6646694563524633
100 31.4791927366139390 -22.3557623421723406 34.8321735576667777
101 32.8273286359118828 -21.7618604497589949 33.9527307354659627
102 34.1560921533100910 -21.1352323790386052 33.0251922189504725
103 35.4637702906593120 -20.4750173237914588 32.0483176213945598
104 36.7485019525893790 -19.7802783542787814 31.0207703396898928
105 -36.6865621475161205 -18.3299948837987223 31.9704151577102600
106 -35.3816942317898935 -19.0124273092495706 33.0251922189504725
107 -34.0528933667699363 -19.6604471519900521 34.0274487896933309
108 -32.7020597374430082 -20.2749896577964996 34.9785660555854392
109 -31.3309496094158995 -20.8569048457201589 35.8798148940154960
110 -29.9411922208289525 -21.4069716773169674 36.7323640949220902
111 -28.5343034244084421 -21.9259085600422203 37.5372889524597895
112 -27.1116969035802491 -22.4143813116709580 38.2955793979332881
113 -25.6746935584708638 -22.8730092645452068 39.0081473267142513
114 -24.2245295032205803 -23.3023699483828075 39.6758330112462900
115 -22.7623630082341322 -23.7030026537737832 40.2994106095432514
116 -21.2892806436890325 -24.0754110961471319 40.8795928334146055
117 -19.8063028233824987 -24.4200653482947025 41.4170348631271139
118 -18.3143889049385500 -24.7374031752396419 41.9123376010490176
119 -16.8144419686055819 -25.0278308821625330 42.3660503542431499
120 -15.3073133706917623 -25.2917237691598125 42.7786730293958186
121 -13.7938071459111598 -25.5294262745995688 43.1506579151604015
122 -12.2746843160825510 -25.7412518786202078 43.4824111183125268
123 -10.7506671478000797 -25.9274828306034912 43.7742937115605955
124 -9.2224433907410415 -26.0883697567758581 44.0266226428773422
125 -7.6906705179330794 -26.2241311981128931 44.2396714486981324
126 -6.1559799823711510 -26.3349531220965218 44.4136708065616190
127 -4.6189814972533174 -26.4209884462113465 44.5488089566174352
128 -3.0802673429822054 -26.4823566047890004 44.6452320158888298
129 -1.5404166994596902 -26.5191431852648911 44.7030442040745655
130 0.0000000000000000 -26.5313996538718335 44.7223079950770099
131 1.5404166994596902 -26.5191431852648911 44.7030442040745655
132 3.0802673429822054 -26.4823566047890004 44.6452320158888298
133 4.6189814972533174 -26.4209884462113465 44.5488089566174352
134 6.1559799823711510 -26.3349531220965218 44.4136708065616190
135 7.6906705179330794 -26.2241311981128931 44.2396714486981324
136 9.2224433907410415 -26.0883697567758581 44.0266226428773422
137 10.7506671478000797 -25.9274828306034912 43.7742937115605955
138 12.2746843160825510 -25.7412518786202078 43.4824111183125268
139 13.7938071459111598 -25.5294262745995688 43.1506579151604015
140 15.3073133706917623 -25.2917237691598125 42.7786730293958186
141 16.8144419686055819 -25.0278308821625330 42.3660503542431499
142 18.3143889049385464 -24.7374031752396455 41.9123376010490105
143 19.8063028233824987 -24.4200653482947025 41.4170348631271139
144 21.2892806436890325 -24.0754110961471319 40.8795928334146055
145 22.7623630082341322 -23.7030026537737868 40.2994106095432514
146 24.2245295032205803 -23.3023699483828075 39.6758330112462900
147 25.6746935584708638 -22.8730092645452068 39.0081473267142513
148 27.1116969035802491 -22.4143813116709616 38.2955793979332881
149 28.5343034244084421 -21.9259085600422203 37.5372889524597895
150 29.9411922208289525 -21.4069716773169674 36.7323640949220902
151 31.3309496094158995 -20.8569048457201589 35.8798148940154960
152 32.7020597374430082 -20.2749896577964996 34.9785660555854392
153 34.0528933667697729 -19.6604471519903434 34.0274487896933309
154 35.3816942317898935 -19.0124273092495741 33.0251922189504725
155 36.6865621475161205 -18.3299948837987259 31.9704151577102635
156 -36.5854466350847360 -16.8791763263468084 32.8724580926869550
157 -35.2599883010590744 -17.5483703122005537 33.9527307354659627
158 -33.9096859738400340 -18.1833196598036686 34.9785660555854392
159 -32.5364807892928383 -18.7849459421812348 35.9514008600124981
160 -31.1421720618237465 -19.3540816912192817 36.8725459001867009
161 -29.7284331867365417 -19.8914875024102749 37.7431978666778747
162 -28.2968247132431188 -20.3978641936681662 38.5644505663527397
163 -26.8488052568918576 -20.8738616521054823 39.3373048899674345
164 -25.3857407550650294 -21.3200853417933658 40.0626774858505570
165 -23.9089124499390344 -21.7371010873128583 40.7414081958526779
166 -22.4195238957861989 -22.1254385435587650 41.3742663686194589
167 -20.9187072217626877 -22.4855936408008574 41.9619561840359125
168 -19.4075288314295271 -22.8180302183398531 42.5051211221913974
169 -17.8869946811310996 -23.1231810122711288 43.0043477005631516
170 -16.3580552489639359 -23.4014481300690065 43.4601685901876422
171 -14.8216102812199999 -23.6532031234218998 43.8730652071835294
172 -13.2785133838584937 -23.8787867535355858 44.2434698627251066
173 -11.7295765101701708 -24.0785085320903001 44.5717675413721821
174 -10.1755743833692360 -24.2526461093735719 44.8582973669532734
175 -8.6172488819124613 -24.4014445741670514 45.1033538043572833
176 -7.0553134075111297 -24.5251157202945471 45.3071876375918379
177 -5.4904572487521754 -24.6238373292837593 45.4700067558890524
178 -3.9233499484725671 -24.6977525094386934 45.5919767740370574
179 -2.3546456787402366 -24.7469691264496667 45.6732215065035234
180 -0.7849876246014891 -24.7715593520745294 45.7138233108528240
181 0.7849876246014891 -24.7715593520745294 45.7138233108528240
182 2.3546456787402366 -24.7469691264496667 45.6732215065035234
183 3.9233499484725671 -24.6977525094386934 45.5919767740370574
184 5.4904572487521754 -24.6238373292837593 45.4700067558890524
185 7.0553134075111297 -24.5251157202945471 45.3071876375918379
186 8.6172488819124613 -24.4014445741670514 45.1033538043572833
187 10.1755743833692360 -24.2526461093735719 44.8582973669532734
188 11.7295765101701708 -24.0785085320903001 44.5717675413721821
189 13.2785133838584937 -23.8787867535355858 44.2434698627251066
190 14.8216102812199999 -23.6532031234218998 43.8730652071835294
191 16.3580552489639359 -23.4014481300690065 43.4601685901876422
192 17.8869946811310996 -23.1231810122711288 43.0043477005631516
193 19.4075288314295271 -22.8180302183398531 42.5051211221913974
194 20.9187072217626877 -22.4855936408008574 41.9619561840359125
195 22.4195238957861989 -22.1254385435587650 41.3742663686194589
196 23.9089124499390344 -21.7371010873128583 40.7414081958526779
197 25.3857407550650294 -21.3200853417933658 40.0626774858505570
198 26.8488052568918576 -20.8738616521054787 39.3373048899674345
199 28.2968247132431188 -20.3978641936681626 38.5644505663527397
200 29.7284331867365417 -19.8914875024102749 37.7431978666778747
201 31.1421720618237465 -19.3540816912192817 36.8725459001867009
202 32.5364807892927743 -18.7849459421813449 35.9514008600124981
203 33.9096859738400340 -18.1833196598036686 34.9785660555854392
204 35.2599883010590744 -17.5483703122005537 33.9527307354659627
205 36.5854466350847360 -16.8791763263468084 32.8724580926869550
206 -36.4467389434746991 -15.4288345853804749 33.7281230388406357
207 -35.1002544775957190 -16.0838994294480884 34.8321735576667777
208 -33.7280842454163619 -16.7049458635842285 35.8798148940154960
209 -32.3322124424270640 -17.2928712889557303 36.8725459001867009
210 -30.9144819162314093 -17.8484844561935105 37.8117231882919995
211 -29.4766097384974728 -18.3725239436771872 38.6985767472567943
212 -28.0202001290391571 -18.8656710046301370 39.5342236837104437
213 -26.5467553395522025 -19.3285586770892124 40.3196800633174135
214 -25.0576849619754931 -19.7617782864373694 41.0558709967780260
215 -23.5543140205499419 -20.1658840519907230 41.7436391732080523
216 -22.0378901266635552 -20.5413962700631849 42.3837520524237945
217 -20.5095899147400758 -20.8888034030040721 42.9769079148306901
218 -18.9705249298925587 -21.2085633162198697 43.5237409461344100
219 -17.4217471013568179 -21.5011038486204953 44.0248255104685384
220 -15.8642539059118217 -21.7668228655763869 44.4806797424160578
221 -14.2989933026819820 -22.0060879174261821 44.8917685673037923
222 -12.7268685013847431 -22.2192356089974155 45.2585062402673799
223 -11.1487426119539617 -22.4065707707176536 45.5812584783397980
224 -9.5654432107557650 -22.5683655113358839 45.8603442456394106
225 -7.9777668501753078 -22.7048582214608921 46.0960372399580862
226 -6.3864835301617413 -22.8162525890052237 46.2885671188219590
227 -4.7923411456972813 -22.9027166783707408 46.4381204948427637
228 -3.1960699190087540 -22.9643821175469007 46.5448417231394060
229 -1.5983868230771161 -23.0013434286359626 46.6088334979728742
230 0.0000000000000000 -23.0136575298721091 46.6301572707809058
231 1.5983868230771161 -23.0013434286359626 46.6088334979728742
232 3.1960699190087540 -22.9643821175469007 46.5448417231394131
233 4.7923411456972813 -22.9027166783707408 46.4381204948427637
234 6.3864835301617413 -22.8162525890052237 46.2885671188219590
235 7.9777668501753078 -22.7048582214608921 46.0960372399580862
236 9.5654432107557650 -22.5683655113358839 45.8603442456394106
237 11.1487426119539617 -22.4065707707176536 45.5812584783397980
238 12.7268685013847431 -22.2192356089974155 45.2585062402673799
239 14.2989933026819820 -22.0060879174261821 44.8917685673037923
240 15.8642539059118217 -21.7668228655763869 44.4806797424160578
241 17.4217471013568179 -21.5011038486204953 44.0248255104685384
242 18.9705249298925587 -21.2085633162198697 43.5237409461344100
243 20.5095899147400758 -20.8888034030040721 42.9769079148306901
244 22.0378901266635552 -20.5413962700631849 42.3837520524237945
245 23.5543140205499419 -20.1658840519907230 41.7436391732080523
246 25.0576849619754931 -19.7617782864373694 41.0558709967780260
247 26.5467553395522025 -19.3285586770892124 40.3196800633174206
248 28.0202001290391571 -18.8656710046301370 39.5342236837104437
249 29.4766097384974728 -18.3725239436771872 38.6985767472567943
250 30.9144819162309687 -17.8484844561942921 37.8117231882920066
251 32.3322124424270712 -17.2928712889557303 36.8725459001867009
252 33.7280842454163619 -16.7049458635842285 35.8798148940154960
253 35.1002544775957190 -16.0838994294480884 34.8321735576667777
254 36.4467389434746991 -15.4288345853804767 33.7281230388406357
255 -36.2719047449916516 -13.9798962665663762 34.5385498616588649
256 -34.9039720584997397 -14.6199892991954119 35.6646694563524633
257 -33.5095774010649379 -15.2263472441724073 36.7323640949220902
258 -32.0907500895162485 -15.7998346032170840 37.7431978666778747
259 -30.6493773361110335 -16.3412308791399994 38.6985767472567943
260 -29.1872199480577592 -16.8512492939078733 39.5997675364170405
261 -27.7059254094546681 -17.3305495888881467 40.4479140148515341
262 -26.2070389462335633 -17.7797469063513098 41.2440505966216620
263 -24.6920130330431462 -18.1994179484896783 41.9891138119419978
264 -23.1622156956188689 -18.5901051688084245 42.6839519478019866
265 -21.6189378829559864 -18.9523194969931659 43.3293331416118477
266 -20.0634001225084404 -19.2865419477418669 43.9259521834430018
267 -18.4967586248603730 -19.5932243703027886 44.4744362431793618
268 -16.9201109670371288 -19.8727895371354428 44.9753497026523377
269 -15.3345014551274179 -20.1256307300145636 45.4291982412389501
270 -13.7409262434659691 -20.3521109564174516 45.8364322956019379
271 -12.1403382702507390 -20.5525619080059663 46.1974499913303305
272 -10.5336520546724461 -20.7272827597246838 46.5125996240751363
273 -8.9217483903290198 -20.8765388937635095 46.7821817519965677
274 -7.3054789606102419 -21.0005606236462263 47.0064509471693697
275 -5.6856708960132458 -21.0995419817933865 47.1856172431893270
276 -4.0631312881149517 -21.1736396263230304 47.3198473064965128
277 -2.4386516719182336 -21.2229719116243096 47.4092653524757353
278 -0.8130124854934943 -21.2476181598578151 47.4539538208494491
279 0.8130124854934943 -21.2476181598578151 47.4539538208494491
280 2.4386516719182336 -21.2229719116243096 47.4092653524757353
281 4.0631312881149517 -21.1736396263230304 47.3198473064965128
282 5.6856708960132458 -21.0995419817933865 47.1856172431893270
283 7.3054789606102419 -21.0005606236462263 47.0064509471693697
284 8.9217483903290198 -20.8765388937635095 46.7821817519965677
285 10.5336520546724461 -20.7272827597246838 46.5125996240751363
286 12.1403382702507390 -20.5525619080059663 46.1974499913303305
287 13.7409262434659691 -20.3521109564174516 45.8364322956019379
288 15.3345014551274179 -20.1256307300145636 45.4291982412389501
289 16.9201109670371288 -19.8727895371354428 44.9753497026523377
290 18.4967586248603730 -19.5932243703027886 44.4744362431793689
291 20.0634001225084404 -19.2865419477418669 43.9259521834430018
292 21.6189378829559864 -18.9523194969931659 43.3293331416118477
293 23.1622156956188689 -18.5901051688084245 42.6839519478019866
294 24.6920130330431462 -18.1994179484896783 41.9891138119419978
295 26.2070389462335633 -17.7797469063513098 41.2440505966216620
296 27.7059254094546681 -17.3305495888881467 40.4479140148515341
297 29.1872199480576775 -16.8512492939080083 39.5997675364170405
298 30.6493773361110335 -16.3412308791399994 38.6985767472567943
299 32.0907500895162485 -15.7998346032170840 37.7431978666778747
300 33.5095774010649379 -15.2263472441724090 36.7323640949220902
301 34.9039720584997397 -14.6199892991954101 35.6646694563524704
302 36.2719047449916516 -13.9798962665663762 34.5385498616588649
303 -36.0623028755780553 -12.5332154877875972 35.3047988359480058
304 -34.6725116248196485 -13.1575450923088617 36.4512817987324738
305 -33.2555455262554531 -13.7484773648099043 37.5372889524597895
306 -31.8134809312831663 -14.3068369512697764 38.5644505663527397
307 -30.3482504139687670 -14.8333696285568521 39.5342236837104437
308 -28.8616589102504264 -15.3287604455004480 40.4479140148515341
309 -27.3553971768018478 -15.7936459238153670 41.3066942968397228
310 -25.8310531932566647 -16.2286223268875034 42.1116196351837502
311 -24.2901219794660506 -16.6342512013799748 42.8636403166139104
312 -22.7340141882926829 -17.0110629541211757 43.5636125230384508
313 -21.1640637510644893 -17.3595589724370214 44.2123073116904806
314 -19.5815347901139134 -17.6802126441258807 44.8104181649987439
315 -17.9876279637856022 -17.9734695406930811 45.3585673594990837
316 -16.3834863722953763 -18.2397469673232600 45.8573113566073900
317 -14.7702011228884214 -18.4794330449637947 46.3071453787223319
318 -13.1488166308269747 -18.6928854617240496 46.7085073013873284
319 -11.5203357142218028 -18.8804300121894393 47.0617809648810592
320 -9.8857245281676551 -19.0423590264548075 47.3672989863342266
321 -8.2459173723492967 -19.1789297787799811 47.6253451350120329
322 -6.6018213996567212 -19.2903629529293532 47.8361563187437255
323 -4.9543212467457645 -19.3768412314261838 47.9999242174000216
324 -3.3042836044614270 -19.4385080645978725 48.1167965900043129
325 -1.6525617422961145 -19.4754666656915809 48.1868782744995272
326 0.0000000000000000 -19.4877792674916250 48.2102318934634724
327 1.6525617422961145 -19.4754666656915809 48.1868782744995272
328 3.3042836044614270 -19.4385080645978725 48.1167965900043129
329 4.9543212467457645 -19.3768412314261838 47.9999242174000216
330 6.6018213996567212 -19.2903629529293532 47.8361563187437255
331 8.2459173723492949 -19.1789297787799740 47.6253451350120329
332 9.8857245281676551 -19.0423590264548075 47.3672989863342266
333 11.5203357142218028 -18.8804300121894393 47.0617809648810592
334 13.1488166308269712 -18.6928854617240461 46.7085073013873213
335 14.7702011228884214 -18.4794330449637947 46.3071453787223319
336 16.3834863722953763 -18.2397469673232600 45.8573113566073971
337 17.9876279637856022 -17.9734695406930811 45.3585673594990837
338 19.5815347901139134 -17.6802126441258807 44.8104181649987439
339 21.1640637510644893 -17.3595589724370214 44.2123073116904806
340 22.7340141882926829 -17.0110629541211757 43.5636125230384508
341 24.2901219794660506 -16.6342512013799748 42.8636403166139104
342 25.8310531932566647 -16.2286223268875034 42.1116196351837502
343 27.3553971768015813 -15.7936459238158307 41.3066942968397299
344 28.8616589102504264 -15.3287604455004480 40.4479140148515341
345 30.3482504139687670 -14.8333696285568521 39.5342236837104437
346 31.8134809312831663 -14.3068369512697764 38.5644505663527397
347 33.2555455262554531 -13.7484773648099043 37.5372889524597895
348 34.6725116248196485 -13.1575450923088599 36.4512817987324738
349 36.0623028755780553 -12.5332154877875972 35.3047988359480058
350 -35.8191950822792649 -11.0895831775760971 36.0278560090000539
351 -34.4071464502509698 -11.6974096278539132 37.1929950548375672
352 -32.9672720778083388 -12.2722276023689201 38.2955793979332881
353 -31.5016970942510852 -12.8148165876767912 39.3373048899674416
354 -30.0124005026735006 -13.3258851735577952 40.3196800633174135
355 -28.5012319668747978 -13.8060880322307771 41.2440505966216620
356 -26.9699258001362381 -14.2560371084236586 42.1116196351837502
357 -25.4201128180999696 -14.6763089783603355 42.9234646677871226
358 -23.8533305502899822 -15.0674495555284338 43.6805515710391248
359 -22.2710321844628290 -15.4299768901789722 44.3837463336204152
360 -20.6745945292777193 -15.7643825627524699 45.0338248815836764
361 -19.0653252135968607 -16.0711320244886409 45.6314813473247085
362 -17.4444692906857739 -16.3506641476126156 46.1773350584277082
363 -15.8132153759933551 -16.6033901912401696 46.6719364675377122
364 -14.1727014181589723 -16.8296923497257609 47.1157721991828993
365 -12.5240201792531725 -17.0299220254397028 47.5092693519601781
366 -10.8682244837239459 -17.2043979463816932 47.8527991644576716
367 -9.2063322816044124 -17.3534042352695721 48.1466801282083807
368 -7.5393315626429001 -17.4771885210769575 48.3911806116287337
369 -5.8681851502132947 -17.5759601736497579 48.5865210425390828
370 -4.1938353995429685 -17.6498887283854344 48.7328756848716367
371 -2.5172088207960801 -17.6991025585381720 48.8303740347629613
372 -0.8392206456552462 -17.7236878395081057 48.8791018542237410
373 0.8392206456552463 -17.7236878395081057 48.8791018542237339
374 2.5172088207960801 -17.6991025585381720 48.8303740347629613
375 4.1938353995429685 -17.6498887283854344 48.7328756848716367
376 5.8681851502132947 -17.5759601736497579 48.5865210425390828
377 7.5393315626429001 -17.4771885210769575 48.3911806116287337
378 9.2063322816044124 -17.3534042352695721 48.1466801282083807
379 10.8682244837239459 -17.2043979463816932 47.8527991644576716
380 12.5240201792531725 -17.0299220254397028 47.5092693519601781
381 14.1727014181589723 -16.8296923497257609 47.1157721991828993
382 15.8132153759933551 -16.6033901912401696 46.6719364675377122
383 17.4444692906857739 -16.3506641476126156 46.1773350584277082
384 19.0653252135968607 -16.0711320244886409 45.6314813473247085
385 20.6745945292777229 -15.7643825627524716 45.0338248815836835
386 22.2710321844628290 -15.4299768901789722 44.3837463336204152
387 23.8533305502899822 -15.0674495555284338 43.6805515710391248
388 25.4201128180996676 -14.6763089783608454 42.9234646677871226
389 26.9699258001362381 -14.2560371084236586 42.1116196351837502
390 28.5012319668747978 -13.8060880322307771 41.2440505966216691
391 30.0124005026735006 -13.3258851735577952 40.3196800633174135
392 31.5016970942510852 -12.8148165876767912 39.3373048899674416
393 32.9672720778083388 -12.2722276023689201 38.2955793979332881
394 34.4071464502509770 -11.6974096278539150 37.1929950548375743
395 35.8191950822792649 -11.0895831775760971 36.0278560090000539
396 -35.5437544954824389 -9.6497341124213261 36.7086386008040790
397 -34.1090618929602485 -10.2403691938386263 37.8907209690721984
398 -32.6459538633283941 -10.7984322237438519 39.0081473267142513
399 -31.1566058943778081 -11.3246537168755985 40.0626774858505641
400 -29.6430445009982151 -11.8197025938794003 41.0558709967780260
401 -28.1071647940041096 -12.2842015829469755 41.9891138119419978
402 -26.5507451030598993 -12.7187370945503702 42.8636403166139104
403 -24.9754593604731632 -13.1238654436543527 43.6805515710391248
404 -23.3828877683312619 -13.5001165474767859 44.4408304694924325
405 -21.7745261403392831 -13.8479958169842252 45.1453543924119458
406 -20.1517942145395601 -14.1679847244718555 45.7949058169353833
407 -18.5160431625142294 -14.4605403908441410 46.3901812586313937
408 -16.8685624667026701 -14.7260944508486169 46.9317988418474670
409 -15.2105862982115791 -14.9650513995184458 47.4203047340949624
410 -13.5432994958990083 -15.1777865883966427 47.8561786297387997
411 -11.8678432255404722 -15.3646440131806941 48.2398384276131580
412 -10.1853203795510154 -15.5259340167363131 48.5716442142311422
413 -8.4968007661127931 -15.6619310140647894 48.8519016380289912
414 -6.8033261261880273 -15.7728713332926134 49.0808647389603649
415 -5.1059150113764789 -15.8589512524414182 49.2587382813373225
416 -3.4055675500507845 -15.9203253004903225 49.3856796246503862
417 -1.7032701271126074 -15.9571048780421023 49.4618001571440047
418 0.0000000000000000 -15.9693572410133342 49.4871663091441789
419 1.7032701271126072 -15.9571048780421005 49.4618001571440047
420 3.4055675500507845 -15.9203253004903225 49.3856796246503862
421 5.1059150113764789 -15.8589512524414182 49.2587382813373225
422 6.8033261261880273 -15.7728713332926134 49.0808647389603649
423 8.4968007661127931 -15.6619310140647894 48.8519016380289912
424 10.1853203795510154 -15.5259340167363131 48.5716442142311422
425 11.8678432255404722 -15.3646440131806941 48.2398384276131580
426 13.5432994958990083 -15.1777865883966427 47.8561786297387997
427 15.2105862982115791 -14.9650513995184458 47.4203047340949624
428 16.8685624667026701 -14.7260944508486169 46.9317988418474670
429 18.5160431625142294 -14.4605403908441410 46.3901812586313937
430 20.1517942145395601 -14.1679847244718555 45.7949058169353833
431 21.7745261403392796 -13.8479958169842234 45.1453543924119458
432 23.3828877683311944 -13.5001165474769049 44.4408304694924396
433 24.9754593604731632 -13.1238654436543527 43.6805515710391248
434 26.5507451030598993 -12.7187370945503702 42.8636403166139104
435 28.1071647940041096 -12.2842015829469755 41.9891138119419978
436 29.6430445009982151 -11.8197025938794003 41.0558709967780260
437 31.1566058943778081 -11.3246537168755985 40.0626774858505641
438 32.6459538633283941 -10.7984322237438519 39.0081473267142513
439 34.1090618929602485 -10.2403691938386263 37.8907209690721984
440 35.5437544954824460 -9.6497341124213261 36.7086386008040861
441 -35.2370729256365252 -8.2143524674900696 37.3480000157065106
442 -33.7793631723919958 -8.7871584719833322 38.5453041193852641
443 -32.2927090952928708 -9.3278729703232468 39.6758330112462900
444 -30.7793379712127901 -9.8371750148488193 40.7414081958526779
445 -29.2413248890704089 -10.3156922845168761 41.7436391732080594
446 -27.6806111830219272 -10.7640146159363823 42.6839519478019866
447 -26.0990197577916412 -11.1827023399967409 43.5636125230384508
448 -24.4982680589332169 -11.5722911951561649 44.3837463336204152
449 -22.8799792391786241 -11.9332948844100297 45.1453543924119458
450 -21.2456919313501800 -12.2662059556844447 45.8493267759832293
451 -19.5968689360156532 -12.5714954660801776 46.4964539470586971
452 -17.9349050574356461 -12.8496117591216947 47.0874363097059074
453 -16.2611342657762705 -13.1009786057461515 47.6228923099193793
454 -14.5768363209901377 -13.3259929091903171 48.1033653277530320
455 -12.8832429637038768 -13.5250221393676444 48.5293295530423521
456 -11.1815437540027816 -13.6984016399320279 48.9011949934603152
457 -9.4728916228469568 -13.8464319304928072 49.2193117291985800
458 -7.7584081874136634 -13.9693761127946132 49.4839735006876325
459 -6.0391888735751156 -14.0674574732907942 49.6954206943299894
460 -4.3163078817221878 -14.1408573630303405 49.8538427737382435
461 -2.5908230286058425 -14.1897134207311275 49.9593801910308741
462 -0.8637804947280712 -14.2141181932741780 50.0121258020948218
463 0.8637804947280712 -14.2141181932741780 50.0121258020948218
464 2.5908230286058425 -14.1897134207311275 49.9593801910308741
465 4.3163078817221878 -14.1408573630303405 49.8538427737382435
466 6.0391888735751156 -14.0674574732907942 49.6954206943299894
467 7.7584081874136634 -13.9693761127946132 49.4839735006876325
468 9.4728916228469568 -13.8464319304928072 49.2193117291985800
469 11.1815437540027816 -13.6984016399320279 48.9011949934603152
470 12.8832429637038768 -13.5250221393676444 48.5293295530423521
471 14.5768363209901377 -13.3259929091903171 48.1033653277530320
472 16.2611342657762705 -13.1009786057461515 47.6228923099193793
473 17.9349050574356461 -12.8496117591216947 47.0874363097059074
474 19.5968689360156496 -12.5714954660801741 46.4964539470586971
475 21.2456919313497963 -12.2662059556851126 45.8493267759832293
476 22.8799792391786205 -11.9332948844100279 45.1453543924119458
477 24.4982680589332169 -11.5722911951561649 44.3837463336204152
478 26.0990197577916412 -11.1827023399967409 43.5636125230384508
479 27.6806111830219272 -10.7640146159363823 42.6839519478019866
480 29.2413248890704089 -10.3156922845168761 41.7436391732080594
481 30.7793379712127901 -9.8371750148488193 40.7414081958526779
482 32.2927090952928708 -9.3278729703232468 39.6758330112462900
483 33.7793631723919958 -8.7871584719833322 38.5453041193852641
484 35.2370729256365252 -8.2143524674900696 37.3480000157065106
485 -34.9001671216322933 -6.7840763801413555 37.9467342804429464
486 -33.4190818416881044 -7.3384648470903153 39.1575267674884131
487 -31.9085839482551243 -7.8612832884070452 40.2994106095432514
488 -30.3709537964863614 -8.3531579627237313 41.3742663686194589
489 -28.8083160624094070 -8.8146745604693102 42.3837520524238087
490 -27.2226590865131932 -9.2463896609810732 43.3293331416118477
491 -25.6158509441567936 -9.6488373695167162 44.2123073116904806
492 -23.9896530389589273 -10.0225327939210533 45.0338248815836764
493 -22.3457317990922704 -10.3679733593916126 45.7949058169353833
494 -20.6856689051941487 -10.6856386001835890 46.4964539470586899
495 -19.0109703714474669 -10.9759888615108405 47.1392689171982866
496 -17.3230747219007100 -11.2394632263132692 47.7240562878282120
497 -15.6233604463917271 -11.4764769069077754 48.2514361047143794
498 -13.9131528776293880 -11.6874182966856566 48.7219501925160117
499 -12.1937305979350192 -11.8726458452912951 49.1360683687377531
500 -10.4663314621333576 -12.0324848973957188 49.4941937293527516
501 -8.7321583044827644 -12.1672246185195334 49.7966671216854095
502 -6.9923843864019277 -12.2771151140500514 50.0437708917819819
503 -5.2481586319199112 -12.3623648345201058 50.2357319711022541
504 -3.5006106927926766 -12.4231383448541877 50.3727243500102801
505 -1.7508558804425618 -12.4595545222298778 50.4548709719240094
506 0.0000000000000000 -12.4716852326528418 50.4822450714865596
507 1.7508558804425618 -12.4595545222298778 50.4548709719240094
508 3.5006106927926766 -12.4231383448541877 50.3727243500102801
509 5.2481586319199112 -12.3623648345201058 50.2357319711022541
510 6.9923843864019277 -12.2771151140500514 50.0437708917819819
511 8.7321583044827644 -12.1672246185195334 49.7966671216854095
512 10.4663314621333576 -12.0324848973957188 49.4941937293527516
513 12.1937305979350192 -11.8726458452912951 49.1360683687377531
514 13.9131528776293880 -11.6874182966856566 48.7219501925160117
515 15.6233604463917271 -11.4764769069077754 48.2514361047143794
516 17.3230747219007100 -11.2394632263132692 47.7240562878282120
517 19.0109703714471614 -10.9759888615113734 47.1392689171982937
518 20.6856689051941487 -10.6856386001835890 46.4964539470586899
519 22.3457317990922704 -10.3679733593916126 45.7949058169353833
520 23.9896530389589309 -10.0225327939210569 45.0338248815836835
521 25.6158509441567936 -9.6488373695167162 44.2123073116904806
522 27.2226590865131932 -9.2463896609810732 43.3293331416118477
523 28.8083160624094070 -8.8146745604693102 42.3837520524238087
524 30.3709537964863614 -8.3531579627237313 41.3742663686194589
525 31.9085839482551243 -7.8612832884070452 40.2994106095432514
526 33.4190818416881044 -7.3384648470903144 39.1575267674884131
527 34.9001671216322933 -6.7840763801413573 37.9467342804429464
528 -34.5339841353526040 -5.3595018598777893 38.5055798495903758
529 -33.0291812026653702 -5.8949323024237401 39.7281129961056294
530 -31.4945579376616855 -6.3993523176574660 40.8795928334146055
531 -29.9324489229887121 -6.8733350479750577 41.9619561840359125
532 -28.3450293590303986 -7.3174241858639917 42.9769079148306901
533 -26.7343353391528851 -7.7321432185132002 43.9259521834430089
534 -25.1022806891808088 -8.1180002512644993 44.8104181649987439
535 -23.4506712075792265 -8.4754899541425459 45.6314813473247085
536 -21.7812169121790937 -8.8050935608844139 46.3901812586313937
537 -20.0955427408844614 -9.1072775146404314 47.0874363097059074
538 -18.3951980398386539 -9.3824911676654335 47.7240562878282120
539 -16.6816650913137714 -9.6311638310008600 48.3007529241694584
540 -14.9563668724490473 -9.8537014053945473 48.8181488648436357
541 -13.2206741922306001 -10.0504827806294923 49.2767853028092446
542 -11.4759123217796031 -10.2218561632926015 49.6771284693447583
543 -9.7233672081852660 -10.3681354711337512 50.0195751380097704
544 -7.9642913463277809 -10.4895969139559515 50.3044572571212001
545 -6.1999093696582976 -10.5864758669699999 50.5320457979496922
546 -4.4314234131890489 -10.6589641258029424 50.7025538833882123
547 -2.6600182954647429 -10.7072076192957937 50.8161392439949822
548 -0.8868665628962739 -10.7313046402034669 50.8729060347329067
549 0.8868665628962739 -10.7313046402034669 50.8729060347329067
550 2.6600182954647429 -10.7072076192957937 50.8161392439949822
551 4.4314234131890489 -10.6589641258029424 50.7025538833882123
552 6.1999093696582976 -10.5864758669700016 50.5320457979496993
553 7.9642913463277809 -10.4895969139559515 50.3044572571212001
554 9.7233672081852660 -10.3681354711337512 50.0195751380097704
555 11.4759123217796013 -10.2218561632926015 49.6771284693447583
556 13.2206741922306001 -10.0504827806294923 49.2767853028092446
557 14.9563668724490473 -9.8537014053945473 48.8181488648436357
558 16.6816650913134836 -9.6311638310013556 48.3007529241694442
559 18.3951980398386539 -9.3824911676654335 47.7240562878282120
560 20.0955427408844614 -9.1072775146404314 47.0874363097059074
561 21.7812169121790937 -8.8050935608844139 46.3901812586313937
562 23.4506712075792265 -8.4754899541425459 45.6314813473247085
563 25.1022806891808088 -8.1180002512644993 44.8104181649987439
564 26.7343353391528851 -7.7321432185132002 43.9259521834430089
565 28.3450293590303986 -7.3174241858639917 42.9769079148306901
566 29.9324489229887121 -6.8733350479750577 41.9619561840359125
567 31.4945579376616855 -6.3993523176574669 40.8795928334146055
568 33.0291812026653702 -5.8949323024237401 39.7281129961056294
569 34.5339841353526040 -5.3595018598777875 38.5055798495903758
570 -34.1394059307045268 -3.9411862744863755 39.0252227853778919
571 -32.6105608636159374 -4.4571650480755762 40.2577321752556330
572 -31.0515483653905413 -4.9427287259493413 41.4170348631271139
573 -29.4647582491180593 -5.3983978835269637 42.5051211221913974
574 -27.8524170745634265 -5.8246748543030291 43.5237409461344100
575 -26.2166093591607563 -6.2220506716466115 44.4744362431793618
576 -24.5592951982788286 -6.5910080001151474 45.3585673594990837
577 -22.8823251659228468 -6.9320214874650814 46.1773350584277082
578 -21.1874531263152868 -7.2455563960649023 46.9317988418474670
579 -19.4763474199007298 -7.5320660656387952 47.6228923099193793
580 -17.7506007705234516 -7.7919885856023354 48.2514361047143794
581 -16.0117391746026279 -8.0257429571636205 48.8181488648436357
582 -14.2612299722052978 -8.2337249634276848 49.3236565240909570
583 -12.5004892536126597 -8.4163029294263243 49.7685002126891973
584 -10.7308887224706044 -8.5738135255039563 50.1531429608936676
585 -8.9537621129521927 -8.7065577493876471 50.4779753573896741
586 -7.1704112398869935 -8.8147972042631686 50.7433202786200823
587 -5.3821117500893090 -8.8987507745002432 50.9494367757179560
588 -3.5901186333381929 -8.9585917861606852 51.0965231831627875
589 -1.7956715465177260 -8.9944457233053452 51.1847194954464939
590 0.0000000000000000 -9.0063885564462360 51.2141090439960109
591 1.7956715465177260 -8.9944457233053452 51.1847194954464939
592 3.5901186333381929 -8.9585917861606852 51.0965231831627875
593 5.3821117500893090 -8.8987507745002432 50.9494367757179560
594 7.1704112398869935 -8.8147972042631686 50.7433202786200823
595 8.9537621129521927 -8.7065577493876471 50.4779753573896741
596 10.7308887224706044 -8.5738135255039563 50.1531429608936676
597 12.5004892536126597 -8.4163029294263243 49.7685002126891973
598 14.2612299722051219 -8.2337249634279868 49.3236565240909570
599 16.0117391746026279 -8.0257429571636205 48.8181488648436357
600 17.7506007705234516 -7.7919885856023354 48.2514361047143794
601 19.4763474199007298 -7.5320660656387952 47.6228923099193793
602 21.1874531263152868 -7.2455563960649023 46.9317988418474670
603 22.8823251659228468 -6.9320214874650814 46.1773350584277082
604 24.5592951982788286 -6.5910080001151492 45.3585673594990837
605 26.2166093591607563 -6.2220506716466115 44.4744362431793689
606 27.8524170745634265 -5.8246748543030291 43.5237409461344100
607 29.4647582491180593 -5.3983978835269637 42.5051211221913974
608 31.0515483653905413 -4.9427287259493431 41.4170348631271210
609 32.6105608636159445 -4.4571650480755753 40.2577321752556401
610 34.1394059307045197 -3.9411862744863750 39.0252227853778848
611 -33.7172533637846783 -2.5296515745493662 39.5062993523024133
612 -32.1640606052324998 -3.0257309901173568 40.7470018204821329
613 -30.5804140258846360 -3.4920244588448317 41.9123376010490176
614 -28.9687595134983198 -3.9290012850811076 43.0043477005631516
615 -27.3313756929911200 -4.3371236437726690 44.0248255104685384
616 -25.6703960667394462 -4.7168511637381254 44.9753497026523377
617 -23.9878274184497968 -5.0686419173023243 45.8573113566073900
618 -22.2855653825560296 -5.3929511355048518 46.6719364675377122
619 -20.5654078300286294 -5.6902284409475135 47.4203047340949624
620 -18.8290665505051784 -5.9609141061899980 48.1033653277530320
621 -17.0781775883995230 -6.2054346904207893 48.7219501925160117
622 -15.3143105044385042 -6.4241983153142685 49.2767853028092446
623 -13.5389767696349157 -6.6175897886497772 49.7685002126891973
624 -11.7536374537330381 -6.7859657478692963 50.1976361542547949
625 -9.9597103355697101 -6.9296499733226815 50.5646528839937162
626 -8.1585765392748542 -7.0489290003135148 50.8699344289073494
627 -6.3515867830025083 -7.1440481440808803 51.1137938471900313
628 -4.5400673137818037 -7.2152080353796064 51.2964770894895281
629 -2.7253255945394490 -7.2625617485168021 51.4181660238162195
630 -0.9086558028007720 -7.2862125887220897 51.4789806692399807
631 0.9086558028007720 -7.2862125887220897 51.4789806692399807
632 2.7253255945394494 -7.2625617485168030 51.4181660238162124
633 4.5400673137818037 -7.2152080353796064 51.2964770894895281
634 6.3515867830025083 -7.1440481440808803 51.1137938471900313
635 8.1585765392748524 -7.0489290003135139 50.8699344289073423
636 9.9597103355697101 -6.9296499733226815 50.5646528839937162
637 11.7536374537323969 -6.7859657478704110 50.1976361542547949
638 13.5389767696349157 -6.6175897886497772 49.7685002126891973
639 15.3143105044385042 -6.4241983153142685 49.2767853028092446
640 17.0781775883995195 -6.2054346904207875 48.7219501925160046
641 18.8290665505051784 -5.9609141061899980 48.1033653277530320
642 20.5654078300286294 -5.6902284409475126 47.4203047340949624
643 22.2855653825560296 -5.3929511355048518 46.6719364675377122
644 23.9878274184497968 -5.0686419173023225 45.8573113566073900
645 25.6703960667394462 -4.7168511637381263 44.9753497026523377
646 27.3313756929911200 -4.3371236437726690 44.0248255104685384
647 28.9687595134983198 -3.9290012850811076 43.0043477005631516
648 30.5804140258846360 -3.4920244588448308 41.9123376010490176
649 32.1640606052324998 -3.0257309901173555 40.7470018204821329
650 33.7172533637846783 -2.5296515745493653 39.5062993523024133
651 -33.2682896474018932 -1.1253873725215953 39.9493980830542696
652 -31.6904636923520187 -1.6011651199219477 41.1964899138563041
653 -30.0819583298762403 -2.0478184541903972 42.3660503542431570
654 -28.4452761904655738 -2.4657673370776476 43.4601685901876422
655 -26.7827485142210513 -2.8554354618179527 44.4806797424160578
656 -25.0965582069410758 -3.2172524495025030 45.4291982412389501
657 -23.3887590259164782 -3.5516528689449176 46.3071453787223319
658 -21.6612918218186152 -3.8590732935145309 47.1157721991828993
659 -19.9159985067197418 -4.1399481203112032 47.8561786297387997
660 -18.1546342412912729 -4.3947046200108550 48.5293295530423521
661 -16.3788782111255422 -4.6237575420696979 49.1360683687377531
662 -14.5903432721317277 -4.8275035206176957 49.6771284693447583
663 -12.7905846816323425 -5.0063154760915056 50.1531429608936676
664 -10.9811080840164532 -5.1605371782764671 50.5646528839937162
665 -9.1633768869340670 -5.2904781123567872 50.9121141318122454
666 -7.3388191387324291 -5.3964087734710375 51.1959032149895705
667 -5.5088340008807952 -5.4785564973263012 51.4163219868588328
668 -3.6747978970225890 -5.5371019202572604 51.5736014133269691
669 -1.8380704108375332 -5.5721761450603662 51.6679044492151220
670 0.0000000000000000 -5.5838586729268602 51.6993280644998237
671 1.8380704108375332 -5.5721761450603662 51.6679044492151220
672 3.6747978970225885 -5.5371019202572596 51.5736014133269691
673 5.5088340008807952 -5.4785564973263012 51.4163219868588328
674 7.3388191387324291 -5.3964087734710375 51.1959032149895705
675 9.1633768869335555 -5.2904781123576772 50.9121141318122454
676 10.9811080840164532 -5.1605371782764671 50.5646528839937162
677 12.7905846816323425 -5.0063154760915056 50.1531429608936676
678 14.5903432721317277 -4.8275035206176957 49.6771284693447583
679 16.3788782111255422 -4.6237575420696979 49.1360683687377531
680 18.1546342412912729 -4.3947046200108559 48.5293295530423521
681 19.9159985067197418 -4.1399481203112032 47.8561786297387997
682 21.6612918218186188 -3.8590732935145335 47.1157721991829064
683 23.3887590259164782 -3.5516528689449176 46.3071453787223319
684 25.0965582069410758 -3.2172524495025026 45.4291982412389501
685 26.7827485142210513 -2.8554354618179514 44.4806797424160578
686 28.4452761904655738 -2.4657673370776481 43.4601685901876422
687 30.0819583298762367 -2.0478184541903954 42.3660503542431570
688 31.6904636923520187 -1.6011651199219485 41.1964899138563041
689 33.2682896474018932 -1.1253873725215946 39.9493980830542696
690 -32.7932233998326836 0.2711460396054312 40.3550613786408690
691 -31.1904997478372863 -0.1839728807444493 41.6067167589478544
692 -29.5569319749369868 -0.6106603581283695 42.7786730293958186
693 -27.8950799263667903 -1.0092894668181907 43.8730652071835294
694 -26.2073278257458533 -1.3802474899530539 44.8917685673037923
695 -24.4959082306301035 -1.7239357201610825 45.8364322956019379
696 -22.7629219952993154 -2.0407665011374507 46.7085073013873284
697 -21.0103551881255122 -2.3311586200223355 47.5092693519601781
698 -19.2400936482892000 -2.5955317148587600 48.2398384276131580
699 -17.4539356884249415 -2.8343001245276143 48.9011949934603152
700 -15.6536033228639653 -3.0478664819379562 49.4941937293527516
701 -13.8407523119730005 -3.2366152770461376 50.0195751380097704
702 -12.0169812469620663 -3.4009065745654112 50.4779753573896741
703 -10.1838398533817767 -3.5410700415749958 50.8699344289073494
704 -8.3428366563973562 -3.6573994211862026 51.1959032149895705
705 -6.4954461272325936 -3.7501475700640232 51.4562491133094753
706 -4.6431154118549252 -3.8195221626853519 51.6512606789122799
707 -2.7872707310511395 -3.8656821484948187 51.7811512367061368
708 -0.9293235322993585 -3.8887350325211347 51.8460615439510164
709 0.9293235322993585 -3.8887350325211347 51.8460615439510164
710 2.7872707310511395 -3.8656821484948192 51.7811512367061368
711 4.6431154118549252 -3.8195221626853519 51.6512606789122799
712 6.4954461272322224 -3.7501475700646671 51.4562491133094753
713 8.3428366563973562 -3.6573994211862026 51.1959032149895705
714 10.1838398533817749 -3.5410700415749954 50.8699344289073423
715 12.0169812469620663 -3.4009065745654112 50.4779753573896741
716 13.8407523119730005 -3.2366152770461376 50.0195751380097704
717 15.6536033228639635 -3.0478664819379562 49.4941937293527516
718 17.4539356884249415 -2.8343001245276143 48.9011949934603223
719 19.2400936482892000 -2.5955317148587609 48.2398384276131580
720 21.0103551881255122 -2.3311586200223364 47.5092693519601781
721 22.7629219952993154 -2.0407665011374507 46.7085073013873284
722 24.4959082306301035 -1.7239357201610810 45.8364322956019379
723 26.2073278257458533 -1.3802474899530544 44.8917685673037994
724 27.8950799263667903 -1.0092894668181902 43.8730652071835294
725 29.5569319749369868 -0.6106603581283708 42.7786730293958186
726 31.1904997478372863 -0.1839728807444485 41.6067167589478544
727 32.7932233998326836 0.2711460396054314 40.3550613786408690
728 -32.2927113648797715 1.6595146739984457 40.7237867069277755
729 -30.6648472866062534 1.2253664478732851 41.9781564382899361
730 -29.0060352708007265 0.8189257340373967 43.1506579151604015
731 -27.3188926320423988 0.4398634618546602 44.2434698627251066
732 -25.6058567407559323 0.0878263716755265 45.2585062402673799
733 -23.8692098603109102 -0.2375603985705863 46.1974499913303376
734 -22.1110998820410920 -0.5366883825465087 47.0617809648810592
735 -20.3335579202453474 -0.8099595237461068 47.8527991644576716
736 -18.5385134657501247 -1.0577791860063843 48.5716442142311422
737 -16.7278076150022521 -1.2805488274358594 49.2193117291985800
738 -14.9032047654307203 -1.4786586122895602 49.7966671216854095
739 -13.0664030761085925 -1.6524801720824480 50.3044572571212072
740 -11.2190439280434493 -1.8023596871920271 50.7433202786200894
741 -9.3627205701343676 -1.9286114363812101 51.1137938471900313
742 -7.4989861031932650 -2.0315119413310878 51.4163219868588328
743 -5.6293609291306552 -2.1112948180267348 51.6512606789122799
744 -3.7553397751420721 -2.1681464300764830 51.8188823136024652
745 -1.8783983898655001 -2.2022024239021043 51.9193790792331242
746 0.0000000000000000 -2.2135452082833385 51.9528653455310945
747 1.8783983898655001 -2.2022024239021043 51.9193790792331242
748 3.7553397751418118 -2.1681464300769333 51.8188823136024652
749 5.6293609291306552 -2.1112948180267348 51.6512606789122799
750 7.4989861031932650 -2.0315119413310878 51.4163219868588328
751 9.3627205701343694 -1.9286114363812104 51.1137938471900384
752 11.2190439280434493 -1.8023596871920287 50.7433202786200894
753 13.0664030761085925 -1.6524801720824480 50.3044572571212072
754 14.9032047654307203 -1.4786586122895602 49.7966671216854095
755 16.7278076150022521 -1.2805488274358594 49.2193117291985800
756 18.5385134657501247 -1.0577791860063850 48.5716442142311422
757 20.3335579202453474 -0.8099595237461061 47.8527991644576716
758 22.1110998820410920 -0.5366883825465082 47.0617809648810592
759 23.8692098603109102 -0.2375603985705877 46.1974499913303376
760 25.6058567407559323 0.0878263716755278 45.2585062402673870
761 27.3188926320423988 0.4398634618546596 44.2434698627251066
762 29.0060352708007265 0.8189257340373972 43.1506579151604015
763 30.6648472866062534 1.2253664478732840 41.9781564382899361
764 32.2927113648797715 1.6595146739984465 40.7237867069277755
765 -31.7673608786784598 3.0393077897213367 41.0560274620322758
766 -30.1141359936197475 2.6263963215617299 42.3112379365088032
767 -28.4299202101402742 2.2404374981481947 43.4824111183125268
768 -26.7173883291156358 1.8811430326045595 44.5717675413721821
769 -24.9790308051123340 1.5481910631526170 45.5812584783397980
770 -23.2171794486810228 1.2412311058898522 46.5125996240751363
771 -21.4340289289775967 0.9598909370192845 47.3672989863342266
772 -19.6316550506861276 0.7037844860846134 48.1466801282083878
773 -17.8120305135558752 0.4725201926836300 48.8519016380289983
774 -15.9770386824064747 0.2657094731678928 49.4839735006876325
775 -14.1284857671541921 0.0829750453752911 50.0437708917819890
776 -12.2681117221760569 -0.0760410818002507 50.5320457979496922
777 -10.3976001077083104 -0.2116701143339425 50.9494367757179560
778 -8.5185871091192507 -0.3242096109366168 51.2964770894895281
779 -6.6326698747976769 -0.4139173724665665 51.5736014133269691
780 -4.7414143090780918 -0.4810061860677022 51.7811512367061368
781 -2.8463624383076405 -0.5256395121002575 51.9193790792331242
782 -0.9490394559858525 -0.5479281853848045 51.9884515908547016
783 0.9490394559856741 -0.5479281853851089 51.9884515908547016
784 2.8463624383076409 -0.5256395121002575 51.9193790792331242
785 4.7414143090780918 -0.4810061860677022 51.7811512367061368
786 6.6326698747976769 -0.4139173724665665 51.5736014133269691
787 8.5185871091192507 -0.3242096109366168 51.2964770894895281
788 10.3976001077083104 -0.2116701143339425 50.9494367757179560
789 12.2681117221760569 -0.0760410818002507 50.5320457979496922
790 14.1284857671541921 0.0829750453752896 50.0437708917819890
791 15.9770386824064747 0.2657094731678928 49.4839735006876325
792 17.8120305135558752 0.4725201926836293 48.8519016380289983
793 19.6316550506861276 0.7037844860846134 48.1466801282083878
794 21.4340289289775967 0.9598909370192839 47.3672989863342266
795 23.2171794486810228 1.2412311058898529 46.5125996240751363
796 24.9790308051123340 1.5481910631526170 45.5812584783397980
797 26.7173883291156358 1.8811430326045595 44.5717675413721821
798 28.4299202101402742 2.2404374981481943 43.4824111183125268
799 30.1141359936197475 2.6263963215617308 42.3112379365088103
800 31.7673608786784598 3.0393077897213367 41.0560274620322829
801 -31.2177321477420691 4.4101347666839281 41.3521935438921631
802 -29.5389488160934519 4.0186794422172536 42.6063459871990418
803 -27.8291923613875234 3.6533905576760830 43.7742937115605955
804 -26.0911948313959563 3.3140171405908507 44.8582973669532734
805 -24.3274994600873384 3.0002659366960605 45.8603442456394106
806 -22.5404872202575959 2.7118086946838984 46.7821817519965677
807 -20.7323990919959762 2.4482909674280737 47.6253451350120329
808 -18.9053550273038766 2.2093415997359012 48.3911806116287337
809 -17.0613703283487474 1.9945824111371007 49.0808647389603649
810 -15.2023699753146353 1.8036377538770147 49.6954206943299894
811 -13.3302013135057713 1.6361437189268202 50.2357319711022541
812 -11.4466454175668630 1.4917568121546081 50.7025538833882123
813 -9.5534273856188570 1.3701619540095957 51.0965231831627875
814 -7.6522257680384085 1.2710796758033054 51.4181660238162195
815 -5.7446813014026885 1.1942724028003782 51.6679044492151220
816 -3.8324050928994864 1.1395497289546352 51.8460615439510164
817 -1.9169863827986886 1.1067726041416692 51.9528653455310945
818 -0.0000000000001784 1.0958563707699134 51.9884515908547016
819 1.9169863827986888 1.1067726041416694 51.9528653455310945
820 3.8324050928994864 1.1395497289546352 51.8460615439510164
821 5.7446813014026885 1.1942724028003795 51.6679044492151220
822 7.6522257680384085 1.2710796758033067 51.4181660238162195
823 9.5534273856188570 1.3701619540095957 51.0965231831627875
824 11.4466454175668613 1.4917568121546094 50.7025538833882194
825 13.3302013135057695 1.6361437189268186 50.2357319711022541
826 15.2023699753146353 1.8036377538770163 49.6954206943299894
827 17.0613703283487474 1.9945824111371002 49.0808647389603721
828 18.9053550273038766 2.2093415997359021 48.3911806116287337
829 20.7323990919959691 2.4482909674280737 47.6253451350120329
830 22.5404872202575959 2.7118086946838984 46.7821817519965748
831 24.3274994600873384 3.0002659366960605 45.8603442456394106
832 26.0911948313959563 3.3140171405908494 44.8582973669532734
833 27.8291923613875234 3.6533905576760817 43.7742937115605955
834 29.5389488160934519 4.0186794422172527 42.6063459871990418
835 31.2177321477420691 4.4101347666839299 41.3521935438921631
836 -30.6443403930330263 5.7716218937370503 41.6126517130506741
837 -28.9398239300671456 5.4017942021057150 42.8638216949306781
838 -27.2044126480600639 5.0573146170422909 44.0266226428773422
839 -25.4408953312228476 4.7379658446142843 45.1033538043572833
840 -23.6518674341967596 4.4434803530092655 46.0960372399581004
841 -21.8397584740979269 4.1735499451219091 47.0064509471693697
842 -20.0068550652873824 3.9278364331142153 47.8361563187437255
843 -18.1553205813908853 3.7059826726295637 48.5865210425390828
844 -16.2872121676815489 3.5076235168043692 49.2587382813373225
845 -14.4044956485375959 3.3323964053887529 49.8538427737382506
846 -12.5090587477686235 3.1799513837091911 50.3727243500102801
847 -10.6027229496368260 3.0499603912440483 50.8161392439949822
848 -8.6872542626015932 2.9421256855154332 51.1847194954464939
849 -6.7643731006076955 2.8561872858394310 51.4789806692399807
850 -4.8357634618967236 2.7919293364634301 51.6993280644998237
851 -2.9030815606001279 2.7491853035665001 51.8460615439510164
852 -0.9679640484421401 2.7278419360023602 51.9193790792331242
853 0.9679640484421402 2.7278419360023638 51.9193790792331242
854 2.9030815606001279 2.7491853035665001 51.8460615439510164
855 4.8357634618967236 2.7919293364634301 51.6993280644998237
856 6.7643731006076955 2.8561872858394324 51.4789806692399807
857 8.6872542626015932 2.9421256855154327 51.1847194954464939
858 10.6027229496368260 3.0499603912440469 50.8161392439949822
859 12.5090587477686235 3.1799513837091924 50.3727243500102801
860 14.4044956485375923 3.3323964053887534 49.8538427737382435
861 16.2872121676815489 3.5076235168043710 49.2587382813373225
862 18.1553205813908853 3.7059826726295628 48.5865210425390828
863 20.0068550652873824 3.9278364331142162 47.8361563187437255
864 21.8397584740979269 4.1735499451219082 47.0064509471693697
865 23.6518674341967596 4.4434803530092646 46.0960372399581004
866 25.4408953312228547 4.7379658446142852 45.1033538043572975
867 27.2044126480600639 5.0573146170422909 44.0266226428773422
868 28.9398239300671385 5.4017942021057133 42.8638216949306781
869 30.6443403930330263 5.7716218937370538 41.6126517130506741
870 -30.0476579056326969 7.1234090633969780 41.8377257711456210
871 -28.3172566305614311 6.7753310602462653 43.0839629786187004
872 -26.5560990687083489 6.4517495583903672 44.2396714486981324
873 -24.7670299482837315 6.1524772175816791 45.3071876375918379
874 -22.9526961263218574 5.8772693165316223 46.2885671188219590
875 -21.1155748124559501 5.6258355573913903 47.1856172431893270
876 -19.2579973748857007 5.3978525575222687 47.9999242174000216
877 -17.3821697125218932 5.1929763688980435 48.7328756848716367
878 -15.4901899217621342 5.0108546375972445 49.3856796246503862
879 -13.5840638090770600 4.8511381508831679 49.9593801910308741
880 -11.6657186763096412 4.7134915902863064 50.4548709719240094
881 -9.7370157156141630 4.5976033468665713 50.8729060347328996
882 -7.7997612862358974 4.5031942782231180 51.2141090439960109
883 -5.8557172978069234 4.4300253028826582 51.4789806692399807
884 -3.9066108905651555 4.3779037422599876 51.6679044492151220
885 -1.9541435780269525 4.3466883345625220 51.7811512367061368
886 -0.0000000000002606 4.3362928601534154 51.8188823136024652
887 1.9541435780269525 4.3466883345625229 51.7811512367061368
888 3.9066108905651555 4.3779037422599849 51.6679044492151220
889 5.8557172978069234 4.4300253028826546 51.4789806692399807
890 7.7997612862358974 4.5031942782231180 51.2141090439960109
891 9.7370157156141630 4.5976033468665713 50.8729060347328996
892 11.6657186763096412 4.7134915902863082 50.4548709719240094
893 13.5840638090770600 4.8511381508831661 49.9593801910308741
894 15.4901899217621342 5.0108546375972454 49.3856796246503862
895 17.3821697125218932 5.1929763688980435 48.7328756848716367
896 19.2579973748857007 5.3978525575222678 47.9999242174000216
897 21.1155748124559501 5.6258355573913912 47.1856172431893270
898 22.9526961263218574 5.8772693165316205 46.2885671188219590
899 24.7670299482837315 6.1524772175816800 45.3071876375918379
900 26.5560990687083489 6.4517495583903681 44.2396714486981324
901 28.3172566305614311 6.7753310602462635 43.0839629786187004
902 30.0476579056326969 7.1234090633969798 41.8377257711456210
903 -29.4281160515698339 8.4651463723178200 42.0276966124789197
904 -27.6717011871064358 8.1388888568970206 43.2670248756090174
905 -25.8847284023934812 7.8362415111263584 44.4136708065616190
906 -24.0700972901913879 7.5570432088300805 45.4700067558890524
907 -22.2305050319952535 7.3010691634100962 46.4381204948427637
908 -20.3684754510300650 7.0680448987425768 47.3198473064964986
909 -18.4863835978411473 6.8576604895269231 48.1167965900043129
910 -16.5864768502782525 6.6695844938294124 48.8303740347629684
911 -14.6708932587933472 6.5034772394343801 49.4618001571440047
912 -12.7416776951340420 6.3590032449090872 50.0121258020948218
913 -10.8007962394805954 6.2358426163264227 50.4822450714865596
914 -8.8501491527178917 6.1337012933368946 50.8729060347329067
915 -6.8915827160838683 6.0523200377899133 51.1847194954464939
916 -4.9269001734989599 5.9914820727134943 51.4181660238162124
917 -2.9578719777750884 5.9510192927238279 51.5736014133269691
918 -0.9862455172757302 5.9308169807120867 51.6512606789122799
919 0.9862455172757302 5.9308169807120867 51.6512606789122799
920 2.9578719777750888 5.9510192927238270 51.5736014133269691
921 4.9269001734989590 5.9914820727134952 51.4181660238162195
922 6.8915827160838674 6.0523200377899151 51.1847194954464939
923 8.8501491527178917 6.1337012933368955 50.8729060347329067
924 10.8007962394805954 6.2358426163264209 50.4822450714865596
925 12.7416776951340402 6.3590032449090863 50.0121258020948289
926 14.6708932587933472 6.5034772394343809 49.4618001571440047
927 16.5864768502782525 6.6695844938294124 48.8303740347629684
928 18.4863835978411473 6.8576604895269249 48.1167965900043129
929 20.3684754510300650 7.0680448987425768 47.3198473064964986
930 22.2305050319952535 7.3010691634100979 46.4381204948427637
931 24.0700972901913879 7.5570432088300805 45.4700067558890524
932 25.8847284023934812 7.8362415111263610 44.4136708065616190
933 27.6717011871064358 8.1388888568970206 43.2670248756090174
934 29.4281160515698339 8.4651463723178182 42.0276966124789197
935 -28.7861072555255326 9.7964906330870392 42.1828021870195116
936 -27.0035726970678951 9.4920710748599095 43.4132197412720870
937 -25.1907379361408204 9.2103389068740196 44.5488089566174352
938 -23.3505560637910605 8.9511555314057354 45.5919767740370574
939 -21.4857732555130703 8.7143133166405953 46.5448417231394060
940 -19.5989586552293531 8.4995516569495724 47.4092653524757353
941 -17.6925297541939841 8.3065728826950789 48.1868782744995343
942 -15.7687742405869749 8.1350575212362326 48.8791018542237410
943 -13.8298690528265169 7.9846786205066671 49.4871663091441789
944 -11.8778972004059700 7.8551149483650917 50.0121258020948218
945 -9.9148627958670801 7.7460629319435688 50.4548709719240094
946 -7.9427046541720827 7.6572472280517445 50.8161392439949822
947 -5.9633087522806649 7.5884298321510881 51.0965231831627875
948 -3.9785197953374469 7.5394176463162221 51.2964770894895210
949 -1.9901521023124702 7.5100684386573873 51.4163219868588328
950 -0.0000000000003714 7.5002951401286904 51.4562491133094682
951 1.9901521023124702 7.5100684386573890 51.4163219868588328
952 3.9785197953374474 7.5394176463162221 51.2964770894895281
953 5.9633087522806649 7.5884298321510881 51.0965231831627875
954 7.9427046541720827 7.6572472280517481 50.8161392439949822
955 9.9148627958670801 7.7460629319435714 50.4548709719240094
956 11.8778972004059700 7.8551149483650908 50.0121258020948289
957 13.8298690528265169 7.9846786205066671 49.4871663091441789
958 15.7687742405869766 8.1350575212362344 48.8791018542237339
959 17.6925297541939841 8.3065728826950789 48.1868782744995343
960 19.5989586552293531 8.4995516569495724 47.4092653524757353
961 21.4857732555130703 8.7143133166405953 46.5448417231394131
962 23.3505560637910605 8.9511555314057336 45.5919767740370574
963 25.1907379361408204 9.2103389068740196 44.5488089566174352
964 27.0035726970679022 9.4920710748599131 43.4132197412720942
965 28.7861072555255326 9.7964906330870392 42.1828021870195116
966 -28.1219869865398771 11.1171018067179848 42.3032374097769122
967 -26.3132489634302402 10.8344820603359278 43.5227173723424201
968 -24.4745272433169916 10.5735885329243153 44.6452320158888369
969 -22.6088267695447236 10.3343015885245322 45.6732215065035376
970 -20.7189411419075604 10.1164281204588988 46.6088334979728742
971 -18.8074833390951817 9.9197196138976125 47.4539538208494491
972 -16.8769119089914419 9.7438896337458143 48.2102318934634866
973 -14.9295535949317308 9.5886303182718748 48.8791018542237339
974 -12.9676231316807371 9.4536276386077187 49.4618001571440047
975 -10.9932407804712184 9.3385752698479632 49.9593801910308741
976 -9.0084480549759487 9.2431869611449962 50.3727243500102801
977 -7.0152220043778133 9.1672073136483316 50.7025538833882123
978 -5.0154883576190032 9.1104208888341862 50.9494367757179560
979 -3.0111337871318606 9.0726595804620906 51.1137938471900384
980 -1.0040175176649271 9.0538081946572380 51.1959032149895634
981 1.0040175176649271 9.0538081946572380 51.1959032149895634
982 3.0111337871318606 9.0726595804620924 51.1137938471900384
983 5.0154883576190032 9.1104208888341862 50.9494367757179560
984 7.0152220043778124 9.1672073136483299 50.7025538833882194
985 9.0084480549759487 9.2431869611449944 50.3727243500102801
986 10.9932407804712184 9.3385752698479614 49.9593801910308741
987 12.9676231316807389 9.4536276386077205 49.4618001571440047
988 14.9295535949317308 9.5886303182718748 48.8791018542237339
989 16.8769119089914419 9.7438896337458143 48.2102318934634866
990 18.8074833390951781 9.9197196138976107 47.4539538208494491
991 20.7189411419075604 10.1164281204588971 46.6088334979728742
992 22.6088267695447236 10.3343015885245340 45.6732215065035376
993 24.4745272433169916 10.5735885329243153 44.6452320158888369
994 26.3132489634302402 10.8344820603359260 43.5227173723424201
995 28.1219869865398771 11.1171018067179848 42.3032374097769122
996 -27.4360757622510896 12.4266393691909975 42.3891540462426661
997 -25.6010724156691154 12.1657232167956124 43.5956450781495661
998 -23.7364600347662140 11.9255315984865735 44.7030442040745655
999 -21.8452935025512716 11.7059604514759741 45.7138233108528240
1000 -19.9304120548642807 11.5068287649360581 46.6301572707809058
1001 -17.9944708536016904 11.3278985459602026 47.4539538208494491
1002 -16.0399680118978658 11.1688937829965038 48.1868782744995343
1003 -14.0692680294821724 11.0295180647087658 48.8303740347629684
1004 -12.0846223717113510 10.9094706628930727 49.3856796246503862
1005 -10.0881877668154054 10.8084609576415840 49.8538427737382435
1006 -8.0820426815858575 10.7262211155932867 50.2357319711022541
1007 -6.0682023525177602 10.6625169487702518 50.5320457979496993
1008 -4.0486326881564532 10.6171568914551990 50.7433202786200823
1009 -2.0252633141069238 10.5899990418885093 50.8699344289073423
1010 -0.0000000000005121 10.5809562247144644 50.9121141318122454
1011 2.0252633141069238 10.5899990418885093 50.8699344289073423
1012 4.0486326881564541 10.6171568914552008 50.7433202786200894
1013 6.0682023525177593 10.6625169487702500 50.5320457979496922
1014 8.0820426815858575 10.7262211155932849 50.2357319711022541
1015 10.0881877668154054 10.8084609576415840 49.8538427737382435
1016 12.0846223717113510 10.9094706628930727 49.3856796246503862
1017 14.0692680294821724 11.0295180647087658 48.8303740347629684
1018 16.0399680118978658 11.1688937829965038 48.1868782744995343
1019 17.9944708536016869 11.3278985459601991 47.4539538208494491
1020 19.9304120548642807 11.5068287649360546 46.6301572707809058
1021 21.8452935025512716 11.7059604514759759 45.7138233108528240
1022 23.7364600347662140 11.9255315984865735 44.7030442040745655
1023 25.6010724156691154 12.1657232167956089 43.5956450781495661
1024 27.4360757622510825 12.4266393691909958 42.3891540462426590
1025 -26.7286611827895371 13.7247586270498747 42.4406605981205232
1026 -24.8673520876562506 13.4853891871981926 43.6320877178520590
1027 -22.9768660982106674 13.2656998269359185 44.7223079950770099
1028 -21.0603058779497836 13.0655989005985536 45.7138233108528240
1029 -19.1205543188304432 12.8849153081770709 46.6088334979728742
1030 -17.1603069833111164 12.7234202546747337 47.4092653524757353
1031 -15.1820999933797225 12.5808475750709476 48.1167965900043129
1032 -13.1883343129789257 12.4569123594873901 48.7328756848716367
1033 -11.1812971563050692 12.3513277356370459 49.2587382813373225
1034 -9.1631811017395179 12.2638197194137799 49.6954206943299894
1035 -7.1361013807522644 12.1941400686747610 50.0437708917819890
1036 -5.1021117297808125 12.1420770860384017 50.3044572571212072
1037 -3.0632191340098718 12.1074643239530584 50.4779753573896741
1038 -1.0213977484467422 12.0901871515991477 50.5646528839937162
1039 1.0213977484467422 12.0901871515991495 50.5646528839937162
1040 3.0632191340098718 12.1074643239530584 50.4779753573896741
1041 5.1021117297808125 12.1420770860384017 50.3044572571212072
1042 7.1361013807522644 12.1941400686747610 50.0437708917819890
1043 9.1631811017395179 12.2638197194137799 49.6954206943299894
1044 11.1812971563050692 12.3513277356370477 49.2587382813373225
1045 13.1883343129789257 12.4569123594873901 48.7328756848716367
1046 15.1820999933797225 12.5808475750709494 48.1167965900043129
1047 17.1603069833111164 12.7234202546747337 47.4092653524757353
1048 19.1205543188304432 12.8849153081770691 46.6088334979728742
1049 21.0603058779497836 13.0655989005985536 45.7138233108528240
1050 22.9768660982106674 13.2656998269359168 44.7223079950770099
1051 24.8673520876562506 13.4853891871981926 43.6320877178520590
1052 26.7286611827895371 13.7247586270498783 42.4406605981205232
1053 -26.0000000000000000 15.0111069989302699 42.4578222082417511
1054 -24.1123656598617409 14.7930640391632124 43.6320877178520590
1055 -22.1960433353065270 14.5936115867783194 44.7030442040745655
1056 -20.2541810908044901 14.4126675379251346 45.6732215065035376
1057 -18.2897033365043171 14.2500688009063019 46.5448417231394131
1058 -16.3053441629151159 14.1055947275804510 47.3198473064964986
1059 -14.3036761281399354 13.9789886739039169 47.9999242174000216
1060 -12.2871354311775942 13.8699775010201947 48.5865210425390828
1061 -10.2580442021607166 13.7782889221555163 49.0808647389603649
1062 -8.2186304949928104 13.7036666396267179 49.4839735006876325
1063 -6.1710464609479558 13.6458832308090923 49.7966671216854095
1064 -4.1173851037877345 13.6047507481798888 50.0195751380097704
1065 -2.0596959591617399 13.5801290015954610 50.1531429608936676
1066 -0.0000000000006415 13.5719314957397081 50.1976361542547949
1067 2.0596959591617399 13.5801290015954610 50.1531429608936676
1068 4.1173851037877345 13.6047507481798906 50.0195751380097704
1069 6.1710464609479558 13.6458832308090923 49.7966671216854095
1070 8.2186304949928104 13.7036666396267179 49.4839735006876325
1071 10.2580442021607183 13.7782889221555180 49.0808647389603721
1072 12.2871354311775942 13.8699775010201947 48.5865210425390828
1073 14.3036761281399354 13.9789886739039169 47.9999242174000216
1074 16.3053441629151159 14.1055947275804510 47.3198473064964986
1075 18.2897033365043171 14.2500688009063019 46.5448417231394131
1076 20.2541810908044901 14.4126675379251346 45.6732215065035376
1077 22.1960433353065270 14.5936115867783194 44.7030442040745655
1078 24.1123656598617409 14.7930640391632124 43.6320877178520590
1079 26.0000000000000000 15.0111069989302699 42.4578222082417511
1080 -25.2503202232295898 16.2853202799178227 42.4406605981205232
1081 -23.3363615689896911 16.0883174676966973 43.5956450781495661
1082 -21.3942599003347844 15.9087680718646851 44.6452320158888369
1083 -19.4272061153184943 15.7465969780329615 45.5919767740370574
1084 -17.4381638862979749 15.6016475149606428 46.4381204948427637
1085 -15.4299039164427079 15.4737064244019979 47.1856172431893270
1086 -13.4050336656306577 15.3625265198151428 47.8361563187437255
1087 -11.3660234646609783 15.2678469213410590 48.3911806116287337
1088 -9.3152297474430803 15.1894108213811592 48.8519016380289912
1089 -7.2549159921552997 15.1269807579286635 49.2193117291985800
1090 -5.1872718607306085 15.0803513793336741 49.4941937293527516
1091 -3.1144309503521250 15.0493596839102945 49.6771284693447583
1092 -1.0384875160222551 15.0338927180760997 49.7685002126891973
1093 1.0384875160222549 15.0338927180761015 49.7685002126891902
1094 3.1144309503521255 15.0493596839102999 49.6771284693447583
1095 5.1872718607306085 15.0803513793336723 49.4941937293527516
1096 7.2549159921552997 15.1269807579286670 49.2193117291985800
1097 9.3152297474430803 15.1894108213811627 48.8519016380289912
1098 11.3660234646609783 15.2678469213410555 48.3911806116287337
1099 13.4050336656306577 15.3625265198151393 47.8361563187437255
1100 15.4299039164427079 15.4737064244019944 47.1856172431893270
1101 17.4381638862979749 15.6016475149606464 46.4381204948427637
1102 19.4272061153184943 15.7465969780329580 45.5919767740370574
1103 21.3942599003347844 15.9087680718646887 44.6452320158888369
1104 23.3363615689896911 16.0883174676966973 43.5956450781495661
1105 25.2503202232295898 16.2853202799178263 42.4406605981205232
1106 -24.4798232585127771 17.5470189056684482 42.3891540462426590
1107 -22.5395611828127933 17.3707010282671774 43.5227173723424201
1108 -20.5717564388875083 17.2106495393373251 44.5488089566174352
1109 -18.5796400414392089 17.0667941204536788 45.4700067558890524
1110 -16.5662125961601170 16.9389832724736067 46.2885671188219590
1111 -14.5342795134876823 16.8270106785243172 47.0064509471693697
1112 -12.4864817196466760 16.7306388113519020 47.6253451350120400
1113 -10.4253227690817116 16.6496197491849642 48.1466801282083878
1114 -8.3531930861991075 16.5837132027426932 48.5716442142311422
1115 -6.2723919344221581 16.5327017644596381 48.9011949934603152
1116 -4.1851476131905194 16.4964033873609921 49.1360683687377460
1117 -2.0936363122079040 16.4746810959437617 49.2767853028092446
1118 -0.0000000000001751 16.4674499268556715 49.3236565240909570
1119 2.0936363122079040 16.4746810959437617 49.2767853028092446
1120 4.1851476131905203 16.4964033873609921 49.1360683687377531
1121 6.2723919344221590 16.5327017644596452 48.9011949934603223
1122 8.3531930861991075 16.5837132027426968 48.5716442142311422
1123 10.4253227690817116 16.6496197491849642 48.1466801282083878
1124 12.4864817196466760 16.7306388113519020 47.6253451350120400
1125 14.5342795134876823 16.8270106785243208 47.0064509471693697
1126 16.5662125961601170 16.9389832724736031 46.2885671188219590
1127 18.5796400414392089 17.0667941204536788 45.4700067558890524
1128 20.5717564388875083 17.2106495393373251 44.5488089566174352
1129 22.5395611828127933 17.3707010282671774 43.5227173723424201
1130 24.4798232585127771 17.5470189056684518 42.3891540462426590
1131 -23.6886860743455969 18.7958042318799414 42.3032374097769122
1132 -21.7221610338900959 18.6397444111707209 43.4132197412720942
1133 -19.7287484200223275 18.4987116109701688 44.4136708065616190
1134 -17.7117165407725992 18.3726385027128707 45.3071876375918379
1135 -15.6741005840214438 18.2613778684516284 46.0960372399580862
1136 -13.6187388299285725 18.1647301990796137 46.7821817519965677
1137 -11.5483044008099451 18.0824680894355190 47.3672989863342266
1138 -9.4653334365213979 18.0143574701278020 47.8527991644576716
1139 -7.3722504227487287 17.9601757280394558 48.2398384276131580
1140 -5.2713912775873970 17.9197267593785021 48.5293295530423521
1141 -3.1650247107701346 17.8928529871064441 48.7219501925159975
1142 -1.0553723021535784 17.8794443625581678 48.8181488648436357
1143 1.0553723021535781 17.8794443625581643 48.8181488648436286
1144 3.1650247107701346 17.8928529871064406 48.7219501925160046
1145 5.2713912775873970 17.9197267593785021 48.5293295530423521
1146 7.3722504227487287 17.9601757280394558 48.2398384276131580
1147 9.4653334365213979 18.0143574701277984 47.8527991644576716
1148 11.5483044008099451 18.0824680894355225 47.3672989863342266
1149 13.6187388299285725 18.1647301990796102 46.7821817519965748
1150 15.6741005840214438 18.2613778684516284 46.0960372399580862
1151 17.7117165407725992 18.3726385027128707 45.3071876375918379
1152 19.7287484200223275 18.4987116109701653 44.4136708065616190
1153 21.7221610338900959 18.6397444111707209 43.4132197412720942
1154 23.6886860743455969 18.7958042318799414 42.3032374097769122
1155 -22.8770633839524393 20.0312548428051436 42.1828021870195116
1156 -20.8843351022041297 19.8949517655176749 43.2670248756090174
1157 -18.8654285507752668 19.7723816397225178 44.2396714486981324
1158 -16.8236464493103881 19.6634787295527715 45.1033538043572975
1159 -14.7620562493315681 19.5680995746398239 45.8603442456394106
1160 -12.6835273940085766 19.4860516538348314 46.5125996240751363
1161 -10.5907641678192910 19.4171183947359474 47.0617809648810592
1162 -8.4863350088723362 19.3610806454620423 47.5092693519601781
1163 -6.3726990108207344 19.3177347087078495 47.8561786297387997
1164 -4.2522302295150398 19.2869070153803115 48.1033653277530320
1165 -2.1272403241317246 19.2684654925101100 48.2514361047143794
1166 -0.0000000000002858 19.2623276620022139 48.3007529241694442
1167 2.1272403241317246 19.2684654925101100 48.2514361047143794
1168 4.2522302295150398 19.2869070153803150 48.1033653277530320
1169 6.3726990108207344 19.3177347087078495 47.8561786297387997
1170 8.4863350088723362 19.3610806454620423 47.5092693519601781
1171 10.5907641678192910 19.4171183947359474 47.0617809648810592
1172 12.6835273940085766 19.4860516538348278 46.5125996240751363
1173 14.7620562493315681 19.5680995746398239 45.8603442456394106
1174 16.8236464493103881 19.6634787295527715 45.1033538043572975
1175 18.8654285507752668 19.7723816397225178 44.2396714486981324
1176 20.8843351022041297 19.8949517655176749 43.2670248756090174
1177 22.8770633839524393 20.0312548428051436 42.1828021870195116
1178 -22.0450898309658321 21.2529229000171860 42.0276966124789197
1179 -20.0262371325037343 21.1357980774264078 43.0839629786187004
1180 -17.9819692573190260 21.0310551397335672 44.0266226428773422
1181 -15.9156204480267167 20.9386289687827229 44.8582973669532734
1182 -13.8302881931583705 20.8583797075650317 45.5812584783397980
1183 -11.7288715900601677 20.7901223065765564 46.1974499913303376
1184 -9.6141053644723407 20.7336519628614973 46.7085073013873213
1185 -7.4885904036596429 20.6887656432402949 47.1157721991828993
1186 -5.3548215318170511 20.6552798404659654 47.4203047340949624
1187 -3.2152131541244646 20.6330446713849440 47.6228923099193793
1188 -1.0721233179379408 20.6219543939787044 47.7240562878282120
1189 1.0721233179379408 20.6219543939787044 47.7240562878282120
1190 3.2152131541244646 20.6330446713849476 47.6228923099193793
1191 5.3548215318170511 20.6552798404659619 47.4203047340949624
1192 7.4885904036596429 20.6887656432402984 47.1157721991828993
1193 9.6141053644723424 20.7336519628614973 46.7085073013873284
1194 11.7288715900601677 20.7901223065765564 46.1974499913303376
1195 13.8302881931583705 20.8583797075650352 45.5812584783397980
1196 15.9156204480267167 20.9386289687827229 44.8582973669532734
1197 17.9819692573190260 21.0310551397335672 44.0266226428773422
1198 20.0262371325037343 21.1357980774264078 43.0839629786187004
1199 22.0450898309658321 21.2529229000171824 42.0276966124789197
1200 -21.1928821632664430 22.4603305388037526 41.8377257711456210
1201 -19.1480029700726107 22.3617256034341096 42.8638216949306781
1202 -17.0785252135874472 22.2740922729274118 43.7742937115605955
1203 -14.9878118189454668 22.1973654994857412 44.5717675413721821
1204 -12.8789882393711892 22.1314092373218863 45.2585062402673799
1205 -10.7549819871641343 22.0760466765785317 45.8364322956019379
1206 -8.6185579030280568 22.0310859139087114 46.3071453787223319
1207 -6.4723500065626771 21.9963413267450214 46.6719364675377122
1208 -4.3188906596126158 21.9716508469135192 46.9317988418474670
1209 -2.1606376834488135 21.9568892737621297 47.0874363097059074
1210 -0.0000000000003068 21.9519777230222140 47.1392689171982937
1211 2.1606376834488135 21.9568892737621297 47.0874363097059074
1212 4.3188906596126158 21.9716508469135192 46.9317988418474670
1213 6.4723500065626771 21.9963413267450250 46.6719364675377122
1214 8.6185579030280568 22.0310859139087114 46.3071453787223319
1215 10.7549819871641343 22.0760466765785317 45.8364322956019379
1216 12.8789882393711892 22.1314092373218898 45.2585062402673870
1217 14.9878118189454668 22.1973654994857448 44.5717675413721821
1218 17.0785252135874472 22.2740922729274118 43.7742937115605955
1219 19.1480029700726107 22.3617256034341061 42.8638216949306781
1220 21.1928821632664430 22.4603305388037526 41.8377257711456210
1221 -20.3205413775312458 23.6529663157156804 41.6126517130506741
1222 -18.2497528946731471 23.5721403547165771 42.6063459871990418
1223 -16.1552358940577250 23.5008143804720149 43.4824111183125268
1224 -14.0403792481839034 23.4389232916809220 44.2434698627251066
1225 -11.9083345230638749 23.3863354073792387 44.8917685673037923
1226 -9.7620567518136578 23.3428831795170666 45.4291982412389501
1227 -7.6043410461544241 23.3083888846255824 45.8573113566073971
1228 -5.4378558752370729 23.2826856350776978 46.1773350584276940
1229 -3.2651737496648634 23.2656339517285531 46.3901812586313795
1230 -1.0887999691784978 23.2571340662637702 46.4964539470586971
1231 1.0887999691784978 23.2571340662637702 46.4964539470586899
1232 3.2651737496648634 23.2656339517285531 46.3901812586313795
1233 5.4378558752370738 23.2826856350777014 46.1773350584277082
1234 7.6043410461544241 23.3083888846255824 45.8573113566073900
1235 9.7620567518136578 23.3428831795170666 45.4291982412389501
1236 11.9083345230638731 23.3863354073792351 44.8917685673037923
1237 14.0403792481839034 23.4389232916809220 44.2434698627251066
1238 16.1552358940577250 23.5008143804720149 43.4824111183125268
1239 18.2497528946731471 23.5721403547165771 42.6063459871990418
1240 20.3205413775312458 23.6529663157156804 41.6126517130506741
1241 -19.4281548159322739 24.8302817051408162 41.3521935438921631
1242 -17.3315939316883387 24.7664086227131790 42.3112379365088032
1243 -15.2122281248895703 24.7105005405621725 43.1506579151604015
1244 -13.0734696451467940 24.6624925902400918 43.8730652071835294
1245 -10.9184946083092296 24.6222583273943414 44.4806797424160578
1246 -8.7502850997023192 24.5896407008735700 44.9753497026523377
1247 -6.5716672344932308 24.5644775408082303 45.3585673594990837
1248 -4.3853459939823640 24.5466219786311903 45.6314813473247085
1249 -2.1939375845527138 24.5359580838634663 45.7949058169353833
1250 -0.0000000000003866 24.5324119113695573 45.8493267759832293
1251 2.1939375845527138 24.5359580838634663 45.7949058169353833
1252 4.3853459939823640 24.5466219786311903 45.6314813473247085
1253 6.5716672344932308 24.5644775408082303 45.3585673594990837
1254 8.7502850997023192 24.5896407008735700 44.9753497026523377
1255 10.9184946083092296 24.6222583273943414 44.4806797424160578
1256 13.0734696451467940 24.6624925902400918 43.8730652071835294
1257 15.2122281248895703 24.7105005405621725 43.1506579151604015
1258 17.3315939316883352 24.7664086227131754 42.3112379365088032
1259 19.4281548159322739 24.8302817051408162 41.3521935438921631
1260 -18.5157981951578350 25.9916876372628209 41.0560274620322829
1261 -16.3936221161064921 25.9438535294346941 41.9781564382899361
1262 -14.2496186042452226 25.9023841272881832 42.7786730293958186
1263 -12.0872209415016361 25.8672154671466537 43.4601685901876422
1264 -9.9096285916343003 25.8382274923931625 44.0248255104685384
1265 -7.7198507343003833 25.8152750419493984 44.4744362431793689
1266 -5.5207458990668927 25.7982128953903818 44.8104181649987439
1267 -3.3150585096812089 25.7869153566735250 45.0338248815836835
1268 -1.1054530988393383 25.7812907013942514 45.1453543924119458
1269 1.1054530988393383 25.7812907013942514 45.1453543924119458
1270 3.3150585096812080 25.7869153566735250 45.0338248815836764
1271 5.5207458990668927 25.7982128953903818 44.8104181649987439
1272 7.7198507343003833 25.8152750419493984 44.4744362431793689
1273 9.9096285916343003 25.8382274923931625 44.0248255104685384
1274 12.0872209415016361 25.8672154671466537 43.4601685901876422
1275 14.2496186042452226 25.9023841272881832 42.7786730293958186
1276 16.3936221161064921 25.9438535294346941 41.9781564382899361
1277 18.5157981951578350 25.9916876372628280 41.0560274620322829
1278 -17.5835375480755935 27.1365510620651200 40.7237867069277755
1279 -15.4359246855865457 27.1037515787314476 41.6067167589478544
1280 -13.2675163612706584 27.0756493363529316 42.3660503542431499
1281 -11.0817648323672167 27.0521822973522355 43.0043477005631516
1282 -8.8818921446708643 27.0332381705228961 43.5237409461344100
1283 -6.6709352166444384 27.0186851662550680 43.9259521834430089
1284 -4.4517871930923016 27.0083963419537376 44.2123073116904806
1285 -2.2272358744703866 27.0022680853351389 44.3837463336204152
1286 -0.0000000000000697 27.0002330949536891 44.4408304694924325
1287 2.2272358744703866 27.0022680853351389 44.3837463336204152
1288 4.4517871930923016 27.0083963419537376 44.2123073116904806
1289 6.6709352166444367 27.0186851662550680 43.9259521834430018
1290 8.8818921446708643 27.0332381705228961 43.5237409461344100
1291 11.0817648323672167 27.0521822973522355 43.0043477005631516
1292 13.2675163612706584 27.0756493363529316 42.3660503542431570
1293 15.4359246855865457 27.1037515787314476 41.6067167589478544
1294 17.5835375480755935 27.1365510620651200 40.7237867069277755
1295 -16.6314310583501879 28.2641915164306923 40.3550613786408690
1296 -14.4585821766700438 28.2453291752462263 41.1964899138562970
1297 -12.2660251209460895 28.2294276340844732 41.9123376010490176
1298 -10.0572294176885286 28.2164281018668142 42.5051211221913903
1299 -7.8354394442903184 28.2062275888680603 42.9769079148306901
1300 -5.6037212035572006 28.1987091579742426 43.3293331416118477
1301 -3.3650055694989565 28.1937652941179238 43.5636125230384579
1302 -1.1221288101831792 28.1913149991827900 43.6805515710391248
1303 1.1221288101831792 28.1913149991827900 43.6805515710391248
1304 3.3650055694989565 28.1937652941179238 43.5636125230384579
1305 5.6037212035572015 28.1987091579742390 43.3293331416118548
1306 7.8354394442903184 28.2062275888680603 42.9769079148306901
1307 10.0572294176885286 28.2164281018668142 42.5051211221913903
1308 12.2660251209460895 28.2294276340844732 41.9123376010490176
1309 14.4585821766700438 28.2453291752462263 41.1964899138562970
1310 16.6314310583501879 28.2641915164306923 40.3550613786408690
1311 -15.6595307699990247 29.3738776613696828 39.9493980830542696
1312 -13.4616704001567751 29.3677590680523153 40.7470018204821329
1313 -11.2452455420080479 29.3627940742440465 41.4170348631271139
1314 -9.0137417012260226 29.3589286887759151 41.9619561840359125
1315 -6.7704259357458527 29.3560708305324916 42.3837520524237945
1316 -4.5183954874030618 29.3541197847448103 42.6839519478019866
1317 -2.2606231235938492 29.3529882959303379 42.8636403166139104
1318 -0.0000000000002984 29.3526179567211791 42.9234646677871226
1319 2.2606231235938492 29.3529882959303379 42.8636403166139104
1320 4.5183954874030618 29.3541197847448103 42.6839519478019866
1321 6.7704259357458536 29.3560708305324951 42.3837520524238087
1322 9.0137417012260226 29.3589286887759151 41.9619561840359125
1323 11.2452455420080479 29.3627940742440465 41.4170348631271210
1324 13.4616704001567751 29.3677590680523153 40.7470018204821329
1325 15.6595307699990247 29.3738776613696828 39.9493980830542696
1326 -14.6678841556092880 30.4648237461485358 39.5062993523024133
1327 -12.4452622713144372 30.4701566635878009 40.2577321752556330
1328 -10.2052772939726548 30.4747634138045953 40.8795928334146055
1329 -7.9514299007001590 30.4785965062825035 41.3742663686194589
1330 -5.6870108685204599 30.4815763365075902 41.7436391732080523
1331 -3.4151517609609603 30.4836195314366556 41.9891138119419978
1332 -1.1388726068795771 30.4846594353111620 42.1116196351837502
1333 1.1388726068795771 30.4846594353111620 42.1116196351837502
1334 3.4151517609609603 30.4836195314366556 41.9891138119419978
1335 5.6870108685204599 30.4815763365075973 41.7436391732080523
1336 7.9514299007001590 30.4785965062825035 41.3742663686194589
1337 10.2052772939726548 30.4747634138045953 40.8795928334146055
1338 12.4452622713144372 30.4701566635878009 40.2577321752556330
1339 14.6678841556092880 30.4648237461485358 39.5062993523024133
1340 -13.6565355306005038 31.5361859433424279 39.0252227853778848
1341 -11.4094294738442361 31.5515761389195468 39.7281129961056294
1342 -9.1462209400209940 31.5642859421808311 40.2994106095432514
1343 -6.8704255212737557 31.5742761021616758 40.7414081958526779
1344 -4.5853595390227282 31.5814808803167715 41.0558709967780260
1345 -2.2941930206412344 31.5858349385820922 41.2440505966216620
1346 -0.0000000000002664 31.5872918476311959 41.3066942968397228
1347 2.2941930206412344 31.5858349385820851 41.2440505966216691
1348 4.5853595390227282 31.5814808803167715 41.0558709967780260
1349 6.8704255212737557 31.5742761021616758 40.7414081958526779
1350 9.1462209400209940 31.5642859421808240 40.2994106095432514
1351 11.4094294738442361 31.5515761389195468 39.7281129961056294
1352 13.6565355306005038 31.5361859433424279 39.0252227853778848
1353 -12.6255273053921915 32.5870584850430376 38.5055798495903758
1354 -10.3542439384847533 32.6110062695982990 39.1575267674884131
1355 -8.0681795920722976 32.6302429187060596 39.6758330112462900
1356 -5.7708651393127726 32.6447390586689608 40.0626774858505570
1357 -3.4656451631212963 32.6544438506470058 40.3196800633174206
1358 -1.1557335007957579 32.6593100343885894 40.4479140148515341
1359 1.1557335007957579 32.6593100343885894 40.4479140148515341
1360 3.4656451631212963 32.6544438506470058 40.3196800633174135
1361 5.7708651393127726 32.6447390586689608 40.0626774858505570
1362 8.0681795920722976 32.6302429187060596 39.6758330112462900
1363 10.3542439384847533 32.6110062695982990 39.1575267674884131
1364 12.6255273053921915 32.5870584850430376 38.5055798495903758
1365 -11.5749010743997580 33.6164695137266847 37.9467342804429464
1366 -9.2797791223787804 33.6473658669436375 38.5453041193852570
1367 -6.9712603048575339 33.6714414882890551 39.0081473267142513
1368 -4.6528918373592285 33.6886782397822699 39.3373048899674345
1369 -2.3280502849296099 33.6990406331869892 39.5342236837104437
1370 -0.0000000000000785 33.7024985878158816 39.5997675364170334
1371 2.3280502849296099 33.6990406331869892 39.5342236837104437
1372 4.6528918373592285 33.6886782397822699 39.3373048899674345
1373 6.9712603048575339 33.6714414882890551 39.0081473267142513
1374 9.2797791223787804 33.6473658669436375 38.5453041193852570
1375 11.5749010743997580 33.6164695137266847 37.9467342804429464
1376 -10.5046985503324741 34.6233765423511102 37.3480000157065035
1377 -8.1861110804843040 34.6594986954786179 37.8907209690721913
1378 -5.8555751742280915 34.6866089140398728 38.2955793979332881
1379 -3.5166562180400520 34.7047011449379426 38.5644505663527397
1380 -1.1727675976135661 34.7137548228171866 38.6985767472567943
1381 1.1727675976135661 34.7137548228171866 38.6985767472567943
1382 3.5166562180400520 34.7047011449379426 38.5644505663527397
1383 5.8555751742280915 34.6866089140398728 38.2955793979332881
1384 8.1861110804843040 34.6594986954786179 37.8907209690721913
1385 10.5046985503324741 34.6233765423511102 37.3480000157065035
1386 -9.4149623666190756 35.6066613951758129 36.7086386008040790
1387 -7.0733193289313219 35.6461677115758775 37.1929950548375672
1388 -4.7212421018470190 35.6743859248521247 37.5372889524597895
1389 -2.3623169027797011 35.6913221056273571 37.7431978666778676
1390 -0.0000000000004486 35.6969689123878027 37.8117231882919995
1391 2.3623169027797011 35.6913221056273571 37.7431978666778676
1392 4.7212421018470190 35.6743859248521247 37.5372889524597895
1393 7.0733193289313219 35.6461677115758775 37.1929950548375672
1394 9.4149623666190756 35.6066613951758129 36.7086386008040790
1395 -8.3057367919781750 36.5651244731525367 36.0278560090000539
1396 -5.9414875110310863 36.6060484262595054 36.4512817987324738
1397 -3.5683851802359881 36.6333189214893622 36.7323640949220831
1398 -1.1900403806033171 36.6469529801750085 36.8725459001867009
1399 1.1900403806033171 36.6469529801750085 36.8725459001867009
1400 3.5683851802359881 36.6333189214893693 36.7323640949220831
1401 5.9414875110310863 36.6060484262595125 36.4512817987324738
1402 8.3057367919781750 36.5651244731525296 36.0278560090000539
1403 -7.1770684342603941 37.4974781531130077 35.3047988359480058
1404 -4.7907038930899928 37.5377211452407167 35.6646694563524633
1405 -2.3971346360004624 37.5618507093043874 35.8798148940154960
1406 -0.0000000000000612 37.5698918843625691 35.9514008600124910
1407 2.3971346360004624 37.5618507093043874 35.8798148940154960
1408 4.7907038930899928 37.5377211452407096 35.6646694563524704
1409 7.1770684342603941 37.4974781531130006 35.3047988359480058
1410 -6.0290070633781152 38.4023390860952816 34.5385498616588649
1411 -3.6210617409817778 38.4396617716204290 34.8321735576667777
1412 -1.2076262363970269 38.4583093176001611 34.9785660555854392
1413 1.2076262363970269 38.4583093176001611 34.9785660555854392
1414 3.6210617409817774 38.4396617716204361 34.8321735576667777
1415 6.0290070633781152 38.4023390860952816 34.5385498616588649
1416 -4.8616067700099128 39.2782191028389320 33.7281230388406286
1417 -2.4326596651471979 39.3102307619595450 33.9527307354659627
1418 -0.0000000000001681 39.3208943039803955 34.0274487896933380
1419 2.4326596651471979 39.3102307619595450 33.9527307354659627
1420 4.8616067700099128 39.2782191028389320 33.7281230388406286
1421 -3.6749278239691336 40.1235143579567008 32.8724580926869550
1422 -1.2256020784797981 40.1476596882881793 33.0251922189504725
1423 1.2256020784797981 40.1476596882881793 33.0251922189504725
1424 3.6749278239691336 40.1235143579567008 32.8724580926869550
1425 -2.4690398531495781 40.9364922391649131 31.9704151577102635
1426 -0.0000000000002124 40.9500346475825481 32.0483176213945598
1427 2.4690398531495781 40.9364922391649131 31.9704151577102635
1428 -1.2440274275618231 41.7152754191038468 31.0207703396898928
1429 1.2440274275618231 41.7152754191038468 31.0207703396898928
1430 0.0000000000000000 42.4578222082417511 30.0222139978605327
