0 -22.6274169979695223 -13.0639452948436183 18.4752086140680269
1 -21.3551589806888487 -13.7593263511155026 19.4586259348650579
2 -20.0492407061378728 -14.3993975233612446 20.3638232675389830
3 -18.7141055607442652 -14.9864633704478276 21.1940597504948585
4 -17.3536395297771087 -15.5225770526950324 21.9522389909025684
5 -15.9712747570451743 -16.0095636275631428 22.6409420097746548
6 -14.5700606442173655 -16.4490458975976779 23.2624637964802297
7 -13.1527159344230373 -16.8424667982293599 23.8188449698745011
8 -11.7216692919623071 -17.1911068967831220 24.3118965256362465
9 -10.2790929605956620 -17.4960971639147118 24.7432178978056179
10 -8.8269324613984832 -17.7584277018163412 25.1142093023306536
11 -7.3669342951980674 -17.9789532425206104 25.4260795128445274
12 -5.9006729441555947 -18.1583962104412215 25.6798501917504183
13 -4.4295779849328136 -18.2973480671872224 25.8763577920772825
14 -2.9549617644211761 -18.3962695581723175 26.0162539062385285
15 -1.4780478169927385 -18.4554903723407051 26.1000047848103378
16 0.0000000000000000 -18.4752086140680269 26.1278905896872331
17 1.4780478169927385 -18.4554903723407051 26.1000047848103378
18 2.9549617644211761 -18.3962695581723175 26.0162539062385285
19 4.4295779849328136 -18.2973480671872224 25.8763577920772825
20 5.9006729441555947 -18.1583962104412215 25.6798501917504183
21 7.3669342951980674 -17.9789532425206104 25.4260795128445274
22 8.8269324613984832 -17.7584277018163412 25.1142093023306536
23 10.2790929605956620 -17.4960971639147118 24.7432178978056179
24 11.7216692919623071 -17.1911068967831220 24.3118965256362465
25 13.1527159344230373 -16.8424667982293599 23.8188449698745011
26 14.5700606442173655 -16.4490458975976779 23.2624637964802297
27 15.9712747570451743 -16.0095636275631428 22.6409420097746548
28 17.3536395297771087 -15.5225770526950324 21.9522389909025684
29 18.7141055607442652 -14.9864633704478294 21.1940597504948585
30 20.0492407061378728 -14.3993975233612446 20.3638232675389830
31 21.3551589806888487 -13.7593263511155026 19.4586259348650543
32 22.6274169979695223 -13.0639452948436183 18.4752086140680269
33 -22.5935056493710924 -11.6144470035741918 19.4586259348650579
34 -21.2885623015983434 -12.2909571754879092 20.4873006235884638
35 -19.9472557811045199 -12.9123691505703100 21.4330984629519321
36 -18.5742177932097725 -13.4809686077707163 22.2993703670464605
37 -17.1735422960586526 -13.9987481512410881 23.0890557451708887
38 -15.7488745580660474 -14.4674668846628158 23.8047338169424734
39 -14.3034766360496644 -14.8886901478852121 24.4486699393289513
40 -12.8402780011463609 -15.2638160049842604 25.0228531910184664
41 -11.3619167759484050 -15.5940922927691368 25.5290252994707991
42 -9.8707751567884774 -15.8806267691052678 25.9687021474794655
43 -8.3690114124427719 -16.1243922313816697 26.3431893123623375
44 -6.8585900591833582 -16.3262280782843021 26.6535929873612432
45 -5.3413112563605338 -16.4868395185253895 26.9008274362158950
46 -3.8188400643343052 -16.6067954238618078 27.0856199174587431
47 -2.2927359139594090 -16.6865256425596513 27.2085138147793728
48 -0.7644824260912870 -16.7263184218579575 27.2698705290438213
49 0.7644824260912870 -16.7263184218579575 27.2698705290438213
50 2.2927359139594090 -16.6865256425596513 27.2085138147793728
51 3.8188400643343052 -16.6067954238618078 27.0856199174587431
52 5.3413112563605338 -16.4868395185253895 26.9008274362158950
53 6.8585900591833582 -16.3262280782843021 26.6535929873612432
54 8.3690114124427719 -16.1243922313816697 26.3431893123623375
55 9.8707751567884774 -15.8806267691052678 25.9687021474794655
56 11.3619167759484050 -15.5940922927691368 25.5290252994707991
57 12.8402780011463609 -15.2638160049842604 25.0228531910184664
58 14.3034766360496644 -14.8886901478852085 24.4486699393289548
59 15.7488745580660474 -14.4674668846628158 23.8047338169424734
60 17.1735422960586526 -13.9987481512410898 23.0890557451708887
61 18.5742177932097725 -13.4809686077707180 22.2993703670464605
62 19.9472557811045199 -12.9123691505703100 21.4330984629519321
63 21.2885623015983292 -12.2909571754879270 20.4873006235884638
64 22.5935056493710924 -11.6144470035741936 19.4586259348650543
65 -22.4948644074905069 -10.1634530164238335 20.3638232675389865
66 -21.1560675979886419 -10.8186456669373694 21.4330984629519357
67 -19.7785522389621242 -11.4191524593458080 22.4145450197157245
68 -18.3671342926595500 -11.9671890098202134 23.3116873065560810
69 -16.9260994583949085 -12.4646719402168209 24.1275591502185520
70 -15.4592869055716555 -12.9132939270395291 24.8647800779557393
71 -13.9701532322140132 -13.3145681822174655 25.5256164037137943
72 -12.4618235258503294 -13.6698546597978581 26.1120284158578180
73 -10.9371340747822217 -13.9803743946402079 26.6257061881168866
74 -9.3986697827755119 -14.2472158099619364 27.0680964971442570
75 -7.8487983399347403 -14.4713355885832406 27.4404229359104761
76 -6.2897025132124416 -14.6535560342401094 27.7437008678848436
77 -4.7234114358124595 -14.7945604397242541 27.9787484674240190
78 -3.1518314361455060 -14.8948876831765507 28.1461947606364760
79 -1.5767767120656870 -14.9549270288490934 28.2464853169750327
80 0.0000000000000000 -14.9749138818362439 28.2798860363967570
81 1.5767767120656870 -14.9549270288490934 28.2464853169750327
82 3.1518314361455060 -14.8948876831765507 28.1461947606364760
83 4.7234114358124604 -14.7945604397242541 27.9787484674240261
84 6.2897025132124433 -14.6535560342401148 27.7437008678848436
85 7.8487983399347403 -14.4713355885832406 27.4404229359104761
86 9.3986697827755119 -14.2472158099619364 27.0680964971442570
87 10.9371340747822217 -13.9803743946402079 26.6257061881168866
88 12.4618235258503294 -13.6698546597978581 26.1120284158578180
89 13.9701532322140132 -13.3145681822174655 25.5256164037137943
90 15.4592869055716555 -12.9132939270395291 24.8647800779557393
91 16.9260994583949085 -12.4646719402168209 24.1275591502185520
92 18.3671342926595500 -11.9671890098202134 23.3116873065560775
93 19.7785522389620816 -11.4191524593458809 22.4145450197157245
94 21.1560675979886419 -10.8186456669373694 21.4330984629519357
95 22.4948644074905069 -10.1634530164238335 20.3638232675389865
96 -22.3357107720649068 -8.7136591394842462 21.1940597504948585
97 -20.9619701785548607 -9.3452601604592402 22.2993703670464605
98 -19.5474568407240206 -9.9228103872533904 23.3116873065560810
99 -18.0971756618960775 -10.4484092399675870 24.2347473148914041
100 -16.6155992685351244 -10.9238782603959450 25.0717120416517183
101 -15.1067524435223870 -11.3508375013139613 25.8252689943182396
102 -13.5742776710930908 -11.7307476099430357 26.4977083201525083
103 -12.0214882616246967 -12.0649318709029920 27.0909807671499543
104 -10.4514133391319319 -12.3545856158221774 27.6067414497969139
105 -8.8668375446273711 -12.6007774126537910 28.0463830208806115
106 -7.2703373500333068 -12.8044450086386554 28.4110609241798535
107 -5.6643152260316221 -12.9663882323946904 28.7017126532017741
108 -4.0510324673874116 -13.0872605834142455 28.9190723635801419
109 -2.4326411863681234 -13.1675608895261345 29.0636817536768213
110 -0.8112157976412041 -13.2076261135254001 29.1358978130926864
111 0.8112157976412042 -13.2076261135254036 29.1358978130926864
112 2.4326411863681234 -13.1675608895261345 29.0636817536768213
113 4.0510324673874116 -13.0872605834142455 28.9190723635801419
114 5.6643152260316221 -12.9663882323946904 28.7017126532017741
115 7.2703373500333068 -12.8044450086386554 28.4110609241798535
116 8.8668375446273711 -12.6007774126537910 28.0463830208806115
117 10.4514133391319319 -12.3545856158221774 27.6067414497969139
118 12.0214882616246967 -12.0649318709029938 27.0909807671499543
119 13.5742776710930908 -11.7307476099430357 26.4977083201525083
120 15.1067524435223870 -11.3508375013139613 25.8252689943182396
121 16.6155992685351244 -10.9238782603959450 25.0717120416517183
122 18.0971756618960278 -10.4484092399676740 24.2347473148914041
123 19.5474568407240206 -9.9228103872533886 23.3116873065560775
124 20.9619701785548607 -9.3452601604592402 22.2993703670464605
125 22.3357107720649068 -8.7136591394842462 21.1940597504948585
126 -22.1197658247238316 -7.2674041545573020 21.9522389909025684
127 -20.7100426681845491 -7.8733498257327890 23.0890557451708887
128 -19.2577722792642874 -8.4260961478436123 24.1275591502185520
129 -17.7681557156190131 -8.9275919354555811 25.0717120416517183
130 -16.2458531964738420 -9.3795477161992764 25.9248208973208101
131 -14.6950728664581778 -9.7835043352663522 26.6896586034986427
132 -13.1196400007615477 -10.1408675184272710 27.3685559031550731
133 -11.5230533663562067 -10.4529227189149747 27.9634698803367066
134 -9.9085330922660795 -10.7208377693093979 28.4760357051963453
135 -8.2790628956297763 -10.9456578907538589 28.9076061082335940
136 -6.6374285264257606 -11.1282961857805915 29.2592817163738772
137 -4.9862536510910909 -11.2695219653952936 29.5319343964877064
138 -3.3280339798111047 -11.3699487651461144 29.7262250362735259
139 -1.6651701845186169 -11.4300235203599758 29.8426166845437315
140 0.0000000000000000 -11.4500180311897033 29.8813836206664085
141 1.6651701845186166 -11.4300235203599740 29.8426166845437315
142 3.3280339798111038 -11.3699487651461126 29.7262250362735259
143 4.9862536510910909 -11.2695219653952936 29.5319343964877064
144 6.6374285264257606 -11.1282961857805915 29.2592817163738772
145 8.2790628956297780 -10.9456578907538606 28.9076061082335904
146 9.9085330922660795 -10.7208377693093979 28.4760357051963453
147 11.5230533663562031 -10.4529227189149729 27.9634698803367101
148 13.1196400007615477 -10.1408675184272710 27.3685559031550731
149 14.6950728664581778 -9.7835043352663522 26.6896586034986427
150 16.2458531964738100 -9.3795477161993368 25.9248208973208101
151 17.7681557156190131 -8.9275919354555828 25.0717120416517183
152 19.2577722792642874 -8.4260961478436123 24.1275591502185520
153 20.7100426681845491 -7.8733498257327881 23.0890557451708887
154 22.1197658247238316 -7.2674041545573020 21.9522389909025684
155 -21.8503261834956142 -5.8267478566406909 22.6409420097746548
156 -20.4036311295611306 -6.4051920059682157 23.8047338169424734
157 -18.9128840401373743 -6.9314882210974149 24.8647800779557393
158 -17.3834898521281680 -7.4074126341160511 25.8252689943182396
159 -15.8202997256049382 -7.8345542451830177 26.6896586034986427
160 -14.2277061972484429 -8.2143700029322630 27.4608175737668994
161 -12.6097173322734175 -8.5482083317964044 28.1411293859427367
162 -10.9700170905808783 -8.8373145784958336 28.7325703004981499
163 -9.3120164890931676 -9.0828255554508779 29.2367684403749593
164 -7.6388985111806660 -9.2857576302079785 29.6550490603019554
165 -5.9536586846376016 -9.4469914941913551 29.9884694503656739
166 -4.2591425997568857 -9.5672560131937185 30.2378457680593513
167 -2.5580812403302464 -9.6471130639657190 30.4037732839023178
168 -0.8531247638012993 -9.6869448558231319 30.4866409677686647
169 0.8531247638012991 -9.6869448558231301 30.4866409677686647
170 2.5580812403302464 -9.6471130639657190 30.4037732839023178
171 4.2591425997568857 -9.5672560131937185 30.2378457680593513
172 5.9536586846376016 -9.4469914941913551 29.9884694503656739
173 7.6388985111806660 -9.2857576302079785 29.6550490603019554
174 9.3120164890931676 -9.0828255554508779 29.2367684403749593
175 10.9700170905808783 -8.8373145784958336 28.7325703004981499
176 12.6097173322734175 -8.5482083317964044 28.1411293859427367
177 14.2277061972484145 -8.2143700029323110 27.4608175737668994
178 15.8202997256049382 -7.8345542451830177 26.6896586034986427
179 17.3834898521281680 -7.4074126341160511 25.8252689943182396
180 18.9128840401373743 -6.9314882210974149 24.8647800779557393
181 20.4036311295611306 -6.4051920059682157 23.8047338169424734
182 21.8503261834956142 -5.8267478566406909 22.6409420097746548
183 -21.5303219374444730 -4.3935197037732650 23.2624637964802297
184 -20.0457222151685137 -4.9428290553135916 24.4486699393289513
185 -18.5158309023273269 -5.4412235027498905 25.5256164037137943
186 -16.9462642711407980 -5.8902954962189691 26.4977083201525083
187 -15.3420688877512479 -6.2915077699523589 27.3685559031550731
188 -13.7078242383141919 -6.6462313783915192 28.1411293859427367
189 -12.0477225767204370 -6.9557558727913644 28.8178736369030020
190 -10.3656337717726021 -7.2212838568420512 29.4007941383970035
191 -8.6651600286800754 -7.4439165462944787 29.8915223454605652
192 -6.9496836063756406 -7.6246345513740561 30.2913658610711458
193 -5.2224095725933637 -7.7642769358621093 30.6013470605351792
194 -3.4864049811025608 -7.8635209329298270 30.8222325415456808
195 -1.7446354626883693 -7.9228642110768650 30.9545549119215657
196 0.0000000000000000 -7.9426111548865554 30.9986278412814862
197 1.7446354626883693 -7.9228642110768650 30.9545549119215657
198 3.4864049811025608 -7.8635209329298270 30.8222325415456808
199 5.2224095725933637 -7.7642769358621093 30.6013470605351792
200 6.9496836063756406 -7.6246345513740561 30.2913658610711529
201 8.6651600286800754 -7.4439165462944787 29.8915223454605652
202 10.3656337717726021 -7.2212838568420512 29.4007941383970035
203 12.0477225767203411 -6.9557558727915314 28.8178736369030020
204 13.7078242383141919 -6.6462313783915192 28.1411293859427367
205 15.3420688877512479 -6.2915077699523589 27.3685559031550731
206 16.9462642711407980 -5.8902954962189691 26.4977083201525083
207 18.5158309023273269 -5.4412235027498905 25.5256164037137943
208 20.0457222151685137 -4.9428290553135916 24.4486699393289513
209 21.5303219374444694 -4.3935197037732641 23.2624637964802332
210 -21.1623620768741070 -2.9693527288560535 23.8188449698745046
211 -19.6389914195810533 -3.4880989381550940 25.0228531910184664
212 -18.0693531643511918 -3.9573284209660202 26.1120284158578180
213 -16.4592816259428538 -4.3784482904119209 27.0909807671499543
214 -14.8140233015539771 -4.7527955849707819 27.9634698803367066
215 -13.1383474715024011 -5.0816561911445852 28.7325703004981534
216 -11.4366321538499864 -5.3662602442599550 29.4007941383970035
217 -9.7129337268787364 -5.6077649018343845 29.9701833698597184
218 -7.9710454056056017 -5.8072304894477815 30.4423801497879225
219 -6.2145479027642780 -5.9655939459632155 30.8186807510661467
220 -4.4468544856876262 -6.0836424856920237 31.1000768373552852
221 -2.6712519705715763 -6.1619897807889439 31.2872864731214761
222 -0.8909388075266734 -6.2010564866979498 31.3807763844367642
223 0.8909388075266734 -6.2010564866979498 31.3807763844367642
224 2.6712519705715763 -6.1619897807889439 31.2872864731214761
225 4.4468544856876262 -6.0836424856920237 31.1000768373552852
226 6.2145479027642780 -5.9655939459632155 30.8186807510661467
227 7.9710454056056017 -5.8072304894477815 30.4423801497879225
228 9.7129337268786919 -5.6077649018344582 29.9701833698597184
229 11.4366321538499864 -5.3662602442599550 29.4007941383970035
230 13.1383474715024011 -5.0816561911445852 28.7325703004981534
231 14.8140233015539735 -4.7527955849707801 27.9634698803367101
232 16.4592816259428538 -4.3784482904119209 27.0909807671499543
233 18.0693531643511918 -3.9573284209660202 26.1120284158578180
234 19.6389914195810533 -3.4880989381550940 25.0228531910184664
235 21.1623620768741070 -2.9693527288560535 23.8188449698745046
236 -20.7487699377692039 -1.5557099332077498 24.3118965256362465
237 -19.1858384624714020 -2.0426624172713344 25.5290252994708027
238 -17.5759264175670253 -2.4816487560377127 26.6257061881168866
239 -15.9250916660977833 -2.8738966492287106 27.6067414497969139
240 -14.2387844042066707 -3.2206224874865050 28.4760357051963453
241 -12.5219659137095487 -3.5230300622888224 29.2367684403749593
242 -10.7792008470823788 -3.7822904395472023 29.8915223454605652
243 -9.0147318322961176 -3.9995125712497961 30.4423801497879225
244 -7.2325418940388975 -4.1757100094485500 30.8909984245890499
245 -5.4364082558133600 -4.3117673330299189 31.2386639877882786
246 -3.6299499382620239 -4.4084090263234819 31.4863366129237221
247 -1.8166708905758451 -4.4661729879922802 31.6346804269722703
248 0.0000000000000000 -4.4853903712470178 31.6840854881046639
249 1.8166708905758451 -4.4661729879922802 31.6346804269722703
250 3.6299499382620239 -4.4084090263234819 31.4863366129237221
251 5.4364082558133600 -4.3117673330299189 31.2386639877882786
252 7.2325418940388513 -4.1757100094486299 30.8909984245890570
253 9.0147318322961176 -3.9995125712497961 30.4423801497879296
254 10.7792008470823788 -3.7822904395472023 29.8915223454605652
255 12.5219659137095469 -3.5230300622888220 29.2367684403749593
256 14.2387844042066707 -3.2206224874865059 28.4760357051963453
257 15.9250916660977833 -2.8738966492287110 27.6067414497969139
258 17.5759264175670253 -2.4816487560377118 26.6257061881168866
259 19.1858384624714020 -2.0426624172713348 25.5290252994708027
260 20.7487699377692039 -1.5557099332077500 24.3118965256362465
261 -20.2916110913288357 -0.1539070497802840 24.7432178978056179
262 -18.6884137884585932 -0.6080286562705162 25.9687021474794655
263 -17.0377857160140778 -1.0158788886837944 27.0680964971442535
264 -15.3460121191050192 -1.3785178585500439 28.0463830208806186
265 -13.6187492423413250 -1.6970498417676125 28.9076061082335940
266 -11.8611512567356296 -1.9726013525095953 29.6550490603019554
267 -10.0779690192503182 -2.2062852756985287 30.2913658610711458
268 -8.2736298572489382 -2.3991593838475627 30.8186807510661467
269 -6.4523041735184670 -2.5521839883628621 31.2386639877882786
270 -4.6179626894916206 -2.6661820018855868 31.5525893411505081
271 -2.7744269731447346 -2.7418039416614022 31.7613769556072114
272 -0.9254152110720887 -2.7794998811123386 31.8656239088145377
273 0.9254152110720886 -2.7794998811123381 31.8656239088145377
274 2.7744269731447346 -2.7418039416614022 31.7613769556072114
275 4.6179626894915780 -2.6661820018856597 31.5525893411505081
276 6.4523041735184670 -2.5521839883628621 31.2386639877882786
277 8.2736298572489382 -2.3991593838475618 30.8186807510661467
278 10.0779690192503182 -2.2062852756985296 30.2913658610711458
279 11.8611512567356296 -1.9726013525095953 29.6550490603019554
280 13.6187492423413250 -1.6970498417676132 28.9076061082335940
281 15.3460121191050192 -1.3785178585500439 28.0463830208806186
282 17.0377857160140778 -1.0158788886837944 27.0680964971442535
283 18.6884137884585932 -0.6080286562705167 25.9687021474794655
284 20.2916110913288357 -0.1539070497802844 24.7432178978056179
285 -19.7927157517415004 1.2348661018475813 25.1142093023306536
286 -18.1486389991823600 0.8144196279535076 26.3431893123623375
287 -16.4569434163702866 0.4384090427270045 27.4404229359104761
288 -14.7241433338585832 0.1059256651076468 28.4110609241798535
289 -12.9561014609363472 -0.1840336267979235 29.2592817163738772
290 -11.1581639656240252 -0.4325239192623306 29.9884694503656739
291 -9.3352658547708689 -0.6406008909018301 30.6013470605351792
292 -7.4920161829954148 -0.8092677086922569 31.1000768373552852
293 -5.6327691761997691 -0.9394243478389278 31.4863366129237221
294 -3.7616853522474485 -1.0318222688574068 31.7613769556072114
295 -1.8827855396748490 -1.0870267381574115 31.9260628872731829
296 0.0000000000000000 -1.1053885888731416 31.9809023648112394
297 1.8827855396746787 -1.0870267381577061 31.9260628872731829
298 3.7616853522474485 -1.0318222688574068 31.7613769556072114
299 5.6327691761997691 -0.9394243478389286 31.4863366129237221
300 7.4920161829954166 -0.8092677086922578 31.1000768373552852
301 9.3352658547708689 -0.6406008909018294 30.6013470605351792
302 11.1581639656240252 -0.4325239192623314 29.9884694503656739
303 12.9561014609363472 -0.1840336267979235 29.2592817163738772
304 14.7241433338585868 0.1059256651076468 28.4110609241798500
305 16.4569434163702866 0.4384090427270042 27.4404229359104761
306 18.1486389991823600 0.8144196279535071 26.3431893123623375
307 19.7927157517415004 1.2348661018475813 25.1142093023306572
308 -19.2536973890744854 2.6095243736079690 25.4260795128445274
309 -17.5682232933646851 2.2234008137459478 26.6535929873612432
310 -15.8352030380369104 1.8797358584312522 27.7437008678848507
311 -14.0613792176012122 1.5777532354109653 28.7017126532017741
312 -12.2528191360846019 1.3165386511398545 29.5319343964877064
313 -10.4150580518136326 1.0951023168668970 30.2378457680593513
314 -8.5532113816592190 0.9124451849494880 30.8222325415456808
315 -6.6720656733091168 0.7676228239702423 31.2872864731214761
316 -4.7761547105850894 0.6598033524417590 31.6346804269722703
317 -2.8698251123951573 0.5883168587192044 31.8656239088145377
318 -0.9572945990175763 0.5526942944365708 31.9809023648112394
319 0.9572945990175763 0.5526942944365708 31.9809023648112394
320 2.8698251123951564 0.5883168587192042 31.8656239088145377
321 4.7761547105850894 0.6598033524417583 31.6346804269722703
322 6.6720656733091168 0.7676228239702423 31.2872864731214761
323 8.5532113816592190 0.9124451849494880 30.8222325415456808
324 10.4150580518136326 1.0951023168668976 30.2378457680593513
325 12.2528191360846019 1.3165386511398551 29.5319343964877064
326 14.0613792176012122 1.5777532354109647 28.7017126532017741
327 15.8352030380369104 1.8797358584312525 27.7437008678848436
328 17.5682232933646816 2.2234008137459460 26.6535929873612467
329 19.2536973890744854 2.6095243736079685 25.4260795128445274
330 -18.6759688823029784 3.9690654361583495 25.6798501917504183
331 -16.9486774793404571 3.6177085217346945 26.9008274362158950
332 -15.1741708965317095 3.3066859239226072 27.9787484674240261
333 -13.3594163648771946 3.0353332633940697 28.9190723635801419
334 -11.5106814602495948 2.8028124113988153 29.7262250362735259
335 -9.6336856067401673 2.6081931929124607 30.4037732839023178
336 -7.7337194088713028 2.4505334745070857 30.9545549119215657
337 -5.8157418515460426 2.3289526028134611 31.3807763844367642
338 -3.8844620073900309 2.2426951856235089 31.6840854881046639
339 -1.9444099013230680 2.1911830223931341 31.8656239088145377
340 -0.0000000000001704 2.1740534763151174 31.9260628872731829
341 1.9444099013230680 2.1911830223931341 31.8656239088145377
342 3.8844620073900309 2.2426951856235089 31.6840854881046639
343 5.8157418515460426 2.3289526028134619 31.3807763844367642
344 7.7337194088713028 2.4505334745070857 30.9545549119215657
345 9.6336856067401690 2.6081931929124602 30.4037732839023178
346 11.5106814602495930 2.8028124113988144 29.7262250362735259
347 13.3594163648771946 3.0353332633940711 28.9190723635801419
348 15.1741708965317095 3.3066859239226059 27.9787484674240261
349 16.9486774793404571 3.6177085217346945 26.9008274362158950
350 18.6759688823029784 3.9690654361583499 25.6798501917504183
351 -18.0607572405366383 5.3125469705975101 25.8763577920772825
352 -16.2913267446826424 4.9961852032275962 27.0856199174587431
353 -14.4752668382195893 4.7178777494398751 28.1461947606364831
354 -12.6197628293921138 4.4770513790759567 29.0636817536768284
355 -10.7312758267446871 4.2729320787624436 29.8426166845437315
356 -8.8157027121024658 4.1046447098620398 30.4866409677686647
357 -6.8785030325134153 3.9713055774432782 30.9986278412814862
358 -4.9248030440193684 3.8721038838844875 31.3807763844367642
359 -2.9594838200092446 3.8063696355505225 31.6346804269722703
360 -0.9872583791027137 3.7736262105188088 31.7613769556072114
361 0.9872583791027137 3.7736262105188088 31.7613769556072114
362 2.9594838200092446 3.8063696355505217 31.6346804269722703
363 4.9248030440193684 3.8721038838844883 31.3807763844367642
364 6.8785030325134153 3.9713055774432777 30.9986278412814862
365 8.8157027121024658 4.1046447098620407 30.4866409677686647
366 10.7312758267446853 4.2729320787624436 29.8426166845437315
367 12.6197628293921138 4.4770513790759585 29.0636817536768284
368 14.4752668382195893 4.7178777494398769 28.1461947606364831
369 16.2913267446826424 4.9961852032275962 27.0856199174587431
370 18.0607572405366419 5.3125469705975119 25.8763577920772825
371 -17.4091176544541426 6.6390628238857348 26.0162539062385285
372 -15.5973230643368161 6.3576952756220448 27.2085138147793728
373 -13.7397350747586930 6.1119348256799553 28.2464853169750327
374 -11.8437476368203338 5.9012795680541608 29.1358978130926864
375 -9.9160064888001642 5.7250090155948534 29.8813836206664085
376 -7.9625779483011652 5.5823001459610895 30.4866409677686647
377 -5.9890839461829337 5.4723307365697789 30.9545549119215657
378 -4.0008137027375401 5.3943669568187014 31.2872864731214761
379 -2.0028192379377452 5.3478333741624109 31.4863366129237221
380 -0.0000000000000425 5.3323640037712474 31.5525893411505081
381 2.0028192379377452 5.3478333741624100 31.4863366129237221
382 4.0008137027375401 5.3943669568187014 31.2872864731214761
383 5.9890839461829337 5.4723307365697789 30.9545549119215657
384 7.9625779483011661 5.5823001459610913 30.4866409677686647
385 9.9160064888001642 5.7250090155948516 29.8813836206664085
386 11.8437476368203356 5.9012795680541617 29.1358978130926864
387 13.7397350747586913 6.1119348256799553 28.2464853169750327
388 15.5973230643368197 6.3576952756220457 27.2085138147793728
389 17.4091176544541426 6.6390628238857339 26.0162539062385285
390 -16.7219474102425494 7.9477182286465080 26.1000047848103378
391 -14.8676578781622748 7.7010980091871648 27.2698705290438248
392 -12.9686558411544297 7.4874569409181229 28.2798860363967570
393 -11.0325318391791303 7.3063465454712428 29.1358978130926864
394 -9.0661056422260700 7.1570914415975295 29.8426166845437315
395 -7.0756043664099213 7.0389198710532597 30.4037732839023178
396 -5.0668064005566587 6.9510757479803384 30.8222325415456808
397 -3.0451616973077891 6.8929101943842817 31.1000768373552852
398 -1.0158959177051072 6.8639513213927801 31.2386639877882786
399 1.0158959177051072 6.8639513213927801 31.2386639877882786
400 3.0451616973077895 6.8929101943842834 31.1000768373552852
401 5.0668064005566587 6.9510757479803384 30.8222325415456808
402 7.0756043664099222 7.0389198710532588 30.4037732839023178
403 9.0661056422260700 7.1570914415975304 29.8426166845437315
404 11.0325318391791303 7.3063465454712428 29.1358978130926864
405 12.9686558411544297 7.4874569409181220 28.2798860363967570
406 14.8676578781622748 7.7010980091871648 27.2698705290438248
407 16.7219474102425494 7.9477182286465080 26.1000047848103378
408 -16.0000000000000000 9.2376043070340135 26.1278905896872331
409 -14.1031754520709871 9.0252204126707944 27.2698705290438248
410 -12.1629583626930060 8.8429922031691373 28.2464853169750327
411 -10.1871216430239908 8.6905095104501786 29.0636817536768284
412 -8.1826474804384883 8.5671363537472978 29.7262250362735259
413 -6.1559154520567461 8.4721536963268189 30.2378457680593513
414 -4.1128562821775052 8.4048778267639381 30.6013470605351792
415 -2.0590819544846592 8.3647533298107763 30.8186807510661467
416 -0.0000000000000460 8.3514200188971817 30.8909984245890570
417 2.0590819544846592 8.3647533298107763 30.8186807510661467
418 4.1128562821775052 8.4048778267639381 30.6013470605351792
419 6.1559154520567461 8.4721536963268207 30.2378457680593513
420 8.1826474804384883 8.5671363537472978 29.7262250362735259
421 10.1871216430239890 8.6905095104501786 29.0636817536768213
422 12.1629583626930042 8.8429922031691337 28.2464853169750327
423 14.1031754520709871 9.0252204126707944 27.2698705290438248
424 16.0000000000000000 9.2376043070340135 26.1278905896872331
425 -15.2438995932498091 10.5077721436941971 26.1000047848103378
426 -13.3045871503774080 10.3288303669376074 27.2085138147793728
427 -11.3234354020740824 10.1770099337366755 28.1461947606364831
428 -9.3083838974897848 10.0519273200201749 28.9190723635801490
429 -7.2665654849935120 9.9529833142554374 29.5319343964877064
430 -5.2045052809864245 9.8795154134536869 29.9884694503656739
431 -3.1282854128746775 9.8309198270725844 30.2913658610711458
432 -1.0436864266905157 9.8067430606975776 30.4423801497879225
433 1.0436864266905157 9.8067430606975776 30.4423801497879296
434 3.1282854128746780 9.8309198270725862 30.2913658610711458
435 5.2045052809864245 9.8795154134536887 29.9884694503656739
436 7.2665654849935120 9.9529833142554391 29.5319343964877064
437 9.3083838974897848 10.0519273200201766 28.9190723635801490
438 11.3234354020740806 10.1770099337366737 28.1461947606364760
439 13.3045871503774080 10.3288303669376074 27.2085138147793657
440 15.2438995932498091 10.5077721436941971 26.1000047848103378
441 -14.4541558900329683 11.7572067342865854 26.0162539062385285
442 -12.4724866803483376 11.6106102206342126 27.0856199174587431
443 -10.4507594607192473 11.4878745158016482 27.9787484674240190
444 -8.3970639915695902 11.3886349969837237 28.7017126532017741
445 -6.3186729345105848 11.3123298125785148 29.2592817163738772
446 -4.2222527455549645 11.2583589827175761 29.6550490603019554
447 -2.1140408184023016 11.2262069858416815 29.8915223454605652
448 -0.0000000000000432 11.2155298036688418 29.9701833698597184
449 2.1140408184023016 11.2262069858416815 29.8915223454605652
450 4.2222527455549645 11.2583589827175761 29.6550490603019554
451 6.3186729345105848 11.3123298125785148 29.2592817163738772
452 8.3970639915695902 11.3886349969837237 28.7017126532017741
453 10.4507594607192473 11.4878745158016482 27.9787484674240190
454 12.4724866803483376 11.6106102206342126 27.0856199174587431
455 14.4541558900329683 11.7572067342865854 26.0162539062385285
456 -13.6311792556038238 12.9848010965897114 25.8763577920772825
457 -11.6073662229799197 12.8691309967906964 26.9008274362158950
458 -9.5455005248244689 12.7738201758088596 27.7437008678848436
459 -7.4538059838252781 12.6985193435310109 28.4110609241798535
460 -5.3396863467115487 12.6427077325214707 28.9076061082335904
461 -3.2099494246163807 12.6058556177396994 29.2367684403749593
462 -1.0709983820773850 12.5875441011020079 29.4007941383970035
463 1.0709983820773850 12.5875441011020079 29.4007941383970035
464 3.2099494246163807 12.6058556177396994 29.2367684403749664
465 5.3396863467115478 12.6427077325214690 28.9076061082335940
466 7.4538059838252799 12.6985193435310091 28.4110609241798500
467 9.5455005248244689 12.7738201758088596 27.7437008678848436
468 11.6073662229799197 12.8691309967906928 26.9008274362158950
469 13.6311792556038256 12.9848010965897132 25.8763577920772825
470 -12.7752959381473818 14.1893307742828707 25.6798501917504183
471 -10.7096332341813234 14.1028272645383588 26.6535929873612432
472 -8.6081450764355463 14.0329265458562347 27.4404229359104761
473 -6.4791745744776472 13.9792952712038350 28.0463830208806186
474 -4.3302513119405912 13.9414602567959012 28.4760357051963453
475 -2.1683303809215202 13.9189707696404170 28.7325703004981499
476 -0.0000000000000956 13.9115117455828923 28.8178736369030020
477 2.1683303809215202 13.9189707696404170 28.7325703004981499
478 4.3302513119405912 13.9414602567959012 28.4760357051963453
479 6.4791745744776463 13.9792952712038367 28.0463830208806115
480 8.6081450764355463 14.0329265458562347 27.4404229359104761
481 10.7096332341813216 14.1028272645383570 26.6535929873612467
482 12.7752959381473818 14.1893307742828707 25.6798501917504183
483 -11.8867630938764179 15.3694288689126424 25.4260795128445274
484 -9.7796275867395881 15.3099726034281609 26.3431893123623340
485 -7.6391159332385685 15.2630946986457321 27.0680964971442535
486 -5.4736783269658522 15.2284822650508875 27.6067414497969139
487 -3.2909699351977704 15.2057183038857513 27.9634698803367030
488 -1.0981069060407744 15.1944397101879236 28.1411293859427367
489 1.0981069060407744 15.1944397101879236 28.1411293859427367
490 3.2909699351977704 15.2057183038857513 27.9634698803367030
491 5.4736783269658522 15.2284822650508875 27.6067414497969139
492 7.6391159332385694 15.2630946986457321 27.0680964971442570
493 9.7796275867395881 15.3099726034281609 26.3431893123623340
494 11.8867630938764179 15.3694288689126424 25.4260795128445274
495 -10.9657832903430172 16.5235615999687582 25.1142093023306536
496 -8.8176386316701141 16.4886554253757822 25.9687021474794655
497 -6.6387923427848019 16.4620231506779220 26.6257061881168866
498 -4.4377933643181580 16.4433801613149129 27.0909807671499543
499 -2.2224288869896993 16.4323752883796281 27.3685559031550696
500 -0.0000000000000277 16.4287400058645723 27.4608175737668994
501 2.2224288869896993 16.4323752883796281 27.3685559031550696
502 4.4377933643181580 16.4433801613149129 27.0909807671499543
503 6.6387923427848019 16.4620231506779220 26.6257061881168866
504 8.8176386316701141 16.4886554253757822 25.9687021474794655
505 10.9657832903430172 16.5235615999687617 25.1142093023306572
506 -10.0125181307331772 17.6500042136949915 24.7432178978056179
507 -7.8239216865229944 17.6367547100404742 25.5290252994708027
508 -5.6075296385008651 17.6271830807638779 26.1120284158578180
509 -3.3719866000477077 17.6210431061620021 26.4977083201525012
510 -1.1252268591467591 17.6180585804493717 26.6896586034986427
511 1.1252268591467589 17.6180585804493681 26.6896586034986356
512 3.3719866000477077 17.6210431061620021 26.4977083201525012
513 5.6075296385008651 17.6271830807638779 26.1120284158578180
514 7.8239216865229944 17.6367547100404742 25.5290252994708027
515 10.0125181307331772 17.6500042136949951 24.7432178978056179
516 -9.0271006458068968 18.7468168299908733 24.3118965256362465
517 -6.7987134184346889 18.7519149431393544 25.0228531910184664
518 -4.5456776701133128 18.7557916849673560 25.5256164037137943
519 -2.2767374086057779 18.7582501354300142 25.8252689943182361
520 -0.0000000000000349 18.7590954323986132 25.9248208973208101
521 2.2767374086057783 18.7582501354300142 25.8252689943182396
522 4.5456776701133128 18.7557916849673560 25.5256164037137943
523 6.7987134184346889 18.7519149431393544 25.0228531910184664
524 9.0271006458068968 18.7468168299908697 24.3118965256362465
525 -8.0096461424510625 19.8118195270854116 23.8188449698744975
526 -5.7422455791188494 19.8315192031987984 24.4486699393289548
527 -3.4535971345657188 19.8447821481369466 24.8647800779557393
528 -1.1525564470838869 19.8514701958515261 25.0717120416517183
529 1.1525564470838874 19.8514701958515261 25.0717120416517218
530 3.4535971345657188 19.8447821481369431 24.8647800779557393
531 5.7422455791188494 19.8315192031988019 24.4486699393289513
532 8.0096461424510625 19.8118195270854116 23.8188449698744975
533 -6.9602612932271084 20.8425656013709428 23.2624637964802297
534 -4.6547565714950840 20.8726588906310297 23.8047338169424734
535 -2.3316728208693780 20.8907680880604332 24.1275591502185520
536 -0.0000000000000495 20.8968184799352628 24.2347473148914077
537 2.3316728208693780 20.8907680880604296 24.1275591502185520
538 4.6547565714950840 20.8726588906310297 23.8047338169424734
539 6.9602612932271066 20.8425656013709357 23.2624637964802297
540 -5.8790514264504425 21.8363114842038328 22.6409420097746548
541 -3.5365003721258983 21.8720979769738726 23.0890557451708816
542 -1.1803225480644723 21.8899993970736055 23.3116873065560775
543 1.1803225480644723 21.8899993970736055 23.3116873065560775
544 3.5365003721258983 21.8720979769738726 23.0890557451708887
545 5.8790514264504425 21.8363114842038328 22.6409420097746548
546 -4.7661262949467202 22.7899812072523318 21.9522389909025648
547 -2.3877523853450899 22.8262287682299565 22.2993703670464605
548 -0.0000000000000420 22.8383049186916907 22.4145450197157210
549 2.3877523853450899 22.8262287682299565 22.2993703670464605
550 4.7661262949467202 22.7899812072523318 21.9522389909025648
551 -3.6216052113206478 23.7001225099320756 21.1940597504948585
552 -1.2088118168841191 23.7310148175076741 21.4330984629519321
553 1.2088118168841191 23.7310148175076741 21.4330984629519321
554 3.6216052113206478 23.7001225099320756 21.1940597504948585
555 -2.4456237013526314 24.5628505397850816 20.3638232675389830
556 -0.0000000000000101 24.5819143509758362 20.4873006235884638
557 2.4456237013526314 24.5628505397850780 20.3638232675389865
558 -1.2383466686822440 25.3737733546896962 19.4586259348650543
559 1.2383466686822440 25.3737733546896962 19.4586259348650543
560 0.0000000000000000 26.1278905896872367 18.4752086140680269
