0 -33.9411254969542853 -19.5959179422654266 27.7128129211020386
1 -32.6750825259704598 -20.3005663461309886 28.7093362505536547
2 -31.3855140617160835 -20.9678285879570048 29.6529875626027781
3 -30.0745359463432145 -21.5987830491453252 30.5452919188549004
4 -28.7440721709015534 -22.1944310960656850 31.3876654652109330
5 -27.3958834792340973 -22.7556994208207506 32.1814187422103331
6 -26.0315886407220169 -23.2834447110688636 32.9277632891581575
7 -24.6526808215981603 -23.7784589373685940 33.6278191215588933
8 -23.2605405630929383 -24.2414744650066218 34.2826219603334863
9 -21.8564463559286892 -24.6731686432205706 34.8931297219611594
10 -20.4415834913979921 -25.0741677453389791 35.4602280906765657
11 -19.0170516750249092 -25.4450502428891667 35.9847351487582685
12 -17.5838717605753629 -25.7863494502268757 36.4674051166027624
13 -16.1429918736837799 -26.0985556009407738 36.9089312891985912
14 -14.6952931301050569 -26.3821174271528172 37.3099482695997224
15 -13.2415951055179590 -26.6374433148873848 37.6710336028583725
16 -11.7826611756662061 -26.8649021067726927 37.9927089112235947
17 -10.3192038155968788 -27.0648236191813609 38.2754406254816857
18 -8.8518899212462170 -27.2374989357330719 38.5196404000359180
19 -7.3813461965243556 -27.3831805331122879 38.7256652908382648
20 -5.9081646310956595 -27.5020822889945151 38.8938177665968539
21 -4.4329080804517220 -27.5943794153222157 39.0243456144175127
22 -2.9561159474806238 -27.6602083536683949 39.1174417918235591
23 -1.4783099561351045 -27.6996666626974992 39.1732442675997490
24 0.0000000000000000 -27.7128129211020386 39.1918358845308532
25 1.4783099561351045 -27.6996666626974992 39.1732442675997490
26 2.9561159474806238 -27.6602083536683949 39.1174417918235591
27 4.4329080804517220 -27.5943794153222157 39.0243456144175127
28 5.9081646310956595 -27.5020822889945151 38.8938177665968539
29 7.3813461965243556 -27.3831805331122879 38.7256652908382648
30 8.8518899212462170 -27.2374989357330790 38.5196404000359180
31 10.3192038155968788 -27.0648236191813645 38.2754406254816857
32 11.7826611756662061 -26.8649021067726927 37.9927089112235947
33 13.2415951055179590 -26.6374433148873848 37.6710336028583725
34 14.6952931301050569 -26.3821174271528172 37.3099482695997224
35 16.1429918736837799 -26.0985556009407738 36.9089312891985912
36 17.5838717605753629 -25.7863494502268757 36.4674051166027624
37 19.0170516750249092 -25.4450502428891667 35.9847351487582685
38 20.4415834913979921 -25.0741677453389791 35.4602280906765657
39 21.8564463559286892 -24.6731686432205706 34.8931297219611594
40 23.2605405630929383 -24.2414744650066218 34.2826219603334863
41 24.6526808215981603 -23.7784589373685940 33.6278191215588933
42 26.0315886407220169 -23.2834447110688636 32.9277632891581575
43 27.3958834792340973 -22.7556994208207506 32.1814187422103331
44 28.7440721709015534 -22.1944310960656850 31.3876654652109330
45 30.0745359463432145 -21.5987830491453252 30.5452919188549004
46 31.3855140617160799 -20.9678285879570012 29.6529875626027710
47 32.6750825259704598 -20.3005663461309922 28.7093362505536547
48 33.9411254969542853 -19.5959179422654266 27.7128129211020386
49 -33.9183474299461096 -18.1471683651779294 28.7093362505536547
50 -32.6309445343125475 -18.8394846107969478 29.7371027236710290
51 -31.3187651299742065 -19.4944908900063574 30.7099295940738237
52 -29.9839749569261151 -20.1132759209362995 31.6293752311156489
53 -28.6285561308493328 -20.6968324788346223 32.4968752221789146
54 -27.2543315601220328 -21.2460701409050081 33.3137496355285876
55 -25.8629839040562999 -21.7618255778449310 34.0812119957312945
56 -24.4560706753033728 -22.2448708686348944 34.8003782617707316
57 -23.0350365624084397 -22.6959201760409286 35.4722750599857122
58 -21.6012237244872267 -23.1156350459492437 36.0978468890754485
59 -20.1558806011953280 -23.5046285463883962 36.6779622401062753
60 -18.7001696405357336 -23.8634684287067103 37.2134186815361545
61 -17.2351742486081498 -24.1926794677848065 37.7049470068469716
62 -15.7619051935424626 -24.4927451187102925 38.1532145594532182
63 -14.2813066419599100 -24.7641086108512809 38.5588278518457201
64 -12.7942619640894435 -25.0071735878174053 38.9223345900913600
65 -11.3015994104998683 -25.2223043895077090 39.2442252063613779
66 -9.8040977360779742 -25.4098260634901649 39.5249339911480035
67 -8.3024918251565385 -25.5700241821026815 39.7648399068812211
68 -6.7974783533021430 -25.7031445343782288 39.9642671530612716
69 -5.2897215068334207 -25.8093927514696553 40.1234855437626479
70 -3.7798587689503313 -25.8889339173775213 40.2427107475186148
71 -2.2685067721866110 -25.9418922064411319 40.3221044313653465
72 -0.7562672094355802 -25.9683505821840299 40.3617743409369325
73 0.7562672094355802 -25.9683505821840299 40.3617743409369325
74 2.2685067721866110 -25.9418922064411319 40.3221044313653465
75 3.7798587689503313 -25.8889339173775213 40.2427107475186148
76 5.2897215068334207 -25.8093927514696553 40.1234855437626479
77 6.7974783533021430 -25.7031445343782288 39.9642671530612716
78 8.3024918251565385 -25.5700241821026815 39.7648399068812211
79 9.8040977360779742 -25.4098260634901649 39.5249339911480035
80 11.3015994104998683 -25.2223043895077090 39.2442252063613779
81 12.7942619640894435 -25.0071735878174053 38.9223345900913600
82 14.2813066419599100 -24.7641086108512809 38.5588278518457201
83 15.7619051935424626 -24.4927451187102925 38.1532145594532182
84 17.2351742486081498 -24.1926794677848065 37.7049470068469716
85 18.7001696405357336 -23.8634684287067138 37.2134186815361545
86 20.1558806011953280 -23.5046285463883962 36.6779622401062753
87 21.6012237244872267 -23.1156350459492366 36.0978468890754485
88 23.0350365624084397 -22.6959201760409286 35.4722750599857122
89 24.4560706753033728 -22.2448708686348944 34.8003782617707316
90 25.8629839040562999 -21.7618255778449310 34.0812119957312945
91 27.2543315601220328 -21.2460701409050081 33.3137496355285876
92 28.6285561308493328 -20.6968324788346223 32.4968752221789146
93 29.9839749569261151 -20.1132759209362995 31.6293752311156489
94 31.3187651299742065 -19.4944908900063609 30.7099295940738237
95 32.6309445343124196 -18.8394846107971716 29.7371027236710290
96 33.9183474299461025 -18.1471683651779330 28.7093362505536511
97 -33.8514292502264098 -16.6967381943013429 29.6529875626027781
98 -32.5421069095769155 -17.3756007727127297 30.7099295940738237
99 -31.2068652716766302 -18.0172920651668278 31.7097579075258729
100 -29.8479207975743499 -18.6228950801971145 32.6540870779401757
101 -28.4673112159119093 -19.1933865727890804 33.5443900526436138
102 -27.0669175326885281 -19.7296561913664874 34.3820104393142287
103 -25.6484816399749356 -20.2325202661594190 35.1681747215194278
104 -24.2136206917699113 -20.7027319750783079 35.9040034225037701
105 -22.7638390831427202 -21.1409889063573040 36.5905208798407529
106 -21.3005386459642487 -21.5479386644969075 37.2286635900734808
107 -19.8250275199312860 -21.9241829591479238 37.8192872144329968
108 -18.3385280471725558 -22.2702804946754682 38.3631723890444576
109 -16.8421839571456289 -22.5867489029823503 38.8610294967502412
110 -15.3370670472028507 -22.8740659130914601 39.3135025531070212
111 -13.8241835161763635 -23.1326699181818825 39.7211723463384345
112 -12.3044800711690154 -23.3629600766392507 40.0845589552331845
113 -10.7788498971553821 -23.5652960660135804 40.4041237526037520
114 -9.2481385555254221 -23.7399975934489369 40.6802709863250911
115 -7.7131498575138249 -23.8873437538689615 40.9133490154501160
116 -6.1746517437018804 -24.0075723150802141 41.1036512657962518
117 -4.6333821875637184 -24.1008789983334246 41.2514169576229008
118 -3.0900551322048275 -24.1674168116040420 41.3568316476750084
119 -1.5453664612404017 -24.2072954825816318 41.4200276185259995
120 0.0000000000000000 -24.2205810276030817 41.4410841398401786
121 1.5453664612404017 -24.2072954825816318 41.4200276185259995
122 3.0900551322048275 -24.1674168116040420 41.3568316476750084
123 4.6333821875637184 -24.1008789983334246 41.2514169576229008
124 6.1746517437018804 -24.0075723150802141 41.1036512657962518
125 7.7131498575138249 -23.8873437538689615 40.9133490154501160
126 9.2481385555254221 -23.7399975934489404 40.6802709863250911
127 10.7788498971553857 -23.5652960660135840 40.4041237526037520
128 12.3044800711690154 -23.3629600766392507 40.0845589552331845
129 13.8241835161763635 -23.1326699181818825 39.7211723463384345
130 15.3370670472028507 -22.8740659130914601 39.3135025531070212
131 16.8421839571456289 -22.5867489029823503 38.8610294967502412
132 18.3385280471725558 -22.2702804946754682 38.3631723890444576
133 19.8250275199312860 -21.9241829591479238 37.8192872144329968
134 21.3005386459642487 -21.5479386644969075 37.2286635900734808
135 22.7638390831427202 -21.1409889063573040 36.5905208798407457
136 24.2136206917699113 -20.7027319750783079 35.9040034225037701
137 25.6484816399749356 -20.2325202661594190 35.1681747215194278
138 27.0669175326885281 -19.7296561913664874 34.3820104393142287
139 28.4673112159119022 -19.1933865727890769 33.5443900526436067
140 29.8479207975743499 -18.6228950801971145 32.6540870779401757
141 31.2068652716765804 -18.0172920651669131 31.7097579075258729
142 32.5421069095769155 -17.3756007727127297 30.7099295940738237
143 33.8514292502264027 -16.6967381943013429 29.6529875626027710
144 -33.7423627845601786 -15.2459206119888329 30.5452919188549004
145 -32.4105953793197443 -15.9102460586662815 31.6293752311156489
146 -31.0518606302501148 -16.5376101207467130 32.6540870779401757
147 -29.6684279591558955 -17.1290748686514718 33.6211120663268517
148 -28.2623902108618452 -17.6855928578039894 34.5319722118064476
149 -26.8356845442428700 -18.2080297176151298 35.3880444337396085
150 -25.3901094485211551 -18.6971797436595466 36.1905762847927619
151 -23.9273388524130723 -19.1537769062898917 36.9406995827891791
152 -22.4489340455336830 -19.5785026768145265 37.6394419878037780
153 -20.9563539539058183 -19.9719915409021738 38.2877367161960649
154 -19.4509641821393764 -20.3348347737551691 38.8864306295809214
155 -17.9340451384235848 -20.6675828802967203 39.4362909368902450
156 -16.4067994856947728 -20.9707469989877069 39.9380107283857413
157 -14.8703591057191087 -21.2447995027013867 40.3922135337613781
158 -13.3257917191443909 -21.4901739856853204 40.7994570689728278
159 -11.7741072694027942 -21.7072647963896408 41.1602363096717312
160 -10.2162641513233243 -21.8964262518816142 41.4749860058601669
161 -8.6531753430122187 -22.0579716530049801 41.7440827308292199
162 -7.0857144829154155 -22.1921722021609078 41.9678465401340262
163 -5.5147219201714179 -22.2992559134818045 42.1465423000301129
164 -3.9410107565614045 -22.3794065898748435 42.2803807326960310
165 -2.3653728902582074 -22.4327629303317977 42.3695192137173535
166 -0.7885850662159566 -22.4594178164906566 42.4140623489149320
167 0.7885850662159566 -22.4594178164906566 42.4140623489149320
168 2.3653728902582074 -22.4327629303317977 42.3695192137173535
169 3.9410107565614045 -22.3794065898748435 42.2803807326960310
170 5.5147219201714179 -22.2992559134818045 42.1465423000301129
171 7.0857144829154155 -22.1921722021609078 41.9678465401340262
172 8.6531753430122187 -22.0579716530049801 41.7440827308292199
173 10.2162641513233243 -21.8964262518816142 41.4749860058601669
174 11.7741072694027942 -21.7072647963896408 41.1602363096717312
175 13.3257917191443909 -21.4901739856853169 40.7994570689728278
176 14.8703591057191087 -21.2447995027013867 40.3922135337613781
177 16.4067994856947728 -20.9707469989877033 39.9380107283857413
178 17.9340451384235848 -20.6675828802967203 39.4362909368902450
179 19.4509641821393764 -20.3348347737551691 38.8864306295809214
180 20.9563539539058183 -19.9719915409021738 38.2877367161960649
181 22.4489340455336830 -19.5785026768145265 37.6394419878037780
182 23.9273388524130723 -19.1537769062898917 36.9406995827891791
183 25.3901094485211551 -18.6971797436595466 36.1905762847927619
184 26.8356845442428700 -18.2080297176151298 35.3880444337396085
185 28.2623902108618452 -17.6855928578039894 34.5319722118064476
186 29.6684279591557214 -17.1290748686517773 33.6211120663268517
187 31.0518606302501148 -16.5376101207467130 32.6540870779401757
188 32.4105953793197443 -15.9102460586662851 31.6293752311156489
189 33.7423627845601786 -15.2459206119888329 30.5452919188549004
190 -33.5929772371869646 -13.7958811601812226 31.3876654652109330
191 -32.2382607699663026 -14.4446406435669452 32.4968752221789146
192 -30.8556159646464430 -15.0567214040228450 33.5443900526436138
193 -29.4473678012778066 -15.6331514653730022 34.5319722118064476
194 -28.0156647407397728 -16.1748515795924064 35.4612000010240394
195 -26.5624993919127057 -16.6826591247941600 36.3334902064274488
196 -25.0897254959390459 -17.1573442059274015 37.1501172856527617
197 -23.5990721294214190 -17.5996206891706706 37.9122295074779458
198 -22.0921558041960289 -18.0101537584182694 38.6208624129661331
199 -20.5704909775892126 -18.3895649772380985 39.2769499947343022
200 -19.0354993651835862 -18.7384355033548999 39.8813339647096612
201 -17.4885183565702604 -19.0573079066649136 40.4347714355166445
202 -15.9308087639634355 -19.3466869240817445 40.9379412915157559
203 -14.3635620797114480 -19.6070394096115699 41.3914494789952201
204 -12.7879073758664568 -19.8387936899019337 41.7958334032923418
205 -11.2049179467027074 -20.0423385006174684 42.1515655846176927
206 -9.6156177685783266 -20.2180216544554021 42.4590566935792140
207 -8.0209878325300057 -20.3661485702015810 42.7186580618689575
208 -6.4219723888660658 -20.4869807754508173 42.9306637421662884
209 -4.8194851325978760 -20.5807344787017108 43.0953121739922764
210 -3.2144153491648670 -20.6475792918220833 43.2127874980424451
211 -1.6076340346987132 -20.6876371683099975 43.2832205502644811
212 0.0000000000000000 -20.7009816085823672 43.3066895576322608
213 1.6076340346987132 -20.6876371683099975 43.2832205502644811
214 3.2144153491648670 -20.6475792918220833 43.2127874980424451
215 4.8194851325978760 -20.5807344787017108 43.0953121739922764
216 6.4219723888660658 -20.4869807754508173 42.9306637421662884
217 8.0209878325300057 -20.3661485702015810 42.7186580618689575
218 9.6156177685783266 -20.2180216544554021 42.4590566935792140
219 11.2049179467027074 -20.0423385006174684 42.1515655846176927
220 12.7879073758664568 -19.8387936899019337 41.7958334032923418
221 14.3635620797114480 -19.6070394096115699 41.3914494789952201
222 15.9308087639634355 -19.3466869240817445 40.9379412915157559
223 17.4885183565702604 -19.0573079066649136 40.4347714355166445
224 19.0354993651835862 -18.7384355033548999 39.8813339647096612
225 20.5704909775892126 -18.3895649772380985 39.2769499947343022
226 22.0921558041960289 -18.0101537584182694 38.6208624129661331
227 23.5990721294214190 -17.5996206891706706 37.9122295074779458
228 25.0897254959390459 -17.1573442059273980 37.1501172856527617
229 26.5624993919127057 -16.6826591247941600 36.3334902064274488
230 28.0156647407397656 -16.1748515795924135 35.4612000010240394
231 29.4473678012778066 -15.6331514653730039 34.5319722118064476
232 30.8556159646464430 -15.0567214040228450 33.5443900526436138
233 32.2382607699663026 -14.4446406435669452 32.4968752221789146
234 33.5929772371869646 -13.7958811601812226 31.3876654652109330
235 -33.4049555189306560 -12.3476813417247619 32.1814187422103331
236 -32.0268022526707838 -12.9799084237771485 33.3137496355285876
237 -30.6198422360005793 -13.5758100897634364 34.3820104393142287
238 -29.1864585604381368 -14.1363696844521840 35.3880444337396085
239 -27.7288563007043685 -14.6624696990080281 36.3334902064274488
240 -26.2490835635898243 -15.1549154614189501 37.2198085624969721
241 -24.7490488410884453 -15.6144507755519246 38.0483049351647864
242 -23.2305355784945036 -16.0417683389179615 38.8201479298674386
243 -21.6952146373752193 -16.4375165909276681 39.5363846369543239
244 -20.1446551657336279 -16.8023040170697442 40.1979532808779183
245 -18.5803342640908298 -17.1367015848496038 40.8056936888281001
246 -17.0036457427416998 -17.4412437850425803 41.3603559787153685
247 -15.4159081950493970 -17.7164286285638681 41.8626077922865676
248 -13.8183725568282725 -17.9627168734588594 42.3130403351573392
249 -12.2122292807854418 -18.1805307044603452 42.7121734321458035
250 -10.5986152223457850 -18.3702520535098941 43.0604597613538758
251 -8.9786203095217640 -18.5322207209407459 43.3582883943517530
252 -7.3532940504566700 -18.6667324368314880 43.6059877395210691
253 -5.7236519193723856 -18.7740369805774208 43.8038279623799198
254 -4.0906816512765722 -18.8543364608798001 43.9520229369234841
255 -2.4553494693230449 -18.9077838390136925 44.0507317678222918
256 -0.8186062634971082 -18.9344817631688080 44.1000599109070563
257 0.8186062634971082 -18.9344817631688080 44.1000599109070563
258 2.4553494693230449 -18.9077838390136925 44.0507317678222918
259 4.0906816512765722 -18.8543364608798001 43.9520229369234841
260 5.7236519193723856 -18.7740369805774208 43.8038279623799198
261 7.3532940504566700 -18.6667324368314880 43.6059877395210691
262 8.9786203095217640 -18.5322207209407459 43.3582883943517530
263 10.5986152223457850 -18.3702520535098941 43.0604597613538758
264 12.2122292807854418 -18.1805307044603452 42.7121734321458035
265 13.8183725568282725 -17.9627168734588594 42.3130403351573392
266 15.4159081950493970 -17.7164286285638681 41.8626077922865676
267 17.0036457427416998 -17.4412437850425803 41.3603559787153685
268 18.5803342640908298 -17.1367015848496038 40.8056936888281001
269 20.1446551657336279 -16.8023040170697442 40.1979532808779183
270 21.6952146373752193 -16.4375165909276681 39.5363846369543239
271 23.2305355784945036 -16.0417683389179615 38.8201479298674315
272 24.7490488410884453 -15.6144507755519246 38.0483049351647864
273 26.2490835635892914 -15.1549154614198738 37.2198085624969721
274 27.7288563007043685 -14.6624696990080281 36.3334902064274488
275 29.1864585604381368 -14.1363696844521858 35.3880444337396085
276 30.6198422360005793 -13.5758100897634346 34.3820104393142287
277 32.0268022526707838 -12.9799084237771485 33.3137496355285805
278 33.4049555189306631 -12.3476813417247619 32.1814187422103331
279 -33.1798489277570710 -10.9022947081972603 32.9277632891581575
280 -31.7777857351678286 -11.5170882896583251 34.0812119957312945
281 -30.3461173530650150 -12.0959765356373463 35.1681747215194278
282 -28.8872873613935610 -12.6398899154568465 36.1905762847927619
283 -27.4035586917763965 -13.1496675504976324 37.1501172856527617
284 -25.8970354583138160 -13.6260796281084495 38.0483049351647864
285 -24.3696809589332268 -14.0698418617052425 38.8864783690476870
286 -22.8233328055907769 -14.4816247958961650 39.6658294116753467
287 -21.2597158895535472 -14.8620595949801402 40.3874196364502112
288 -19.6804537084665796 -15.2117413357982034 41.0521944280896207
289 -18.0870784504183924 -15.5312304819415079 41.6609946214108291
290 -16.4810401332952488 -15.8210530161465162 42.2145661778608456
291 -14.8637150238063374 -16.0816995883438132 42.7135682663171679
292 -13.2364135059666115 -16.3136239600219142 43.1585800367674750
293 -11.6003875261602101 -16.5172409765728325 43.5501063117500351
294 -9.9568377114199951 -16.6929242622375398 43.8885823690358663
295 -8.3069202331759993 -16.8410038059378948 44.1743779474939160
296 -6.6517534726681991 -16.9617635817810708 44.4078005752887108
297 -4.9924245309208448 -17.0554393283027643 44.5890982934353914
298 -3.3299956186845945 -17.1222165899528918 44.7184618275973804
299 -1.6655103549868135 -17.1622291060841512 44.7960262452788314
300 0.0000000000000000 -17.1755576130285412 44.8218721237917279
301 1.6655103549868135 -17.1622291060841512 44.7960262452788314
302 3.3299956186845945 -17.1222165899528918 44.7184618275973804
303 4.9924245309208448 -17.0554393283027643 44.5890982934353914
304 6.6517534726681991 -16.9617635817810708 44.4078005752887108
305 8.3069202331759993 -16.8410038059378948 44.1743779474939160
306 9.9568377114199951 -16.6929242622375398 43.8885823690358663
307 11.6003875261602101 -16.5172409765728325 43.5501063117500351
308 13.2364135059666115 -16.3136239600219142 43.1585800367674750
309 14.8637150238063374 -16.0816995883438132 42.7135682663171679
310 16.4810401332952488 -15.8210530161465162 42.2145661778608456
311 18.0870784504183924 -15.5312304819415079 41.6609946214108291
312 19.6804537084665796 -15.2117413357982034 41.0521944280896207
313 21.2597158895535472 -14.8620595949801402 40.3874196364502112
314 22.8233328055907769 -14.4816247958961650 39.6658294116753467
315 24.3696809589330989 -14.0698418617054717 38.8864783690477012
316 25.8970354583138160 -13.6260796281084495 38.0483049351647864
317 27.4035586917763965 -13.1496675504976324 37.1501172856527617
318 28.8872873613935610 -12.6398899154568465 36.1905762847927619
319 30.3461173530650150 -12.0959765356373463 35.1681747215194278
320 31.7777857351678286 -11.5170882896583251 34.0812119957312945
321 33.1798489277570710 -10.9022947081972603 32.9277632891581575
322 -32.9190899134054078 -9.4606183942091349 33.6278191215588933
323 -31.4926586137939211 -10.0571430472429277 34.8003782617707316
324 -30.0359021640431614 -10.6182446491341231 35.9040034225037701
325 -28.5513268054732983 -11.1447948380031647 36.9406995827891720
326 -27.0412546785026997 -11.6375856252349426 37.9122295074779458
327 -25.5078466923751037 -12.0973497850354903 38.8201479298674386
328 -23.9531213641161074 -12.5247736107202954 39.6658294116753467
329 -22.3789706504767700 -12.9205047292392319 40.4504910992042923
330 -20.7871735173325334 -13.2851565535058302 41.1752113839036653
331 -19.1794077957578786 -13.6193103602481003 41.8409452798961183
332 -17.5572607334857977 -13.9235156530037791 42.4485371643942173
333 -15.9222385467207044 -14.1982892799124283 42.9987313904171558
334 -14.2757752016294273 -14.4441136608107357 43.4921811702531613
335 -12.6192405970193953 -14.6614344074297751 43.9294560388718267
336 -10.9539482783007163 -14.8506575703935422 44.3110481352362697
337 -9.2811627807993773 -15.0121467136365805 44.6373774821567579
338 -7.6021066787053933 -15.1462199869108840 44.9087964006349694
339 -5.9179673989710357 -15.2531473451396025 45.1255931587849233
340 -4.2299038489608236 -15.3331480391476109 45.2879949284369445
341 -2.5390528985038943 -15.3863884832645148 45.3961701007988623
342 -0.8465357525688710 -15.4129805825109152 45.4502299970282309
343 0.8465357525688710 -15.4129805825109134 45.4502299970282237
344 2.5390528985038943 -15.3863884832645148 45.3961701007988623
345 4.2299038489608236 -15.3331480391476109 45.2879949284369445
346 5.9179673989710357 -15.2531473451396025 45.1255931587849233
347 7.6021066787053933 -15.1462199869108840 44.9087964006349694
348 9.2811627807993773 -15.0121467136365805 44.6373774821567579
349 10.9539482783007163 -14.8506575703935422 44.3110481352362697
350 12.6192405970193953 -14.6614344074297751 43.9294560388718267
351 14.2757752016294273 -14.4441136608107357 43.4921811702531613
352 15.9222385467207044 -14.1982892799124283 42.9987313904171558
353 17.5572607334857977 -13.9235156530037791 42.4485371643942173
354 19.1794077957578786 -13.6193103602481003 41.8409452798961183
355 20.7871735173325334 -13.2851565535058302 41.1752113839036653
356 22.3789706504765391 -12.9205047292396333 40.4504910992042923
357 23.9531213641161074 -12.5247736107202954 39.6658294116753467
358 25.5078466923751037 -12.0973497850354903 38.8201479298674315
359 27.0412546785026997 -11.6375856252349426 37.9122295074779387
360 28.5513268054732983 -11.1447948380031647 36.9406995827891720
361 30.0359021640431614 -10.6182446491341231 35.9040034225037701
362 31.4926586137939211 -10.0571430472429277 34.8003782617707316
363 32.9190899134054078 -9.4606183942091349 33.6278191215588933
364 -32.6240029934339901 -8.0234818008935633 34.2826219603334863
365 -31.1727617159194530 -8.6009667521286115 35.4722750599857193
366 -29.6905529956017737 -9.1435684804840083 36.5905208798407457
367 -28.1799477089498538 -9.6520958329062765 37.6394419878037780
368 -26.6433285829520194 -10.1272912715884615 38.6208624129661331
369 -25.0829142615591536 -10.5698487210590990 39.5363846369543239
370 -23.5007791065878351 -10.9804242401029839 40.3874196364502112
371 -21.8988698272556306 -11.3596420621321812 41.1752113839036653
372 -20.2790197260910183 -11.7080974977603418 41.9008569355299727
373 -18.6429611367445993 -12.0263576386050488 42.5653229989177575
374 -16.9923364787733249 -12.3149604929681491 43.1694596798336505
375 -15.3287082455325958 -12.5744130078914171 43.7140119530375770
376 -13.6535681605524850 -12.8051883256509704 44.1996292793249594
377 -11.9683456803345631 -13.0077225547258148 44.6268736930483954
378 -10.2744159773862496 -13.1824112910006033 44.9962266071115167
379 -8.5731075074282508 -13.3296060894153516 45.3080945214770523
380 -6.8657092414335192 -13.4496110600609970 45.5628137733522749
381 -5.1534776288110189 -13.5426797365896530 45.7606544302144869
382 -3.4376433464857215 -13.6090123428129139 45.9018233981562958
383 -1.7194178827925166 -13.6487535597554661 45.9864667963238603
384 0.0000000000000000 -13.6619908733581497 46.0146716317337052
385 1.7194178827925166 -13.6487535597554661 45.9864667963238603
386 3.4376433464857215 -13.6090123428129139 45.9018233981562958
387 5.1534776288110189 -13.5426797365896530 45.7606544302144869
388 6.8657092414335210 -13.4496110600610006 45.5628137733522749
389 8.5731075074282508 -13.3296060894153516 45.3080945214770523
390 10.2744159773862496 -13.1824112910006033 44.9962266071115167
391 11.9683456803345631 -13.0077225547258148 44.6268736930483954
392 13.6535681605524850 -12.8051883256509704 44.1996292793249594
393 15.3287082455325958 -12.5744130078914171 43.7140119530375770
394 16.9923364787733249 -12.3149604929681491 43.1694596798336505
395 18.6429611367445993 -12.0263576386050488 42.5653229989177575
396 20.2790197260909864 -11.7080974977604022 41.9008569355299656
397 21.8988698272556306 -11.3596420621321812 41.1752113839036653
398 23.5007791065878351 -10.9804242401029839 40.3874196364502112
399 25.0829142615591536 -10.5698487210590990 39.5363846369543239
400 26.6433285829520159 -10.1272912715884598 38.6208624129661260
401 28.1799477089498538 -9.6520958329062765 37.6394419878037780
402 29.6905529956017737 -9.1435684804840083 36.5905208798407457
403 31.1727617159194530 -8.6009667521286115 35.4722750599857193
404 32.6240029934339901 -8.0234818008935633 34.2826219603334863
405 -32.2958140148509898 -6.5916534590757827 34.8931297219611594
406 -30.8193390366455269 -7.1493909752624250 36.0978468890754485
407 -29.3113316056253765 -7.6728382494487759 37.2286635900734879
408 -27.7744290155421041 -8.1627391243298177 38.2877367161960649
409 -26.2110759236274049 -8.6197852662917995 39.2769499947343022
410 -24.6235497037585347 -9.0446311154678742 40.1979532808779183
411 -23.0139812868323581 -9.4379022016366196 41.0521944280896207
412 -21.3843726518783903 -9.8001992005435774 41.8409452798961183
413 -19.7366117984013059 -10.1320991268843148 42.5653229989177575
414 -18.0724858036611060 -10.4341545436694041 43.2263076821892227
415 -16.3936924078251742 -10.7068913855187660 43.8247569998547704
416 -14.7018504554360909 -10.9508058296085711 44.3614184271446064
417 -12.9985094387031115 -11.1663605519389364 44.8369395074646917
418 -11.2851583268661173 -11.3539806444601581 45.2518764811227285
419 -9.5632338237125261 -11.5140494249322991 45.6067015324855234
420 -7.8341281630597672 -11.6469043405328687 45.9018088446112387
421 -6.0991965311950844 -11.7528331365244370 46.1375196010673250
422 -4.3597641894424015 -11.8320704380974533 46.3140860361116964
423 -2.6171333607410636 -11.8847948671709780 46.4316946054886444
424 -0.8725899373016155 -11.9111267934561678 46.4904683275134403
425 0.8725899373016155 -11.9111267934561678 46.4904683275134403
426 2.6171333607410636 -11.8847948671709780 46.4316946054886444
427 4.3597641894424015 -11.8320704380974533 46.3140860361116964
428 6.0991965311950844 -11.7528331365244370 46.1375196010673250
429 7.8341281630597672 -11.6469043405328687 45.9018088446112387
430 9.5632338237125261 -11.5140494249322991 45.6067015324855234
431 11.2851583268661155 -11.3539806444601563 45.2518764811227285
432 12.9985094387031115 -11.1663605519389364 44.8369395074646917
433 14.7018504554360909 -10.9508058296085711 44.3614184271446064
434 16.3936924078251742 -10.7068913855187660 43.8247569998547704
435 18.0724858036610847 -10.4341545436694396 43.2263076821892227
436 19.7366117984013059 -10.1320991268843148 42.5653229989177575
437 21.3843726518783903 -9.8001992005435774 41.8409452798961183
438 23.0139812868323581 -9.4379022016366196 41.0521944280896207
439 24.6235497037585347 -9.0446311154678742 40.1979532808779183
440 26.2110759236274049 -8.6197852662917995 39.2769499947343022
441 27.7744290155421041 -8.1627391243298177 38.2877367161960649
442 29.3113316056253765 -7.6728382494487759 37.2286635900734879
443 30.8193390366455269 -7.1493909752624250 36.0978468890754485
444 32.2958140148509898 -6.5916534590757809 34.8931297219611594
445 -31.9356579919149368 -5.1658467244617734 35.4602280906765657
446 -30.4335457282869193 -5.7031903630869207 36.6779622401062753
447 -28.8994131598056327 -6.2068859834121408 37.8192872144329968
448 -27.3359655869008549 -6.6776117229563186 38.8864306295809214
449 -25.7457108556733800 -7.1160082722940929 39.8813339647096612
450 -24.1309860415982236 -7.5226906910842999 40.8056936888281001
451 -22.4939793746017713 -7.8982541773336532 41.6609946214108291
452 -20.8367486322344462 -8.2432759895638164 42.4485371643942173
453 -19.1612368728988187 -8.5583148137866374 43.1694596798336505
454 -17.4692861393326098 -8.8439083942453021 43.8247569998547704
455 -15.7626495948758389 -9.1005699867430270 44.4152958299902920
456 -14.0430024342595239 -9.3287840478188198 44.9418276310670564
457 -12.3119518250976974 -9.5290014830690790 45.4049994272892903
458 -10.5710460748574775 -9.7016347232321003 45.8053628801281079
459 -8.8217831727906333 -9.8470528560532244 46.1433818841051391
460 -7.0656188267857827 -9.9655770102304864 46.4194388747616813
461 -5.3039740920428482 -10.0574761614334935 46.6338399887156569
462 -3.5382426748960332 -10.1229635031811362 46.7868191768451780
463 -1.7697979845359844 -10.1621935008179349 46.8785413419174830
464 0.0000000000000000 -10.1752597206801880 46.9091045492951579
465 1.7697979845359844 -10.1621935008179349 46.8785413419174830
466 3.5382426748960332 -10.1229635031811362 46.7868191768451780
467 5.3039740920428482 -10.0574761614334935 46.6338399887156569
468 7.0656188267857827 -9.9655770102304864 46.4194388747616813
469 8.8217831727906315 -9.8470528560532227 46.1433818841051320
470 10.5710460748574775 -9.7016347232321003 45.8053628801281079
471 12.3119518250976974 -9.5290014830690790 45.4049994272892903
472 14.0430024342595239 -9.3287840478188198 44.9418276310670564
473 15.7626495948755903 -9.1005699867434515 44.4152958299902920
474 17.4692861393326098 -8.8439083942453021 43.8247569998547704
475 19.1612368728988187 -8.5583148137866374 43.1694596798336505
476 20.8367486322344462 -8.2432759895638164 42.4485371643942173
477 22.4939793746017713 -7.8982541773336532 41.6609946214108291
478 24.1309860415982236 -7.5226906910842999 40.8056936888281001
479 25.7457108556733800 -7.1160082722940929 39.8813339647096612
480 27.3359655869008549 -6.6776117229563186 38.8864306295809214
481 28.8994131598056327 -6.2068859834121417 37.8192872144329968
482 30.4335457282869193 -5.7031903630869207 36.6779622401062753
483 31.9356579919149368 -5.1658467244617734 35.4602280906765657
484 -31.5445857484258738 -3.7467247342084002 35.9847351487582685
485 -30.0164547019357997 -4.2630877494290997 37.2134186815361545
486 -28.4558926813803055 -4.7464909095271333 38.3631723890444576
487 -26.8656743783691105 -5.1975472423432709 39.4362909368902450
488 -25.2483719531989834 -5.6168472180078659 40.4347714355166374
489 -23.6063830628151869 -6.0049672776441367 41.3603559787153685
490 -21.9419538932509219 -6.3624729281512993 42.2145661778608456
491 -20.2571984800447780 -6.6899184266197356 42.9987313904171558
492 -18.5541152252777586 -6.9878442438855117 43.7140119530375841
493 -16.8346012680697896 -7.2567730622431901 44.3614184271446064
494 -15.1004651889598875 -7.4972048295660469 44.9418276310670564
495 -13.3534384054534545 -7.7096112579951903 45.4559960511520984
496 -11.5951855265763033 -7.8944300780594645 45.9045710833562381
497 -9.8273138719185233 -8.0520593059744225 46.2881004470465314
498 -8.0513823162815026 -8.1828517465236086 46.6070400271405916
499 -6.2689095887317965 -8.2871099230183951 46.8617603349694605
500 -4.4813821346027449 -8.3650815979581221 47.0525517270122720
501 -2.6902616334168727 -8.4169560226044204 47.1796284815523848
502 -0.8969922566938360 -8.4428610256782868 47.2431318033903622
503 0.8969922566938360 -8.4428610256782868 47.2431318033903622
504 2.6902616334168727 -8.4169560226044204 47.1796284815523848
505 4.4813821346027458 -8.3650815979581239 47.0525517270122791
506 6.2689095887317965 -8.2871099230183951 46.8617603349694605
507 8.0513823162815026 -8.1828517465236086 46.6070400271405916
508 9.8273138719185233 -8.0520593059744225 46.2881004470465314
509 11.5951855265763033 -7.8944300780594645 45.9045710833562381
510 13.3534384054530637 -7.7096112579958627 45.4559960511520984
511 15.1004651889598875 -7.4972048295660469 44.9418276310670564
512 16.8346012680697896 -7.2567730622431901 44.3614184271446064
513 18.5541152252777586 -6.9878442438855117 43.7140119530375841
514 20.2571984800447780 -6.6899184266197356 42.9987313904171558
515 21.9419538932509219 -6.3624729281512993 42.2145661778608456
516 23.6063830628151869 -6.0049672776441367 41.3603559787153685
517 25.2483719531989834 -5.6168472180078668 40.4347714355166374
518 26.8656743783691105 -5.1975472423432718 39.4362909368902450
519 28.4558926813803055 -4.7464909095271341 38.3631723890444576
520 30.0164547019357997 -4.2630877494290988 37.2134186815361545
521 31.5445857484258738 -3.7467247342084002 35.9847351487582685
522 -31.1235695750470462 -2.3349049164326319 36.4674051166027624
523 -29.5690621290199154 -2.8297590040536273 37.7049470068469716
524 -27.9817903174558253 -3.2923847106076658 38.8610294967502412
525 -26.3645993803070162 -3.7233316499152815 39.9380107283857413
526 -24.7201267373007312 -4.1231416303832349 40.9379412915157559
527 -23.0508313541949121 -4.4923538050395520 41.8626077922865676
528 -21.3590178914386613 -4.8315050110568025 42.7135682663171679
529 -19.6468569662266539 -5.1411271529216345 43.4921811702531613
530 -17.9164024705339031 -5.4217427165153333 44.1996292793249594
531 -16.1696066251471038 -5.6738591092792303 44.8369395074646917
532 -14.4083332695862651 -5.8979623091702500 45.4049994272892903
533 -12.6343697592876172 -6.0945101885789912 45.9045710833562381
534 -10.8494377521853469 -6.2639258067799268 46.3363025493900693
535 -9.0552031018753052 -6.4065909200408209 46.7007375698397169
536 -7.2532850300052747 -6.5228399219888145 46.9983235405861137
537 -5.4452647194271266 -6.6129543994974007 47.2294180172223861
538 -3.6326934469352818 -6.6771584606391672 47.3942938887384315
539 -1.8171003610794780 -6.7156149642389398 47.4931433149023690
540 0.0000000000000000 -6.7284227530931648 47.5260804954043934
541 1.8171003610794780 -6.7156149642389398 47.4931433149023690
542 3.6326934469352814 -6.6771584606391672 47.3942938887384315
543 5.4452647194271266 -6.6129543994974007 47.2294180172223861
544 7.2532850300052747 -6.5228399219888145 46.9983235405861137
545 9.0552031018753052 -6.4065909200408209 46.7007375698397169
546 10.8494377521850272 -6.2639258067804846 46.3363025493900693
547 12.6343697592876172 -6.0945101885789912 45.9045710833562381
548 14.4083332695862651 -5.8979623091702500 45.4049994272892903
549 16.1696066251471038 -5.6738591092792303 44.8369395074646917
550 17.9164024705339031 -5.4217427165153333 44.1996292793249594
551 19.6468569662266539 -5.1411271529216354 43.4921811702531613
552 21.3590178914386613 -4.8315050110568016 42.7135682663171679
553 23.0508313541949157 -4.4923538050395537 41.8626077922865676
554 24.7201267373007312 -4.1231416303832358 40.9379412915157559
555 26.3645993803070162 -3.7233316499152815 39.9380107283857413
556 27.9817903174558253 -3.2923847106076649 38.8610294967502412
557 29.5690621290199154 -2.8297590040536278 37.7049470068469716
558 31.1235695750470462 -2.3349049164326323 36.4674051166027624
559 -30.6735080893372469 -0.9309632552255190 36.9089312891985912
560 -29.0922920779916474 -1.4038377502945034 38.1532145594532039
561 -27.4780556921783194 -1.8452567258771249 39.3135025531070212
562 -25.8337156205059664 -2.2557089975993025 40.3922135337613781
563 -24.1619752615819898 -2.6356899450591729 41.3914494789952201
564 -22.4653554118168941 -2.9857032364415805 42.3130403351573392
565 -20.7462195301487782 -3.3062583711515723 43.1585800367674750
566 -19.0067949512631316 -3.5978657297718128 43.9294560388718267
567 -17.2491910179396513 -3.8610301230805759 44.6268736930483954
568 -15.4754148356123693 -4.0962434745654690 45.2518764811227356
569 -13.6873851659849475 -4.3039770837863021 45.8053628801281079
570 -11.8869448477120088 -4.4846738110574424 46.2881004470465314
571 -10.0758720393477219 -4.6387404626312536 46.7007375698397169
572 -8.2558905161034470 -4.7665406118723022 47.0438132210972597
573 -6.4286792054649737 -4.8683880610777193 47.3177649658136161
574 -4.5958811157223582 -4.9445411187083215 47.5229354090795795
575 -2.7591117897163540 -4.9951978403283404 47.6595772187272715
576 -0.9199674008139577 -5.0204923528541734 47.7278568188052290
577 0.9199674008139577 -5.0204923528541734 47.7278568188052290
578 2.7591117897163540 -4.9951978403283404 47.6595772187272715
579 4.5958811157223591 -4.9445411187083224 47.5229354090795795
580 6.4286792054649737 -4.8683880610777193 47.3177649658136161
581 8.2558905161033600 -4.7665406118724558 47.0438132210972597
582 10.0758720393477219 -4.6387404626312536 46.7007375698397169
583 11.8869448477120088 -4.4846738110574424 46.2881004470465314
584 13.6873851659849475 -4.3039770837863021 45.8053628801281079
585 15.4754148356123693 -4.0962434745654690 45.2518764811227356
586 17.2491910179396513 -3.8610301230805750 44.6268736930483954
587 19.0067949512631316 -3.5978657297718128 43.9294560388718267
588 20.7462195301487782 -3.3062583711515741 43.1585800367674750
589 22.4653554118168941 -2.9857032364415819 42.3130403351573392
590 24.1619752615819898 -2.6356899450591738 41.3914494789952201
591 25.8337156205059664 -2.2557089975993021 40.3922135337613781
592 27.4780556921783194 -1.8452567258771244 39.3135025531070212
593 29.0922920779916474 -1.4038377502945045 38.1532145594532039
594 30.6735080893372469 -0.9309632552255198 36.9089312891985912
595 -30.1952304625910202 0.4645615468464903 37.3099482695997224
596 -28.5870004800541295 0.0140799542529231 38.5588278518457201
597 -26.9455715645937843 -0.4057591524958779 39.7211723463384345
598 -25.2739324629231596 -0.7953871614766929 40.7994570689728278
599 -23.5748530038267248 -1.1552558037917808 41.7958334032923347
600 -21.8509160847383761 -1.4858354417701831 42.7121734321458035
601 -20.1045440492214667 -1.7876098031124488 43.5501063117500351
602 -18.3380208580148540 -2.0610686955524611 44.3110481352362697
603 -16.5535110498344658 -2.3066995999649125 44.9962266071115167
604 -14.7530762142772396 -2.5249787211994921 45.6067015324855234
605 -12.9386895121455190 -2.7163619062881614 46.1433818841051391
606 -11.1122486460320591 -2.8812757482187719 46.6070400271405916
607 -9.2755875922642570 -3.0201091358795380 46.9983235405861137
608 -7.4304873391066604 -3.1332054741745701 47.3177649658136161
609 -5.5786858310240612 -3.2208557662660620 47.5657897288759628
610 -3.7218872863295718 -3.2832927232286337 47.7427224184110912
611 -1.8617710339041555 -3.3206860374222575 47.8487915506565855
612 0.0000000000000000 -3.3331389281550727 47.8841329135823202
613 1.8617710339041555 -3.3206860374222575 47.8487915506565855
614 3.7218872863295718 -3.2832927232286337 47.7427224184110912
615 5.5786858310240346 -3.2208557662661077 47.5657897288759699
616 7.4304873391066586 -3.1332054741745696 47.3177649658136161
617 9.2755875922642570 -3.0201091358795380 46.9983235405861137
618 11.1122486460320591 -2.8812757482187719 46.6070400271405916
619 12.9386895121455190 -2.7163619062881614 46.1433818841051391
620 14.7530762142772396 -2.5249787211994921 45.6067015324855234
621 16.5535110498344658 -2.3066995999649120 44.9962266071115096
622 18.3380208580148540 -2.0610686955524620 44.3110481352362697
623 20.1045440492214667 -1.7876098031124481 43.5501063117500351
624 21.8509160847383761 -1.4858354417701831 42.7121734321458035
625 23.5748530038267248 -1.1552558037917808 41.7958334032923347
626 25.2739324629231596 -0.7953871614766925 40.7994570689728278
627 26.9455715645937843 -0.4057591524958769 39.7211723463384274
628 28.5870004800541295 0.0140799542529226 38.5588278518457201
629 30.1952304625910202 0.4645615468464891 37.3099482695997224
630 -29.6895001553194220 1.8511639094374575 37.6710336028583654
631 -28.0539785859418416 1.4234309103342544 38.9223345900913600
632 -26.3851569695557338 1.0254877163279041 40.0845589552331845
633 -24.6860963950504733 0.6569563960089713 41.1602363096717312
634 -22.9596332661329967 0.3174256611440137 42.1515655846176927
635 -21.2084125634357115 0.0064559992670383 43.0604597613538758
636 -19.4349153302573185 -0.2764122683298592 43.8885823690358663
637 -17.6414818097480435 -0.5316493880125892 44.6373774821567579
638 -15.8303312495875694 -0.7597258461002760 45.3080945214770523
639 -14.0035791158785958 -0.9611018354464451 45.9018088446112387
640 -12.1632522676226689 -1.1362168923388429 46.4194388747616813
641 -10.3113025116539347 -1.2854799963603956 46.8617603349694605
642 -8.4496188637463820 -1.4092603776063335 47.2294180172223861
643 -6.5800387767193120 -1.5078792396345726 47.5229354090795795
644 -4.7043585495413742 -1.5816025783694170 47.7427224184110912
645 -2.8243430998555685 -1.6306352489851588 47.8890813728877660
646 -0.9417352597594091 -1.6551164051404281 47.9622114209297195
647 0.9417352597594091 -1.6551164051404281 47.9622114209297195
648 2.8243430998552954 -1.6306352489856331 47.8890813728877660
649 4.7043585495413742 -1.5816025783694170 47.7427224184110912
650 6.5800387767193129 -1.5078792396345728 47.5229354090795795
651 8.4496188637463820 -1.4092603776063335 47.2294180172223861
652 10.3113025116539347 -1.2854799963603956 46.8617603349694605
653 12.1632522676226689 -1.1362168923388429 46.4194388747616813
654 14.0035791158785958 -0.9611018354464451 45.9018088446112387
655 15.8303312495875694 -0.7597258461002746 45.3080945214770523
656 17.6414818097480470 -0.5316493880125893 44.6373774821567579
657 19.4349153302573185 -0.2764122683298577 43.8885823690358663
658 21.2084125634357079 0.0064559992670383 43.0604597613538616
659 22.9596332661329967 0.3174256611440144 42.1515655846176927
660 24.6860963950504733 0.6569563960089723 41.1602363096717312
661 26.3851569695557338 1.0254877163279028 40.0845589552331845
662 28.0539785859418416 1.4234309103342548 38.9223345900913600
663 29.6895001553194291 1.8511639094374586 37.6710336028583654
664 -29.1570182824803439 3.2283671510747931 37.9927089112235947
665 -27.4939560485473713 2.8236800018657329 39.2442252063613779
666 -25.7975699894469486 2.4478901984909460 40.4041237526037520
667 -24.0709934618836208 2.1006688391225437 41.4749860058601669
668 -22.3171292513114281 1.7816415665578365 42.4590566935792140
669 -20.5386840876359358 1.4903970814896299 43.3582883943517530
670 -18.7381972377606338 1.2264979538275809 44.1743779474939160
671 -16.9180646193251292 0.9894924874172277 44.9087964006349694
672 -15.0805594697497405 0.7789269119514874 45.5628137733522749
673 -13.2278503282672499 0.5943574295733476 46.1375196010673250
674 -11.3620168997792312 0.4353617759931378 46.6338399887156569
675 -9.4850642358628328 0.3015500263473437 47.0525517270122720
676 -7.5989355754753571 0.1925744211123736 47.3942938887384315
677 -5.7055241215116856 0.1081380183886576 47.6595772187272715
678 -3.8066839833520363 0.0480020073201108 47.8487915506565855
679 -1.9042404829516921 0.0119915439790317 47.9622114209297195
680 -0.0000000000000062 -0.0000000000000046 48.0000000000000071
681 1.9042404829516921 0.0119915439790317 47.9622114209297195
682 3.8066839833520363 0.0480020073201108 47.8487915506565855
683 5.7055241215116856 0.1081380183886576 47.6595772187272715
684 7.5989355754753571 0.1925744211123736 47.3942938887384315
685 9.4850642358628345 0.3015500263473452 47.0525517270122791
686 11.3620168997792312 0.4353617759931378 46.6338399887156569
687 13.2278503282672482 0.5943574295733475 46.1375196010673179
688 15.0805594697497423 0.7789269119514860 45.5628137733522678
689 16.9180646193251292 0.9894924874172270 44.9087964006349694
690 18.7381972377606338 1.2264979538275802 44.1743779474939160
691 20.5386840876359358 1.4903970814896299 43.3582883943517530
692 22.3171292513114281 1.7816415665578371 42.4590566935792140
693 24.0709934618836208 2.1006688391225428 41.4749860058601669
694 25.7975699894469486 2.4478901984909451 40.4041237526037520
695 27.4939560485473713 2.8236800018657342 39.2442252063613779
696 29.1570182824803439 3.2283671510747936 37.9927089112235947
697 -28.5984267109545947 4.5957191584544752 38.2754406254816857
698 -26.9076037447654102 4.2143153311160493 39.5249339911480035
699 -25.1835102794709265 3.8608758699211307 40.6802709863250911
700 -23.4293514789654509 3.5351161560527848 41.7440827308292199
701 -21.6480959553076957 3.2366950586839223 42.7186580618689575
702 -19.8425115211714029 2.9652267692232921 43.6059877395210691
703 -18.0151948911422366 2.7202943038485179 44.4078005752887108
704 -16.1685967880435797 2.5014635662927662 45.1255931587849233
705 -14.3050435016088997 2.3082973239096938 45.7606544302144869
706 -12.4267556734804661 2.1403686764819345 46.3140860361116964
707 -10.5358648927855949 1.9972737103763973 46.7868191768451780
708 -8.6344285548202908 1.8786430939365781 47.1796284815523848
709 -6.7244433416055873 1.7841524081987696 47.4931433149023690
710 -4.8078576174842009 1.7135310366686571 47.7278568188052290
711 -2.8865829861251298 1.6665694640775364 47.8841329135823202
712 -0.9625052231922832 1.6431248611613964 47.9622114209297195
713 0.9625052231922832 1.6431248611613964 47.9622114209297195
714 2.8865829861251298 1.6665694640775364 47.8841329135823202
715 4.8078576174842009 1.7135310366686571 47.7278568188052290
716 6.7244433416055873 1.7841524081987681 47.4931433149023690
717 8.6344285548202873 1.8786430939365790 47.1796284815523848
718 10.5358648927855949 1.9972737103763973 46.7868191768451780
719 12.4267556734804696 2.1403686764819354 46.3140860361116964
720 14.3050435016089015 2.3082973239096924 45.7606544302144869
721 16.1685967880435797 2.5014635662927680 45.1255931587849233
722 18.0151948911422366 2.7202943038485166 44.4078005752887108
723 19.8425115211714029 2.9652267692232934 43.6059877395210691
724 21.6480959553076957 3.2366950586839227 42.7186580618689575
725 23.4293514789654509 3.5351161560527835 41.7440827308292199
726 25.1835102794709265 3.8608758699211299 40.6802709863250911
727 26.9076037447654102 4.2143153311160484 39.5249339911480035
728 28.5984267109545947 4.5957191584544761 38.2754406254816786
729 -28.0143109745195602 5.9527879245638786 38.5196404000359180
730 -26.2955364296616061 5.5948432557531511 39.7648399068812211
731 -24.5436214485389641 5.2638881571311833 40.9133490154501018
732 -22.7618421336879031 4.9596773549123840 41.9678465401340262
733 -20.9532319928168640 4.6818991565651560 42.9306637421662884
734 -19.1206189164547382 4.4301905256926633 43.8038279623799198
735 -17.2666559964748210 4.2041531938973220 44.5890982934353914
736 -15.3938476463697942 4.0033698308081558 45.2879949284369445
737 -13.5045720825348212 3.8274197041992677 45.9018233981562958
738 -11.6011009541075030 3.6758934580919820 46.4316946054886444
739 -9.6856167221494402 3.5484067362343081 46.8785413419174830
740 -7.7602282572058554 3.4446124315443494 47.2431318033903622
741 -5.8269850315799143 3.3642113765465842 47.5260804954043934
742 -3.8878902166702431 3.3069613161855163 47.7278568188052290
743 -1.9449129494478807 3.2726840301021465 47.8487915506565855
744 -0.0000000000002732 3.2612704979707900 47.8890813728877660
745 1.9449129494478807 3.2726840301021465 47.8487915506565855
746 3.8878902166702431 3.3069613161855163 47.7278568188052290
747 5.8269850315799143 3.3642113765465824 47.5260804954043934
748 7.7602282572058563 3.4446124315443498 47.2431318033903693
749 9.6856167221494402 3.5484067362343068 46.8785413419174830
750 11.6011009541075030 3.6758934580919833 46.4316946054886444
751 13.5045720825348212 3.8274197041992677 45.9018233981562958
752 15.3938476463697942 4.0033698308081558 45.2879949284369445
753 17.2666559964748210 4.2041531938973211 44.5890982934353914
754 19.1206189164547382 4.4301905256926641 43.8038279623799198
755 20.9532319928168675 4.6818991565651560 42.9306637421662813
756 22.7618421336879031 4.9596773549123849 41.9678465401340262
757 24.5436214485389677 5.2638881571311842 40.9133490154501089
758 26.2955364296616061 5.5948432557531511 39.7648399068812211
759 28.0143109745195602 5.9527879245638786 38.5196404000359180
760 -27.4052030763529295 7.2991569462384103 38.7256652908382648
761 -25.6583153005657607 6.9647833315546439 39.9642671530612716
762 -23.8784933799023946 6.6563808879723974 41.1036512657962518
763 -22.0690830666513200 6.3737386790655552 42.1465423000301200
764 -20.2331814533969059 6.1165706813596792 43.0953121739922764
765 -18.3736751722593752 5.8845340016395093 43.9520229369234841
766 -16.4932723453408663 5.6772474947047051 44.7184618275973804
767 -14.5945297482553329 5.4943099299753735 45.3961701007988623
768 -12.6798762541377776 5.3353172136581550 45.9864667963238603
769 -10.7516333594813318 5.1998783439382166 46.4904683275134403
770 -8.8120334082135940 5.0876298603400922 46.9091045492951579
771 -6.8632360005120194 4.9982485941339370 47.2431318033903622
772 -4.9073429805261091 4.9314625560401701 47.4931433149023690
773 -2.9464123317953321 4.8870598219396806 47.6595772187272715
774 -0.9824712632118021 4.8648953015980512 47.7427224184110912
775 0.9824712632118021 4.8648953015980521 47.7427224184110912
776 2.9464123317953321 4.8870598219396832 47.6595772187272715
777 4.9073429805261091 4.9314625560401746 47.4931433149023690
778 6.8632360005120203 4.9982485941339378 47.2431318033903693
779 8.8120334082135940 5.0876298603400940 46.9091045492951579
780 10.7516333594813318 5.1998783439382157 46.4904683275134403
781 12.6798762541377776 5.3353172136581533 45.9864667963238531
782 14.5945297482553329 5.4943099299753717 45.3961701007988623
783 16.4932723453408663 5.6772474947047060 44.7184618275973804
784 18.3736751722593787 5.8845340016395111 43.9520229369234769
785 20.2331814533969059 6.1165706813596801 43.0953121739922764
786 22.0690830666513200 6.3737386790655552 42.1465423000301200
787 23.8784933799023946 6.6563808879723974 41.1036512657962518
788 25.6583153005657607 6.9647833315546439 39.9642671530612716
789 27.4052030763529295 7.2991569462384129 38.7256652908382648
790 -26.7715842347871593 8.6344204842277019 38.8938177665968539
791 -24.9964505324393862 8.3236631718721892 40.1234855437626479
792 -23.1886645598734589 8.0378128192942153 41.2514169576229008
793 -21.3516400067331951 7.7766878631675169 42.2803807326960310
794 -19.4885358679538712 7.5400242952196361 43.2127874980424451
795 -17.6022958685122362 7.3274969039044482 44.0507317678222918
796 -15.6956815689309792 7.1387402753574554 44.7960262452788385
797 -13.7713006087751655 6.9733688243190413 45.4502299970282309
798 -11.8316311625993080 6.8309954366790739 46.0146716317337052
799 -9.8790434221797163 6.7112484495179503 46.4904683275134403
800 -7.9158187376134554 6.6137867645836277 46.8785413419174830
801 -5.9441669214034176 6.5383129286678381 47.1796284815523848
802 -3.9662421285400744 6.4845840395267933 47.3942938887384315
803 -1.9841576609969540 6.4524203583428950 47.5229354090795795
804 -0.0000000000000274 6.4417115325321683 47.5657897288759699
805 1.9841576609969540 6.4524203583428932 47.5229354090795795
806 3.9662421285400753 6.4845840395267942 47.3942938887384315
807 5.9441669214034158 6.5383129286678363 47.1796284815523848
808 7.9158187376134554 6.6137867645836259 46.8785413419174830
809 9.8790434221797163 6.7112484495179512 46.4904683275134403
810 11.8316311625993080 6.8309954366790748 46.0146716317337052
811 13.7713006087751637 6.9733688243190404 45.4502299970282237
812 15.6956815689309792 7.1387402753574554 44.7960262452788385
813 17.6022958685122362 7.3274969039044482 44.0507317678222918
814 19.4885358679538712 7.5400242952196361 43.2127874980424451
815 21.3516400067331915 7.7766878631675160 42.2803807326960310
816 23.1886645598734589 8.0378128192942153 41.2514169576229008
817 24.9964505324393862 8.3236631718721874 40.1234855437626479
818 26.7715842347871593 8.6344204842277001 38.8938177665968539
819 -26.1138876155612891 9.9581786973486075 39.0243456144175127
820 -24.3104038338206792 9.6710132420603969 40.2427107475186077
821 -22.4746244687986412 9.4076421622181616 41.3568316476750084
822 -20.6100290198702858 9.1679084527792725 42.3695192137173464
823 -18.7198363493809836 8.9515666701174403 43.2832205502644811
824 -16.8070453461459124 8.7583070616988508 44.1000599109070492
825 -14.8744692170459327 8.5877788065142706 44.8218721237917279
826 -12.9247648562062913 8.4396117581918730 45.4502299970282237
827 -10.9604583713452595 8.3134363460973084 45.9864667963238531
828 -8.9839675933664385 8.2089014090789920 46.4316946054886444
829 -6.9976222178895622 8.1256897928047387 46.7868191768451780
830 -5.0036821012600878 8.0635315716107794 47.0525517270122720
831 -3.0043541443192563 8.0222147771037378 47.2294180172223861
832 -1.0018081336416857 8.0015935352522867 47.3177649658136161
833 1.0018081336416857 8.0015935352522884 47.3177649658136161
834 3.0043541443192563 8.0222147771037324 47.2294180172223861
835 5.0036821012600878 8.0635315716107794 47.0525517270122720
836 6.9976222178895622 8.1256897928047369 46.7868191768451780
837 8.9839675933664385 8.2089014090789938 46.4316946054886444
838 10.9604583713452577 8.3134363460973084 45.9864667963238460
839 12.9247648562062913 8.4396117581918730 45.4502299970282237
840 14.8744692170459327 8.5877788065142706 44.8218721237917279
841 16.8070453461459124 8.7583070616988508 44.1000599109070492
842 18.7198363493809836 8.9515666701174421 43.2832205502644811
843 20.6100290198702822 9.1679084527792707 42.3695192137173393
844 22.4746244687986412 9.4076421622181616 41.3568316476750084
845 24.3104038338206792 9.6710132420603951 40.2427107475186077
846 26.1138876155612891 9.9581786973486057 39.0243456144175127
847 -25.4325010819876880 11.2700326697836744 39.1174417918235591
848 -23.6005910591088721 11.0063616098499217 40.3221044313653465
849 -21.7368160754521753 10.7653211277001652 41.4200276185259995
850 -19.8447189163977207 10.5467742078572773 42.4140623489149320
851 -17.9275759563067858 10.3504908042911836 43.3066895576322608
852 -15.9884390826488030 10.1761747014699555 44.1000599109070563
853 -14.0301712139441630 10.0234888307266932 44.7960262452788385
854 -12.0554768497514377 9.8920785532891387 45.3961701007988623
855 -10.0669287360491015 9.7815926386136436 45.9018233981562958
856 -8.0669914840380645 9.6917017616155192 46.3140860361116964
857 -6.0580428077363848 9.6221143854403550 46.6338399887156569
858 -4.0423929229221383 9.5725899193787907 46.8617603349694605
859 -2.0223025622589819 9.5429490578683502 46.9983235405861137
860 -0.0000000000000874 9.5330812237447571 47.0438132210972597
861 2.0223025622589819 9.5429490578683520 46.9983235405861137
862 4.0423929229221383 9.5725899193787924 46.8617603349694605
863 6.0580428077363848 9.6221143854403550 46.6338399887156569
864 8.0669914840380663 9.6917017616155192 46.3140860361116964
865 10.0669287360491015 9.7815926386136436 45.9018233981562958
866 12.0554768497514377 9.8920785532891422 45.3961701007988623
867 14.0301712139441630 10.0234888307266932 44.7960262452788385
868 15.9884390826488030 10.1761747014699555 44.1000599109070563
869 17.9275759563067858 10.3504908042911836 43.3066895576322608
870 19.8447189163977207 10.5467742078572773 42.4140623489149320
871 21.7368160754521753 10.7653211277001652 41.4200276185259995
872 23.6005910591088721 11.0063616098499217 40.3221044313653465
873 25.4325010819876880 11.2700326697836708 39.1174417918235591
874 -24.7277699843245138 12.5695793546682886 39.1732442675997490
875 -22.8673849032695777 12.3292286756716365 40.3617743409369325
876 -20.9756384643236764 12.1102905138015409 41.4410841398401786
877 -19.0561338501817623 11.9126436086333829 42.4140623489149320
878 -17.1122023146822677 11.7360704981925537 43.2832205502644811
879 -15.1469463991891971 11.5802869351092443 44.0507317678222918
880 -13.1632767266562691 11.4449690952481848 44.7184618275973733
881 -11.1639437974089706 11.3297782083394516 45.2879949284369445
882 -9.1515658727978799 11.2343824126799579 45.7606544302144869
883 -7.1286537970721646 11.1584757069510889 46.1375196010673250
884 -5.0976334408368862 11.1017939025693302 46.4194388747616813
885 -3.0608663297505561 11.0641274947423796 46.6070400271405916
886 -1.0206689374724183 11.0453313826720745 46.7007375698397169
887 1.0206689374724183 11.0453313826720745 46.7007375698397169
888 3.0608663297505561 11.0641274947423796 46.6070400271405916
889 5.0976334408368862 11.1017939025693302 46.4194388747616813
890 7.1286537970721637 11.1584757069510854 46.1375196010673179
891 9.1515658727978799 11.2343824126799596 45.7606544302144869
892 11.1639437974089706 11.3297782083394516 45.2879949284369445
893 13.1632767266562691 11.4449690952481848 44.7184618275973733
894 15.1469463991891971 11.5802869351092443 44.0507317678222918
895 17.1122023146822677 11.7360704981925537 43.2832205502644811
896 19.0561338501817623 11.9126436086333829 42.4140623489149320
897 20.9756384643236764 12.1102905138015409 41.4410841398401786
898 22.8673849032695777 12.3292286756716365 40.3617743409369325
899 24.7277699843245138 12.5695793546682903 39.1732442675997490
900 -24.0000000000000036 13.8564064605510193 39.1918358845308532
901 -22.1111176938339966 13.6391219065123952 40.3617743409369325
902 -20.1914496142117734 13.4419743548814665 41.4200276185259995
903 -18.2446561296120819 13.2648544775525234 42.3695192137173535
904 -16.2741205187890010 13.1075549966024454 43.2127874980424451
905 -14.2829935209828065 12.9698024592402916 43.9520229369234841
906 -12.2742314655539762 12.8512861344054450 44.5890982934353914
907 -10.2506293890725466 12.7516837788468340 45.1255931587849233
908 -8.2148502283162212 12.6706841481095154 45.5628137733522749
909 -6.1694509528188277 12.6080061759793143 45.9018088446112387
910 -4.1169063393548866 12.5634147623413863 46.1433818841051320
911 -2.0596309757934863 12.5367331170318668 46.2881004470465314
912 -0.0000000000003208 12.5278516135604097 46.3363025493900693
913 2.0596309757934863 12.5367331170318632 46.2881004470465314
914 4.1169063393548875 12.5634147623413863 46.1433818841051391
915 6.1694509528188277 12.6080061759793161 45.9018088446112387
916 8.2148502283162212 12.6706841481095154 45.5628137733522749
917 10.2506293890725466 12.7516837788468358 45.1255931587849233
918 12.2742314655539762 12.8512861344054468 44.5890982934353914
919 14.2829935209828083 12.9698024592402916 43.9520229369234769
920 16.2741205187890010 13.1075549966024489 43.2127874980424451
921 18.2446561296120784 13.2648544775525217 42.3695192137173464
922 20.1914496142117734 13.4419743548814665 41.4200276185259995
923 22.1111176938339966 13.6391219065123952 40.3617743409369325
924 24.0000000000000036 13.8564064605510193 39.1918358845308532
925 -23.2494600281894073 15.1300873080292106 39.1732442675997490
926 -21.3320842869222602 14.9355305965912102 40.3221044313653465
927 -19.3845693365938132 14.7597746493858857 41.3568316476750084
928 -17.4106292501717874 14.6027187267073248 42.2803807326960310
929 -15.4136963207990298 14.4641637973420316 43.0953121739922764
930 -13.3969669970823553 14.3438464548847566 43.8038279623799198
931 -11.3634414184740358 14.2414692779325520 44.4078005752887108
932 -9.3159579406197377 14.1567274994936589 44.9087964006349694
933 -7.2572237421593195 14.0893319355156272 45.3080945214770523
934 -5.1898423905647153 14.0390281461317930 45.6067015324855234
935 -3.1163390911274691 14.0056118070184006 45.8053628801281079
936 -1.0391842327113137 13.9889402666384584 45.9045710833562381
937 1.0391842327113137 13.9889402666384584 45.9045710833562381
938 3.1163390911274691 14.0056118070184024 45.8053628801281079
939 5.1898423905647153 14.0390281461317912 45.6067015324855234
940 7.2572237421593195 14.0893319355156272 45.3080945214770523
941 9.3159579406197377 14.1567274994936589 44.9087964006349694
942 11.3634414184740358 14.2414692779325520 44.4078005752887108
943 13.3969669970823553 14.3438464548847566 43.8038279623799198
944 15.4136963207990298 14.4641637973420316 43.0953121739922764
945 17.4106292501717874 14.6027187267073248 42.2803807326960310
946 19.3845693365938132 14.7597746493858857 41.3568316476750084
947 21.3320842869222602 14.9355305965912102 40.3221044313653465
948 23.2494600281894073 15.1300873080292106 39.1732442675997490
949 -22.4763851345070620 16.3901756838847241 39.1174417918235591
950 -20.5305450648703456 16.2179206753171208 40.2427107475186077
951 -18.5552823723097440 16.0630661790392075 41.2514169576229008
952 -16.5543611464799021 15.9255172344162474 42.1465423000301200
953 -14.5312596039507955 15.8050816188856622 42.9306637421662884
954 -12.4892174707147312 15.7015056676081954 43.6059877395210691
955 -10.4312770045846310 15.6145058521103124 44.1743779474939160
956 -8.3603190289486662 15.5437961016491695 44.6373774821567579
957 -6.2790950724482171 15.4891108909655149 44.9962266071115167
958 -4.1902565087462511 15.4502241190256289 45.2518764811227285
959 -2.0963814444885673 15.4269637922393308 45.4049994272892903
960 -0.0000000000003904 15.4192225159910539 45.4559960511520984
961 2.0963814444885673 15.4269637922393308 45.4049994272892903
962 4.1902565087462520 15.4502241190256306 45.2518764811227285
963 6.2790950724482162 15.4891108909655131 44.9962266071115096
964 8.3603190289486662 15.5437961016491712 44.6373774821567579
965 10.4312770045846310 15.6145058521103177 44.1743779474939160
966 12.4892174707147312 15.7015056676081937 43.6059877395210691
967 14.5312596039507973 15.8050816188856640 42.9306637421662813
968 16.5543611464798985 15.9255172344162492 42.1465423000301129
969 18.5552823723097440 16.0630661790392111 41.2514169576229008
970 20.5305450648703527 16.2179206753171208 40.2427107475186148
971 22.4763851345070620 16.3901756838847206 39.1174417918235591
972 -21.6809795351095644 17.6362007179736153 39.0243456144175127
973 -19.7067290256059664 17.4857295795974714 40.1234855437626479
974 -17.7038416362005186 17.3511914271078176 41.1036512657962518
975 -15.6761276507724858 17.2324948472485246 41.9678465401340262
976 -13.6271081227776882 17.1294535115176636 42.7186580618689575
977 -11.5600637781141717 17.0418236394511169 43.3582883943517601
978 -9.4780776188373217 16.9693365305673964 43.8885823690358663
979 -7.3840725797141387 16.9117262659460010 44.3110481352362697
980 -5.2808453376050899 16.8687526778063912 44.6268736930483954
981 -3.1710971864439905 16.8402196612181676 44.8369395074646988
982 -1.0574627547003621 16.8259888773848694 44.9418276310670564
983 1.0574627547003621 16.8259888773848694 44.9418276310670564
984 3.1710971864439905 16.8402196612181676 44.8369395074646988
985 5.2808453376050899 16.8687526778063877 44.6268736930483954
986 7.3840725797141387 16.9117262659460010 44.3110481352362697
987 9.4780776188373217 16.9693365305673964 43.8885823690358663
988 11.5600637781141700 17.0418236394511169 43.3582883943517530
989 13.6271081227776882 17.1294535115176565 42.7186580618689575
990 15.6761276507724858 17.2324948472485246 41.9678465401340262
991 17.7038416362005186 17.3511914271078176 41.1036512657962518
992 19.7067290256059664 17.4857295795974679 40.1234855437626479
993 21.6809795351095644 17.6362007179736153 39.0243456144175127
994 -20.8634196036915043 18.8676618047668150 38.8938177665968539
995 -18.8608369472636177 18.7383612028235831 39.9642671530612716
996 -16.8304715910251410 18.6234555967377773 40.9133490154501018
997 -14.7761761359532287 18.5228554969521966 41.7440827308292199
998 -12.7015114827331050 18.4363800878975681 42.4590566935792140
999 -10.6097973410899300 18.3637960542428580 43.0604597613538758
1000 -8.5041565230612566 18.3048507796852817 43.5501063117500351
1001 -6.3875543542437381 18.2593001372015884 43.9294560388718267
1002 -4.2628343099814172 18.2269310421662993 44.1996292793249594
1003 -2.1327508126336978 18.2075788918517567 44.3614184271446064
1004 -0.0000000000002477 18.2011399734864803 44.4152958299902920
1005 2.1327508126336978 18.2075788918517567 44.3614184271446064
1006 4.2628343099814172 18.2269310421662993 44.1996292793249594
1007 6.3875543542437372 18.2593001372015884 43.9294560388718267
1008 8.5041565230612566 18.3048507796852782 43.5501063117500351
1009 10.6097973410899264 18.3637960542428544 43.0604597613538616
1010 12.7015114827331050 18.4363800878975681 42.4590566935792140
1011 14.7761761359532287 18.5228554969521930 41.7440827308292199
1012 16.8304715910251446 18.6234555967377773 40.9133490154501089
1013 18.8608369472636177 18.7383612028235795 39.9642671530612716
1014 20.8634196036915043 18.8676618047668114 38.8938177665968539
1015 -20.0238568798285712 20.0840235868738759 38.7256652908382648
1016 -17.9930446045050729 19.9751809263495339 39.7648399068812211
1017 -15.9353717239455062 19.8791217235278026 40.6802709863250911
1018 -13.8547293105602982 19.7957574127590732 41.4749860058601669
1019 -11.7547153194302876 19.7249128394734505 42.1515655846176927
1020 -9.6386868039529343 19.6663661462305299 42.7121734321458035
1021 -7.5098060241821667 19.6198823311734856 43.1585800367674679
1022 -5.3710817645972293 19.5852408137323728 43.4921811702531613
1023 -3.2254069797451632 19.5622572517769235 43.7140119530375841
1024 -1.0755937315074307 19.5507997797640662 43.8247569998547704
1025 1.0755937315074307 19.5507997797640698 43.8247569998547704
1026 3.2254069797451628 19.5622572517769306 43.7140119530375770
1027 5.3710817645972293 19.5852408137323728 43.4921811702531613
1028 7.5098060241821676 19.6198823311734856 43.1585800367674750
1029 9.6386868039529343 19.6663661462305299 42.7121734321458035
1030 11.7547153194302876 19.7249128394734505 42.1515655846176927
1031 13.8547293105602982 19.7957574127590767 41.4749860058601669
1032 15.9353717239455062 19.8791217235278062 40.6802709863250911
1033 17.9930446045050729 19.9751809263495339 39.7648399068812211
1034 20.0238568798285712 20.0840235868738795 38.7256652908382648
1035 -19.1624210532733485 21.2847110111691933 38.5196404000359180
1036 -17.1035060086874324 21.1955107323741174 39.5249339911480035
1037 -15.0187200922915665 21.1174058675226384 40.4041237526037520
1038 -12.9119891256476738 21.0503084003806684 41.1602363096717312
1039 -10.7869456279602698 20.9940494936937121 41.7958334032923347
1040 -8.6469828549886198 20.9484201099004430 42.3130403351573392
1041 -6.4953028676323230 20.9132045994006148 42.7135682663171679
1042 -4.3349599333240780 20.8882077065321603 42.9987313904171558
1043 -2.1689003941254912 20.8732753067547883 43.1694596798336576
1044 -0.0000000000000180 20.8683090873388473 43.2263076821892298
1045 2.1689003941254912 20.8732753067547883 43.1694596798336505
1046 4.3349599333240780 20.8882077065321639 42.9987313904171558
1047 6.4953028676323230 20.9132045994006077 42.7135682663171679
1048 8.6469828549886198 20.9484201099004430 42.3130403351573392
1049 10.7869456279602716 20.9940494936937156 41.7958334032923418
1050 12.9119891256476738 21.0503084003806684 41.1602363096717312
1051 15.0187200922915629 21.1174058675226348 40.4041237526037520
1052 17.1035060086874324 21.1955107323741174 39.5249339911480035
1053 19.1624210532733485 21.2847110111691968 38.5196404000359180
1054 -18.2792228953577158 22.4691044607268893 38.2754406254816857
1055 -16.1923566380474995 22.3986243876419771 39.2442252063613779
1056 -14.0806768983867236 22.3374723603113523 40.0845589552331916
1057 -11.9481407437787706 22.2855611471620101 40.7994570689728278
1058 -9.7984131818705382 22.2427293546707467 41.3914494789952201
1059 -7.6349231591455151 22.2087824336034210 41.8626077922865747
1060 -5.4609137599556732 22.1835259442978163 42.2145661778608527
1061 -3.2794878987486507 22.1667916425675990 42.4485371643942173
1062 -1.0936506616567059 22.1584567654893618 42.5653229989177575
1063 1.0936506616567059 22.1584567654893618 42.5653229989177575
1064 3.2794878987486507 22.1667916425675955 42.4485371643942173
1065 5.4609137599556732 22.1835259442978163 42.2145661778608527
1066 7.6349231591455151 22.2087824336034210 41.8626077922865676
1067 9.7984131818705382 22.2427293546707467 41.3914494789952201
1068 11.9481407437787706 22.2855611471620101 40.7994570689728278
1069 14.0806768983867236 22.3374723603113523 40.0845589552331916
1070 16.1923566380474995 22.3986243876419771 39.2442252063613779
1071 18.2792228953577158 22.4691044607268893 38.2754406254816786
1072 -17.3743571068141343 23.6365349556978970 37.9927089112235947
1073 -15.2597166218523945 23.5837426774831513 38.9223345900913600
1074 -13.1213880484174190 23.5384290706777577 39.7211723463384345
1075 -10.9633565147868559 23.5005085003006933 40.3922135337613781
1076 -8.7893179733372939 23.4698285544649785 40.9379412915157559
1077 -6.6027373200734853 23.4462110626867180 41.3603559787153685
1078 -4.4069009241833781 23.4294846592751611 41.6609946214108291
1079 -2.2049648561205086 23.4195095607916741 41.8409452798961183
1080 -0.0000000000000349 23.4161949955207440 41.9008569355299656
1081 2.2049648561205086 23.4195095607916741 41.8409452798961183
1082 4.4069009241833781 23.4294846592751647 41.6609946214108291
1083 6.6027373200734853 23.4462110626867180 41.3603559787153685
1084 8.7893179733372939 23.4698285544649821 40.9379412915157559
1085 10.9633565147868559 23.5005085003006897 40.3922135337613781
1086 13.1213880484174190 23.5384290706777648 39.7211723463384274
1087 15.2597166218523945 23.5837426774831513 38.9223345900913600
1088 17.3743571068141343 23.6365349556978970 37.9927089112235947
1089 -16.4479050498014630 24.7862794054499211 37.6710336028583654
1090 -14.3056938380942178 24.7500286565983565 38.5588278518457201
1091 -12.1409886449754687 24.7193226389685812 39.3135025531070212
1092 -9.9577998946122488 24.6940786489029875 39.9380107283857413
1093 -7.7598535966287283 24.6741551246727759 40.4347714355166445
1094 -5.5506517775073938 24.6593922759339037 40.8056936888281001
1095 -3.3335275783657856 24.6496435374348231 41.0521944280896207
1096 -1.1116963099231019 24.6447986156380132 41.1752113839036653
1097 1.1116963099231019 24.6447986156380132 41.1752113839036653
1098 3.3335275783657856 24.6496435374348231 41.0521944280896207
1099 5.5506517775073938 24.6593922759339037 40.8056936888281001
1100 7.7598535966287283 24.6741551246727759 40.4347714355166445
1101 9.9577998946122488 24.6940786489029875 39.9380107283857413
1102 12.1409886449754687 24.7193226389685812 39.3135025531070212
1103 14.3056938380942178 24.7500286565983565 38.5588278518457201
1104 16.4479050498014665 24.7862794054499282 37.6710336028583654
1105 -15.4999373324859633 25.9175558803063240 37.3099482695997224
1106 -13.3303868844491884 25.8965828690047992 38.1532145594532182
1107 -11.1396063603102000 25.8791336135900139 38.8610294967502412
1108 -8.9316292399455257 25.8651301226399859 39.4362909368902450
1109 -6.7102114904897938 25.8544437756489884 39.8813339647096612
1110 -4.4788945380249050 25.8469351325376131 40.1979532808779183
1111 -2.2410632170342937 25.8424838350831223 40.3874196364502041
1112 -0.0000000000002321 25.8410094584788617 40.4504910992042923
1113 2.2410632170342937 25.8424838350831223 40.3874196364502041
1114 4.4788945380249050 25.8469351325376131 40.1979532808779183
1115 6.7102114904897938 25.8544437756489884 39.8813339647096612
1116 8.9316292399455257 25.8651301226399859 39.4362909368902450
1117 11.1396063603102000 25.8791336135900139 38.8610294967502412
1118 13.3303868844491884 25.8965828690047992 38.1532145594532182
1119 15.4999373324859633 25.9175558803063240 37.3099482695997224
1120 -14.5305162156534688 27.0295188561662911 36.9089312891985983
1121 -12.3338878804117638 27.0224384718384378 37.7049470068469716
1122 -10.1173646342077515 27.0167714042026006 38.3631723890444576
1123 -7.8850014047614776 27.0124464967114832 38.8864306295809214
1124 -5.6405849460381914 27.0093502435298980 39.2769499947343022
1125 -3.3876996241839352 27.0073653119867707 39.5363846369543310
1126 -1.1297885585253258 27.0063984066164657 39.6658294116753467
1127 1.1297885585253258 27.0063984066164622 39.6658294116753467
1128 3.3876996241839352 27.0073653119867707 39.5363846369543310
1129 5.6405849460381914 27.0093502435298980 39.2769499947343022
1130 7.8850014047614776 27.0124464967114903 38.8864306295809214
1131 10.1173646342077515 27.0167714042025970 38.3631723890444576
1132 12.3338878804117638 27.0224384718384343 37.7049470068469716
1133 14.5305162156534653 27.0295188561662911 36.9089312891985912
1134 -13.5396978144716833 28.1212543666595032 36.4674051166027624
1135 -11.3162850614000696 28.1265561781358109 37.2134186815361545
1136 -9.0743856398743450 28.1310689425600629 37.8192872144329968
1137 -6.8180750616362902 28.1347306652319880 38.2877367161960649
1138 -4.5511727787559915 28.1374450300067274 38.6208624129661331
1139 -2.2773111138805993 28.1391181239534554 38.8201479298674315
1140 -0.0000000000001296 28.1396837234107196 38.8864783690477012
1141 2.2773111138805993 28.1391181239534554 38.8201479298674315
1142 4.5511727787559915 28.1374450300067274 38.6208624129661331
1143 6.8180750616362902 28.1347306652319880 38.2877367161960649
1144 9.0743856398743450 28.1310689425600629 37.8192872144329968
1145 11.3162850614000696 28.1265561781358109 37.2134186815361545
1146 13.5396978144716833 28.1212543666595032 36.4674051166027624
1147 -12.5275340734009610 29.1917749770975696 35.9847351487582685
1148 -10.2776651270915877 29.2078189094753142 36.6779622401062753
1149 -8.0107929596611278 29.2207769139456879 37.2286635900734879
1150 -5.7310136634161717 29.2305985097207994 37.6394419878037780
1151 -3.4421825490812834 29.2372063144056114 37.9122295074779458
1152 -1.1479866172253750 29.2405304036603724 38.0483049351647864
1153 1.1479866172253750 29.2405304036603724 38.0483049351647864
1154 3.4421825490812834 29.2372063144056185 37.9122295074779387
1155 5.7310136634161717 29.2305985097207994 37.6394419878037780
1156 8.0107929596611278 29.2207769139456879 37.2286635900734879
1157 10.2776651270915877 29.2078189094753213 36.6779622401062753
1158 12.5275340734009593 29.1917749770975625 35.9847351487582614
1159 -11.4940745005169411 30.2400144698007516 35.4602280906765657
1160 -9.2181153121582984 30.2650260212116642 36.0978468890754485
1161 -6.9267139124590589 30.2845573868413069 36.5905208798407457
1162 -4.6239879530602277 30.2985717442930635 36.9406995827891791
1163 -2.3138331958373541 30.3070117564250374 37.1501172856527617
1164 -0.0000000000005344 30.3098309228388310 37.2198085624969792
1165 2.3138331958373541 30.3070117564250374 37.1501172856527617
1166 4.6239879530602277 30.2985717442930635 36.9406995827891791
1167 6.9267139124590589 30.2845573868413069 36.5905208798407529
1168 9.2181153121582984 30.2650260212116642 36.0978468890754485
1169 11.4940745005169411 30.2400144698007516 35.4602280906765657
1170 -10.4393676589222988 31.2648221022963568 34.8931297219611594
1171 -8.1377251535110151 31.2968869281695383 35.4722750599857193
1172 -5.8222814722732448 31.3209766242124346 35.9040034225037701
1173 -3.4971779128724103 31.3370696591163949 36.1905762847927619
1174 -1.1663569087916588 31.3451288238021846 36.3334902064274488
1175 1.1663569087916588 31.3451288238021846 36.3334902064274488
1176 3.4971779128724103 31.3370696591163949 36.1905762847927619
1177 5.8222814722732448 31.3209766242124346 35.9040034225037701
1178 8.1377251535110151 31.2968869281695383 35.4722750599857193
1179 10.4393676589222988 31.2648221022963497 34.8931297219611594
1180 -9.3634624303410536 32.2649562659001887 34.2826219603334863
1181 -7.0365879384905448 32.3020139158778292 34.8003782617707316
1182 -4.6976357130900785 32.3284968017967600 35.1681747215194278
1183 -2.3507740161952655 32.3443994020673102 35.3880444337396085
1184 -0.0000000000000034 32.3497031591848270 35.4612000010240465
1185 2.3507740161952655 32.3443994020673102 35.3880444337396085
1186 4.6976357130900785 32.3284968017967600 35.1681747215194278
1187 7.0365879384905448 32.3020139158778292 34.8003782617707316
1188 9.3634624303410536 32.2649562659001887 34.2826219603334863
1189 -8.2664090918072510 33.2390773315777324 33.6278191215588933
1190 -5.9148018311115349 33.2789138675032632 34.0812119957312945
1191 -3.5529247033120521 33.3054662811299238 34.3820104393142287
1192 -1.1849775904159601 33.3187443231770004 34.5319722118064547
1193 1.1849775904159601 33.3187443231770004 34.5319722118064547
1194 3.5529247033120521 33.3054662811299238 34.3820104393142287
1195 5.9148018311115349 33.2789138675032632 34.0812119957312945
1196 8.2664090918072510 33.2390773315777324 33.6278191215588933
1197 -7.1482602870350567 34.1857394192661275 32.9277632891581575
1198 -4.7724706925487510 34.2259785646821513 33.3137496355285876
1199 -2.3883047487345341 34.2501079768119325 33.5443900526436138
1200 -0.0000000000001762 34.2581497373032491 33.6211120663268517
1201 2.3883047487345341 34.2501079768119325 33.5443900526436138
1202 4.7724706925487510 34.2259785646821513 33.3137496355285805
1203 7.1482602870350549 34.1857394192661204 32.9277632891581504
1204 -6.0090720396965613 35.1033807625455196 32.1814187422103331
1205 -3.6097046391169738 35.1414731224015640 32.4968752221789146
1206 -1.2039398326757671 35.1605052009438239 32.6540870779401686
1207 1.2039398326757671 35.1605052009438239 32.6540870779401686
1208 3.6097046391169738 35.1414731224015640 32.4968752221789146
1209 6.0090720396965631 35.1033807625455196 32.1814187422103331
1210 -4.8489050662854112 35.9903122562469093 31.3876654652109401
1211 -2.4266204223936292 36.0235219796025845 31.6293752311156489
1212 -0.0000000000000493 36.0345841303337480 31.7097579075258764
1213 2.4266204223936292 36.0235219796025774 31.6293752311156489
1214 4.8489050662854112 35.9903122562469093 31.3876654652109401
1215 -3.6678268382169659 36.8447036611341616 30.5452919188549004
1216 -1.2233417796027137 36.8700916627190907 30.7099295940738273
1217 1.2233417796027137 36.8700916627190907 30.7099295940738273
1218 3.6678268382169659 36.8447036611341616 30.5452919188549004
1219 -2.4659151885103228 37.6645667822583476 29.6529875626027781
1220 -0.0000000000001268 37.6789692215941230 29.7371027236710290
1221 2.4659151885103228 37.6645667822583476 29.6529875626027781
1222 -1.2432649039756463 38.4477347113089181 28.7093362505536511
1223 1.2432649039756463 38.4477347113089181 28.7093362505536511
1224 0.0000000000000000 39.1918358845308532 27.7128129211020386
