0 1 85
85 86 1
1 2 86
86 87 2
2 3 87
87 88 3
3 4 88
88 89 4
4 5 89
89 90 5
5 6 90
90 91 6
6 7 91
91 92 7
7 8 92
92 93 8
8 9 93
93 94 9
9 10 94
94 95 10
10 11 95
95 96 11
11 12 96
96 97 12
12 13 97
97 98 13
13 14 98
98 99 14
14 15 99
99 100 15
15 16 100
100 101 16
16 17 101
101 102 17
17 18 102
102 103 18
18 19 103
103 104 19
19 20 104
104 105 20
20 21 105
105 106 21
21 22 106
106 107 22
22 23 107
107 108 23
23 24 108
108 109 24
24 25 109
109 110 25
25 26 110
110 111 26
26 27 111
111 112 27
27 28 112
112 113 28
28 29 113
113 114 29
29 30 114
114 115 30
30 31 115
115 116 31
31 32 116
116 117 32
32 33 117
117 118 33
33 34 118
118 119 34
34 35 119
119 120 35
35 36 120
120 121 36
36 37 121
121 122 37
37 38 122
122 123 38
38 39 123
123 124 39
39 40 124
124 125 40
40 41 125
125 126 41
41 42 126
126 127 42
42 43 127
127 128 43
43 44 128
128 129 44
44 45 129
129 130 45
45 46 130
130 131 46
46 47 131
131 132 47
47 48 132
132 133 48
48 49 133
133 134 49
49 50 134
134 135 50
50 51 135
135 136 51
51 52 136
136 137 52
52 53 137
137 138 53
53 54 138
138 139 54
54 55 139
139 140 55
55 56 140
140 141 56
56 57 141
141 142 57
57 58 142
142 143 58
58 59 143
143 144 59
59 60 144
144 145 60
60 61 145
145 146 61
61 62 146
146 147 62
62 63 147
147 148 63
63 64 148
148 149 64
64 65 149
149 150 65
65 66 150
150 151 66
66 67 151
151 152 67
67 68 152
152 153 68
68 69 153
153 154 69
69 70 154
154 155 70
70 71 155
155 156 71
71 72 156
156 157 72
72 73 157
157 158 73
73 74 158
158 159 74
74 75 159
159 160 75
75 76 160
160 161 76
76 77 161
161 162 77
77 78 162
162 163 78
78 79 163
163 164 79
79 80 164
164 165 80
80 81 165
165 166 81
81 82 166
166 167 82
82 83 167
167 168 83
83 84 168
85 86 169
169 170 86
86 87 170
170 171 87
87 88 171
171 172 88
88 89 172
172 173 89
89 90 173
173 174 90
90 91 174
174 175 91
91 92 175
175 176 92
92 93 176
176 177 93
93 94 177
177 178 94
94 95 178
178 179 95
95 96 179
179 180 96
96 97 180
180 181 97
97 98 181
181 182 98
98 99 182
182 183 99
99 100 183
183 184 100
100 101 184
184 185 101
101 102 185
185 186 102
102 103 186
186 187 103
103 104 187
187 188 104
104 105 188
188 189 105
105 106 189
189 190 106
106 107 190
190 191 107
107 108 191
191 192 108
108 109 192
192 193 109
109 110 193
193 194 110
110 111 194
194 195 111
111 112 195
195 196 112
112 113 196
196 197 113
113 114 197
197 198 114
114 115 198
198 199 115
115 116 199
199 200 116
116 117 200
200 201 117
117 118 201
201 202 118
118 119 202
202 203 119
119 120 203
203 204 120
120 121 204
204 205 121
121 122 205
205 206 122
122 123 206
206 207 123
123 124 207
207 208 124
124 125 208
208 209 125
125 126 209
209 210 126
126 127 210
210 211 127
127 128 211
211 212 128
128 129 212
212 213 129
129 130 213
213 214 130
130 131 214
214 215 131
131 132 215
215 216 132
132 133 216
216 217 133
133 134 217
217 218 134
134 135 218
218 219 135
135 136 219
219 220 136
136 137 220
220 221 137
137 138 221
221 222 138
138 139 222
222 223 139
139 140 223
223 224 140
140 141 224
224 225 141
141 142 225
225 226 142
142 143 226
226 227 143
143 144 227
227 228 144
144 145 228
228 229 145
145 146 229
229 230 146
146 147 230
230 231 147
147 148 231
231 232 148
148 149 232
232 233 149
149 150 233
233 234 150
150 151 234
234 235 151
151 152 235
235 236 152
152 153 236
236 237 153
153 154 237
237 238 154
154 155 238
238 239 155
155 156 239
239 240 156
156 157 240
240 241 157
157 158 241
241 242 158
158 159 242
242 243 159
159 160 243
243 244 160
160 161 244
244 245 161
161 162 245
245 246 162
162 163 246
246 247 163
163 164 247
247 248 164
164 165 248
248 249 165
165 166 249
249 250 166
166 167 250
250 251 167
167 168 251
169 170 252
252 253 170
170 171 253
253 254 171
171 172 254
254 255 172
172 173 255
255 256 173
173 174 256
256 257 174
174 175 257
257 258 175
175 176 258
258 259 176
176 177 259
259 260 177
177 178 260
260 261 178
178 179 261
261 262 179
179 180 262
262 263 180
180 181 263
263 264 181
181 182 264
264 265 182
182 183 265
265 266 183
183 184 266
266 267 184
184 185 267
267 268 185
185 186 268
268 269 186
186 187 269
269 270 187
187 188 270
270 271 188
188 189 271
271 272 189
189 190 272
272 273 190
190 191 273
273 274 191
191 192 274
274 275 192
192 193 275
275 276 193
193 194 276
276 277 194
194 195 277
277 278 195
195 196 278
278 279 196
196 197 279
279 280 197
197 198 280
280 281 198
198 199 281
281 282 199
199 200 282
282 283 200
200 201 283
283 284 201
201 202 284
284 285 202
202 203 285
285 286 203
203 204 286
286 287 204
204 205 287
287 288 205
205 206 288
288 289 206
206 207 289
289 290 207
207 208 290
290 291 208
208 209 291
291 292 209
209 210 292
292 293 210
210 211 293
293 294 211
211 212 294
294 295 212
212 213 295
295 296 213
213 214 296
296 297 214
214 215 297
297 298 215
215 216 298
298 299 216
216 217 299
299 300 217
217 218 300
300 301 218
218 219 301
301 302 219
219 220 302
302 303 220
220 221 303
303 304 221
221 222 304
304 305 222
222 223 305
305 306 223
223 224 306
306 307 224
224 225 307
307 308 225
225 226 308
308 309 226
226 227 309
309 310 227
227 228 310
310 311 228
228 229 311
311 312 229
229 230 312
312 313 230
230 231 313
313 314 231
231 232 314
314 315 232
232 233 315
315 316 233
233 234 316
316 317 234
234 235 317
317 318 235
235 236 318
318 319 236
236 237 319
319 320 237
237 238 320
320 321 238
238 239 321
321 322 239
239 240 322
322 323 240
240 241 323
323 324 241
241 242 324
324 325 242
242 243 325
325 326 243
243 244 326
326 327 244
244 245 327
327 328 245
245 246 328
328 329 246
246 247 329
329 330 247
247 248 330
330 331 248
248 249 331
331 332 249
249 250 332
332 333 250
250 251 333
252 253 334
334 335 253
253 254 335
335 336 254
254 255 336
336 337 255
255 256 337
337 338 256
256 257 338
338 339 257
257 258 339
339 340 258
258 259 340
340 341 259
259 260 341
341 342 260
260 261 342
342 343 261
261 262 343
343 344 262
262 263 344
344 345 263
263 264 345
345 346 264
264 265 346
346 347 265
265 266 347
347 348 266
266 267 348
348 349 267
267 268 349
349 350 268
268 269 350
350 351 269
269 270 351
351 352 270
270 271 352
352 353 271
271 272 353
353 354 272
272 273 354
354 355 273
273 274 355
355 356 274
274 275 356
356 357 275
275 276 357
357 358 276
276 277 358
358 359 277
277 278 359
359 360 278
278 279 360
360 361 279
279 280 361
361 362 280
280 281 362
362 363 281
281 282 363
363 364 282
282 283 364
364 365 283
283 284 365
365 366 284
284 285 366
366 367 285
285 286 367
367 368 286
286 287 368
368 369 287
287 288 369
369 370 288
288 289 370
370 371 289
289 290 371
371 372 290
290 291 372
372 373 291
291 292 373
373 374 292
292 293 374
374 375 293
293 294 375
375 376 294
294 295 376
376 377 295
295 296 377
377 378 296
296 297 378
378 379 297
297 298 379
379 380 298
298 299 380
380 381 299
299 300 381
381 382 300
300 301 382
382 383 301
301 302 383
383 384 302
302 303 384
384 385 303
303 304 385
385 386 304
304 305 386
386 387 305
305 306 387
387 388 306
306 307 388
388 389 307
307 308 389
389 390 308
308 309 390
390 391 309
309 310 391
391 392 310
310 311 392
392 393 311
311 312 393
393 394 312
312 313 394
394 395 313
313 314 395
395 396 314
314 315 396
396 397 315
315 316 397
397 398 316
316 317 398
398 399 317
317 318 399
399 400 318
318 319 400
400 401 319
319 320 401
401 402 320
320 321 402
402 403 321
321 322 403
403 404 322
322 323 404
404 405 323
323 324 405
405 406 324
324 325 406
406 407 325
325 326 407
407 408 326
326 327 408
408 409 327
327 328 409
409 410 328
328 329 410
410 411 329
329 330 411
411 412 330
330 331 412
412 413 331
331 332 413
413 414 332
332 333 414
334 335 415
415 416 335
335 336 416
416 417 336
336 337 417
417 418 337
337 338 418
418 419 338
338 339 419
419 420 339
339 340 420
420 421 340
340 341 421
421 422 341
341 342 422
422 423 342
342 343 423
423 424 343
343 344 424
424 425 344
344 345 425
425 426 345
345 346 426
426 427 346
346 347 427
427 428 347
347 348 428
428 429 348
348 349 429
429 430 349
349 350 430
430 431 350
350 351 431
431 432 351
351 352 432
432 433 352
352 353 433
433 434 353
353 354 434
434 435 354
354 355 435
435 436 355
355 356 436
436 437 356
356 357 437
437 438 357
357 358 438
438 439 358
358 359 439
439 440 359
359 360 440
440 441 360
360 361 441
441 442 361
361 362 442
442 443 362
362 363 443
443 444 363
363 364 444
444 445 364
364 365 445
445 446 365
365 366 446
446 447 366
366 367 447
447 448 367
367 368 448
448 449 368
368 369 449
449 450 369
369 370 450
450 451 370
370 371 451
451 452 371
371 372 452
452 453 372
372 373 453
453 454 373
373 374 454
454 455 374
374 375 455
455 456 375
375 376 456
456 457 376
376 377 457
457 458 377
377 378 458
458 459 378
378 379 459
459 460 379
379 380 460
460 461 380
380 381 461
461 462 381
381 382 462
462 463 382
382 383 463
463 464 383
383 384 464
464 465 384
384 385 465
465 466 385
385 386 466
466 467 386
386 387 467
467 468 387
387 388 468
468 469 388
388 389 469
469 470 389
389 390 470
470 471 390
390 391 471
471 472 391
391 392 472
472 473 392
392 393 473
473 474 393
393 394 474
474 475 394
394 395 475
475 476 395
395 396 476
476 477 396
396 397 477
477 478 397
397 398 478
478 479 398
398 399 479
479 480 399
399 400 480
480 481 400
400 401 481
481 482 401
401 402 482
482 483 402
402 403 483
483 484 403
403 404 484
484 485 404
404 405 485
485 486 405
405 406 486
486 487 406
406 407 487
487 488 407
407 408 488
488 489 408
408 409 489
489 490 409
409 410 490
490 491 410
410 411 491
491 492 411
411 412 492
492 493 412
412 413 493
493 494 413
413 414 494
415 416 495
495 496 416
416 417 496
496 497 417
417 418 497
497 498 418
418 419 498
498 499 419
419 420 499
499 500 420
420 421 500
500 501 421
421 422 501
501 502 422
422 423 502
502 503 423
423 424 503
503 504 424
424 425 504
504 505 425
425 426 505
505 506 426
426 427 506
506 507 427
427 428 507
507 508 428
428 429 508
508 509 429
429 430 509
509 510 430
430 431 510
510 511 431
431 432 511
511 512 432
432 433 512
512 513 433
433 434 513
513 514 434
434 435 514
514 515 435
435 436 515
515 516 436
436 437 516
516 517 437
437 438 517
517 518 438
438 439 518
518 519 439
439 440 519
519 520 440
440 441 520
520 521 441
441 442 521
521 522 442
442 443 522
522 523 443
443 444 523
523 524 444
444 445 524
524 525 445
445 446 525
525 526 446
446 447 526
526 527 447
447 448 527
527 528 448
448 449 528
528 529 449
449 450 529
529 530 450
450 451 530
530 531 451
451 452 531
531 532 452
452 453 532
532 533 453
453 454 533
533 534 454
454 455 534
534 535 455
455 456 535
535 536 456
456 457 536
536 537 457
457 458 537
537 538 458
458 459 538
538 539 459
459 460 539
539 540 460
460 461 540
540 541 461
461 462 541
541 542 462
462 463 542
542 543 463
463 464 543
543 544 464
464 465 544
544 545 465
465 466 545
545 546 466
466 467 546
546 547 467
467 468 547
547 548 468
468 469 548
548 549 469
469 470 549
549 550 470
470 471 550
550 551 471
471 472 551
551 552 472
472 473 552
552 553 473
473 474 553
553 554 474
474 475 554
554 555 475
475 476 555
555 556 476
476 477 556
556 557 477
477 478 557
557 558 478
478 479 558
558 559 479
479 480 559
559 560 480
480 481 560
560 561 481
481 482 561
561 562 482
482 483 562
562 563 483
483 484 563
563 564 484
484 485 564
564 565 485
485 486 565
565 566 486
486 487 566
566 567 487
487 488 567
567 568 488
488 489 568
568 569 489
489 490 569
569 570 490
490 491 570
570 571 491
491 492 571
571 572 492
492 493 572
572 573 493
493 494 573
495 496 574
574 575 496
496 497 575
575 576 497
497 498 576
576 577 498
498 499 577
577 578 499
499 500 578
578 579 500
500 501 579
579 580 501
501 502 580
580 581 502
502 503 581
581 582 503
503 504 582
582 583 504
504 505 583
583 584 505
505 506 584
584 585 506
506 507 585
585 586 507
507 508 586
586 587 508
508 509 587
587 588 509
509 510 588
588 589 510
510 511 589
589 590 511
511 512 590
590 591 512
512 513 591
591 592 513
513 514 592
592 593 514
514 515 593
593 594 515
515 516 594
594 595 516
516 517 595
595 596 517
517 518 596
596 597 518
518 519 597
597 598 519
519 520 598
598 599 520
520 521 599
599 600 521
521 522 600
600 601 522
522 523 601
601 602 523
523 524 602
602 603 524
524 525 603
603 604 525
525 526 604
604 605 526
526 527 605
605 606 527
527 528 606
606 607 528
528 529 607
607 608 529
529 530 608
608 609 530
530 531 609
609 610 531
531 532 610
610 611 532
532 533 611
611 612 533
533 534 612
612 613 534
534 535 613
613 614 535
535 536 614
614 615 536
536 537 615
615 616 537
537 538 616
616 617 538
538 539 617
617 618 539
539 540 618
618 619 540
540 541 619
619 620 541
541 542 620
620 621 542
542 543 621
621 622 543
543 544 622
622 623 544
544 545 623
623 624 545
545 546 624
624 625 546
546 547 625
625 626 547
547 548 626
626 627 548
548 549 627
627 628 549
549 550 628
628 629 550
550 551 629
629 630 551
551 552 630
630 631 552
552 553 631
631 632 553
553 554 632
632 633 554
554 555 633
633 634 555
555 556 634
634 635 556
556 557 635
635 636 557
557 558 636
636 637 558
558 559 637
637 638 559
559 560 638
638 639 560
560 561 639
639 640 561
561 562 640
640 641 562
562 563 641
641 642 563
563 564 642
642 643 564
564 565 643
643 644 565
565 566 644
644 645 566
566 567 645
645 646 567
567 568 646
646 647 568
568 569 647
647 648 569
569 570 648
648 649 570
570 571 649
649 650 571
571 572 650
650 651 572
572 573 651
574 575 652
652 653 575
575 576 653
653 654 576
576 577 654
654 655 577
577 578 655
655 656 578
578 579 656
656 657 579
579 580 657
657 658 580
580 581 658
658 659 581
581 582 659
659 660 582
582 583 660
660 661 583
583 584 661
661 662 584
584 585 662
662 663 585
585 586 663
663 664 586
586 587 664
664 665 587
587 588 665
665 666 588
588 589 666
666 667 589
589 590 667
667 668 590
590 591 668
668 669 591
591 592 669
669 670 592
592 593 670
670 671 593
593 594 671
671 672 594
594 595 672
672 673 595
595 596 673
673 674 596
596 597 674
674 675 597
597 598 675
675 676 598
598 599 676
676 677 599
599 600 677
677 678 600
600 601 678
678 679 601
601 602 679
679 680 602
602 603 680
680 681 603
603 604 681
681 682 604
604 605 682
682 683 605
605 606 683
683 684 606
606 607 684
684 685 607
607 608 685
685 686 608
608 609 686
686 687 609
609 610 687
687 688 610
610 611 688
688 689 611
611 612 689
689 690 612
612 613 690
690 691 613
613 614 691
691 692 614
614 615 692
692 693 615
615 616 693
693 694 616
616 617 694
694 695 617
617 618 695
695 696 618
618 619 696
696 697 619
619 620 697
697 698 620
620 621 698
698 699 621
621 622 699
699 700 622
622 623 700
700 701 623
623 624 701
701 702 624
624 625 702
702 703 625
625 626 703
703 704 626
626 627 704
704 705 627
627 628 705
705 706 628
628 629 706
706 707 629
629 630 707
707 708 630
630 631 708
708 709 631
631 632 709
709 710 632
632 633 710
710 711 633
633 634 711
711 712 634
634 635 712
712 713 635
635 636 713
713 714 636
636 637 714
714 715 637
637 638 715
715 716 638
638 639 716
716 717 639
639 640 717
717 718 640
640 641 718
718 719 641
641 642 719
719 720 642
642 643 720
720 721 643
643 644 721
721 722 644
644 645 722
722 723 645
645 646 723
723 724 646
646 647 724
724 725 647
647 648 725
725 726 648
648 649 726
726 727 649
649 650 727
727 728 650
650 651 728
652 653 729
729 730 653
653 654 730
730 731 654
654 655 731
731 732 655
655 656 732
732 733 656
656 657 733
733 734 657
657 658 734
734 735 658
658 659 735
735 736 659
659 660 736
736 737 660
660 661 737
737 738 661
661 662 738
738 739 662
662 663 739
739 740 663
663 664 740
740 741 664
664 665 741
741 742 665
665 666 742
742 743 666
666 667 743
743 744 667
667 668 744
744 745 668
668 669 745
745 746 669
669 670 746
746 747 670
670 671 747
747 748 671
671 672 748
748 749 672
672 673 749
749 750 673
673 674 750
750 751 674
674 675 751
751 752 675
675 676 752
752 753 676
676 677 753
753 754 677
677 678 754
754 755 678
678 679 755
755 756 679
679 680 756
756 757 680
680 681 757
757 758 681
681 682 758
758 759 682
682 683 759
759 760 683
683 684 760
760 761 684
684 685 761
761 762 685
685 686 762
762 763 686
686 687 763
763 764 687
687 688 764
764 765 688
688 689 765
765 766 689
689 690 766
766 767 690
690 691 767
767 768 691
691 692 768
768 769 692
692 693 769
769 770 693
693 694 770
770 771 694
694 695 771
771 772 695
695 696 772
772 773 696
696 697 773
773 774 697
697 698 774
774 775 698
698 699 775
775 776 699
699 700 776
776 777 700
700 701 777
777 778 701
701 702 778
778 779 702
702 703 779
779 780 703
703 704 780
780 781 704
704 705 781
781 782 705
705 706 782
782 783 706
706 707 783
783 784 707
707 708 784
784 785 708
708 709 785
785 786 709
709 710 786
786 787 710
710 711 787
787 788 711
711 712 788
788 789 712
712 713 789
789 790 713
713 714 790
790 791 714
714 715 791
791 792 715
715 716 792
792 793 716
716 717 793
793 794 717
717 718 794
794 795 718
718 719 795
795 796 719
719 720 796
796 797 720
720 721 797
797 798 721
721 722 798
798 799 722
722 723 799
799 800 723
723 724 800
800 801 724
724 725 801
801 802 725
725 726 802
802 803 726
726 727 803
803 804 727
727 728 804
729 730 805
805 806 730
730 731 806
806 807 731
731 732 807
807 808 732
732 733 808
808 809 733
733 734 809
809 810 734
734 735 810
810 811 735
735 736 811
811 812 736
736 737 812
812 813 737
737 738 813
813 814 738
738 739 814
814 815 739
739 740 815
815 816 740
740 741 816
816 817 741
741 742 817
817 818 742
742 743 818
818 819 743
743 744 819
819 820 744
744 745 820
820 821 745
745 746 821
821 822 746
746 747 822
822 823 747
747 748 823
823 824 748
748 749 824
824 825 749
749 750 825
825 826 750
750 751 826
826 827 751
751 752 827
827 828 752
752 753 828
828 829 753
753 754 829
829 830 754
754 755 830
830 831 755
755 756 831
831 832 756
756 757 832
832 833 757
757 758 833
833 834 758
758 759 834
834 835 759
759 760 835
835 836 760
760 761 836
836 837 761
761 762 837
837 838 762
762 763 838
838 839 763
763 764 839
839 840 764
764 765 840
840 841 765
765 766 841
841 842 766
766 767 842
842 843 767
767 768 843
843 844 768
768 769 844
844 845 769
769 770 845
845 846 770
770 771 846
846 847 771
771 772 847
847 848 772
772 773 848
848 849 773
773 774 849
849 850 774
774 775 850
850 851 775
775 776 851
851 852 776
776 777 852
852 853 777
777 778 853
853 854 778
778 779 854
854 855 779
779 780 855
855 856 780
780 781 856
856 857 781
781 782 857
857 858 782
782 783 858
858 859 783
783 784 859
859 860 784
784 785 860
860 861 785
785 786 861
861 862 786
786 787 862
862 863 787
787 788 863
863 864 788
788 789 864
864 865 789
789 790 865
865 866 790
790 791 866
866 867 791
791 792 867
867 868 792
792 793 868
868 869 793
793 794 869
869 870 794
794 795 870
870 871 795
795 796 871
871 872 796
796 797 872
872 873 797
797 798 873
873 874 798
798 799 874
874 875 799
799 800 875
875 876 800
800 801 876
876 877 801
801 802 877
877 878 802
802 803 878
878 879 803
803 804 879
805 806 880
880 881 806
806 807 881
881 882 807
807 808 882
882 883 808
808 809 883
883 884 809
809 810 884
884 885 810
810 811 885
885 886 811
811 812 886
886 887 812
812 813 887
887 888 813
813 814 888
888 889 814
814 815 889
889 890 815
815 816 890
890 891 816
816 817 891
891 892 817
817 818 892
892 893 818
818 819 893
893 894 819
819 820 894
894 895 820
820 821 895
895 896 821
821 822 896
896 897 822
822 823 897
897 898 823
823 824 898
898 899 824
824 825 899
899 900 825
825 826 900
900 901 826
826 827 901
901 902 827
827 828 902
902 903 828
828 829 903
903 904 829
829 830 904
904 905 830
830 831 905
905 906 831
831 832 906
906 907 832
832 833 907
907 908 833
833 834 908
908 909 834
834 835 909
909 910 835
835 836 910
910 911 836
836 837 911
911 912 837
837 838 912
912 913 838
838 839 913
913 914 839
839 840 914
914 915 840
840 841 915
915 916 841
841 842 916
916 917 842
842 843 917
917 918 843
843 844 918
918 919 844
844 845 919
919 920 845
845 846 920
920 921 846
846 847 921
921 922 847
847 848 922
922 923 848
848 849 923
923 924 849
849 850 924
924 925 850
850 851 925
925 926 851
851 852 926
926 927 852
852 853 927
927 928 853
853 854 928
928 929 854
854 855 929
929 930 855
855 856 930
930 931 856
856 857 931
931 932 857
857 858 932
932 933 858
858 859 933
933 934 859
859 860 934
934 935 860
860 861 935
935 936 861
861 862 936
936 937 862
862 863 937
937 938 863
863 864 938
938 939 864
864 865 939
939 940 865
865 866 940
940 941 866
866 867 941
941 942 867
867 868 942
942 943 868
868 869 943
943 944 869
869 870 944
944 945 870
870 871 945
945 946 871
871 872 946
946 947 872
872 873 947
947 948 873
873 874 948
948 949 874
874 875 949
949 950 875
875 876 950
950 951 876
876 877 951
951 952 877
877 878 952
952 953 878
878 879 953
880 881 954
954 955 881
881 882 955
955 956 882
882 883 956
956 957 883
883 884 957
957 958 884
884 885 958
958 959 885
885 886 959
959 960 886
886 887 960
960 961 887
887 888 961
961 962 888
888 889 962
962 963 889
889 890 963
963 964 890
890 891 964
964 965 891
891 892 965
965 966 892
892 893 966
966 967 893
893 894 967
967 968 894
894 895 968
968 969 895
895 896 969
969 970 896
896 897 970
970 971 897
897 898 971
971 972 898
898 899 972
972 973 899
899 900 973
973 974 900
900 901 974
974 975 901
901 902 975
975 976 902
902 903 976
976 977 903
903 904 977
977 978 904
904 905 978
978 979 905
905 906 979
979 980 906
906 907 980
980 981 907
907 908 981
981 982 908
908 909 982
982 983 909
909 910 983
983 984 910
910 911 984
984 985 911
911 912 985
985 986 912
912 913 986
986 987 913
913 914 987
987 988 914
914 915 988
988 989 915
915 916 989
989 990 916
916 917 990
990 991 917
917 918 991
991 992 918
918 919 992
992 993 919
919 920 993
993 994 920
920 921 994
994 995 921
921 922 995
995 996 922
922 923 996
996 997 923
923 924 997
997 998 924
924 925 998
998 999 925
925 926 999
999 1000 926
926 927 1000
1000 1001 927
927 928 1001
1001 1002 928
928 929 1002
1002 1003 929
929 930 1003
1003 1004 930
930 931 1004
1004 1005 931
931 932 1005
1005 1006 932
932 933 1006
1006 1007 933
933 934 1007
1007 1008 934
934 935 1008
1008 1009 935
935 936 1009
1009 1010 936
936 937 1010
1010 1011 937
937 938 1011
1011 1012 938
938 939 1012
1012 1013 939
939 940 1013
1013 1014 940
940 941 1014
1014 1015 941
941 942 1015
1015 1016 942
942 943 1016
1016 1017 943
943 944 1017
1017 1018 944
944 945 1018
1018 1019 945
945 946 1019
1019 1020 946
946 947 1020
1020 1021 947
947 948 1021
1021 1022 948
948 949 1022
1022 1023 949
949 950 1023
1023 1024 950
950 951 1024
1024 1025 951
951 952 1025
1025 1026 952
952 953 1026
954 955 1027
1027 1028 955
955 956 1028
1028 1029 956
956 957 1029
1029 1030 957
957 958 1030
1030 1031 958
958 959 1031
1031 1032 959
959 960 1032
1032 1033 960
960 961 1033
1033 1034 961
961 962 1034
1034 1035 962
962 963 1035
1035 1036 963
963 964 1036
1036 1037 964
964 965 1037
1037 1038 965
965 966 1038
1038 1039 966
966 967 1039
1039 1040 967
967 968 1040
1040 1041 968
968 969 1041
1041 1042 969
969 970 1042
1042 1043 970
970 971 1043
1043 1044 971
971 972 1044
1044 1045 972
972 973 1045
1045 1046 973
973 974 1046
1046 1047 974
974 975 1047
1047 1048 975
975 976 1048
1048 1049 976
976 977 1049
1049 1050 977
977 978 1050
1050 1051 978
978 979 1051
1051 1052 979
979 980 1052
1052 1053 980
980 981 1053
1053 1054 981
981 982 1054
1054 1055 982
982 983 1055
1055 1056 983
983 984 1056
1056 1057 984
984 985 1057
1057 1058 985
985 986 1058
1058 1059 986
986 987 1059
1059 1060 987
987 988 1060
1060 1061 988
988 989 1061
1061 1062 989
989 990 1062
1062 1063 990
990 991 1063
1063 1064 991
991 992 1064
1064 1065 992
992 993 1065
1065 1066 993
993 994 1066
1066 1067 994
994 995 1067
1067 1068 995
995 996 1068
1068 1069 996
996 997 1069
1069 1070 997
997 998 1070
1070 1071 998
998 999 1071
1071 1072 999
999 1000 1072
1072 1073 1000
1000 1001 1073
1073 1074 1001
1001 1002 1074
1074 1075 1002
1002 1003 1075
1075 1076 1003
1003 1004 1076
1076 1077 1004
1004 1005 1077
1077 1078 1005
1005 1006 1078
1078 1079 1006
1006 1007 1079
1079 1080 1007
1007 1008 1080
1080 1081 1008
1008 1009 1081
1081 1082 1009
1009 1010 1082
1082 1083 1010
1010 1011 1083
1083 1084 1011
1011 1012 1084
1084 1085 1012
1012 1013 1085
1085 1086 1013
1013 1014 1086
1086 1087 1014
1014 1015 1087
1087 1088 1015
1015 1016 1088
1088 1089 1016
1016 1017 1089
1089 1090 1017
1017 1018 1090
1090 1091 1018
1018 1019 1091
1091 1092 1019
1019 1020 1092
1092 1093 1020
1020 1021 1093
1093 1094 1021
1021 1022 1094
1094 1095 1022
1022 1023 1095
1095 1096 1023
1023 1024 1096
1096 1097 1024
1024 1025 1097
1097 1098 1025
1025 1026 1098
1027 1028 1099
1099 1100 1028
1028 1029 1100
1100 1101 1029
1029 1030 1101
1101 1102 1030
1030 1031 1102
1102 1103 1031
1031 1032 1103
1103 1104 1032
1032 1033 1104
1104 1105 1033
1033 1034 1105
1105 1106 1034
1034 1035 1106
1106 1107 1035
1035 1036 1107
1107 1108 1036
1036 1037 1108
1108 1109 1037
1037 1038 1109
1109 1110 1038
1038 1039 1110
1110 1111 1039
1039 1040 1111
1111 1112 1040
1040 1041 1112
1112 1113 1041
1041 1042 1113
1113 1114 1042
1042 1043 1114
1114 1115 1043
1043 1044 1115
1115 1116 1044
1044 1045 1116
1116 1117 1045
1045 1046 1117
1117 1118 1046
1046 1047 1118
1118 1119 1047
1047 1048 1119
1119 1120 1048
1048 1049 1120
1120 1121 1049
1049 1050 1121
1121 1122 1050
1050 1051 1122
1122 1123 1051
1051 1052 1123
1123 1124 1052
1052 1053 1124
1124 1125 1053
1053 1054 1125
1125 1126 1054
1054 1055 1126
1126 1127 1055
1055 1056 1127
1127 1128 1056
1056 1057 1128
1128 1129 1057
1057 1058 1129
1129 1130 1058
1058 1059 1130
1130 1131 1059
1059 1060 1131
1131 1132 1060
1060 1061 1132
1132 1133 1061
1061 1062 1133
1133 1134 1062
1062 1063 1134
1134 1135 1063
1063 1064 1135
1135 1136 1064
1064 1065 1136
1136 1137 1065
1065 1066 1137
1137 1138 1066
1066 1067 1138
1138 1139 1067
1067 1068 1139
1139 1140 1068
1068 1069 1140
1140 1141 1069
1069 1070 1141
1141 1142 1070
1070 1071 1142
1142 1143 1071
1071 1072 1143
1143 1144 1072
1072 1073 1144
1144 1145 1073
1073 1074 1145
1145 1146 1074
1074 1075 1146
1146 1147 1075
1075 1076 1147
1147 1148 1076
1076 1077 1148
1148 1149 1077
1077 1078 1149
1149 1150 1078
1078 1079 1150
1150 1151 1079
1079 1080 1151
1151 1152 1080
1080 1081 1152
1152 1153 1081
1081 1082 1153
1153 1154 1082
1082 1083 1154
1154 1155 1083
1083 1084 1155
1155 1156 1084
1084 1085 1156
1156 1157 1085
1085 1086 1157
1157 1158 1086
1086 1087 1158
1158 1159 1087
1087 1088 1159
1159 1160 1088
1088 1089 1160
1160 1161 1089
1089 1090 1161
1161 1162 1090
1090 1091 1162
1162 1163 1091
1091 1092 1163
1163 1164 1092
1092 1093 1164
1164 1165 1093
1093 1094 1165
1165 1166 1094
1094 1095 1166
1166 1167 1095
1095 1096 1167
1167 1168 1096
1096 1097 1168
1168 1169 1097
1097 1098 1169
1099 1100 1170
1170 1171 1100
1100 1101 1171
1171 1172 1101
1101 1102 1172
1172 1173 1102
1102 1103 1173
1173 1174 1103
1103 1104 1174
1174 1175 1104
1104 1105 1175
1175 1176 1105
1105 1106 1176
1176 1177 1106
1106 1107 1177
1177 1178 1107
1107 1108 1178
1178 1179 1108
1108 1109 1179
1179 1180 1109
1109 1110 1180
1180 1181 1110
1110 1111 1181
1181 1182 1111
1111 1112 1182
1182 1183 1112
1112 1113 1183
1183 1184 1113
1113 1114 1184
1184 1185 1114
1114 1115 1185
1185 1186 1115
1115 1116 1186
1186 1187 1116
1116 1117 1187
1187 1188 1117
1117 1118 1188
1188 1189 1118
1118 1119 1189
1189 1190 1119
1119 1120 1190
1190 1191 1120
1120 1121 1191
1191 1192 1121
1121 1122 1192
1192 1193 1122
1122 1123 1193
1193 1194 1123
1123 1124 1194
1194 1195 1124
1124 1125 1195
1195 1196 1125
1125 1126 1196
1196 1197 1126
1126 1127 1197
1197 1198 1127
1127 1128 1198
1198 1199 1128
1128 1129 1199
1199 1200 1129
1129 1130 1200
1200 1201 1130
1130 1131 1201
1201 1202 1131
1131 1132 1202
1202 1203 1132
1132 1133 1203
1203 1204 1133
1133 1134 1204
1204 1205 1134
1134 1135 1205
1205 1206 1135
1135 1136 1206
1206 1207 1136
1136 1137 1207
1207 1208 1137
1137 1138 1208
1208 1209 1138
1138 1139 1209
1209 1210 1139
1139 1140 1210
1210 1211 1140
1140 1141 1211
1211 1212 1141
1141 1142 1212
1212 1213 1142
1142 1143 1213
1213 1214 1143
1143 1144 1214
1214 1215 1144
1144 1145 1215
1215 1216 1145
1145 1146 1216
1216 1217 1146
1146 1147 1217
1217 1218 1147
1147 1148 1218
1218 1219 1148
1148 1149 1219
1219 1220 1149
1149 1150 1220
1220 1221 1150
1150 1151 1221
1221 1222 1151
1151 1152 1222
1222 1223 1152
1152 1153 1223
1223 1224 1153
1153 1154 1224
1224 1225 1154
1154 1155 1225
1225 1226 1155
1155 1156 1226
1226 1227 1156
1156 1157 1227
1227 1228 1157
1157 1158 1228
1228 1229 1158
1158 1159 1229
1229 1230 1159
1159 1160 1230
1230 1231 1160
1160 1161 1231
1231 1232 1161
1161 1162 1232
1232 1233 1162
1162 1163 1233
1233 1234 1163
1163 1164 1234
1234 1235 1164
1164 1165 1235
1235 1236 1165
1165 1166 1236
1236 1237 1166
1166 1167 1237
1237 1238 1167
1167 1168 1238
1238 1239 1168
1168 1169 1239
1170 1171 1240
1240 1241 1171
1171 1172 1241
1241 1242 1172
1172 1173 1242
1242 1243 1173
1173 1174 1243
1243 1244 1174
1174 1175 1244
1244 1245 1175
1175 1176 1245
1245 1246 1176
1176 1177 1246
1246 1247 1177
1177 1178 1247
1247 1248 1178
1178 1179 1248
1248 1249 1179
1179 1180 1249
1249 1250 1180
1180 1181 1250
1250 1251 1181
1181 1182 1251
1251 1252 1182
1182 1183 1252
1252 1253 1183
1183 1184 1253
1253 1254 1184
1184 1185 1254
1254 1255 1185
1185 1186 1255
1255 1256 1186
1186 1187 1256
1256 1257 1187
1187 1188 1257
1257 1258 1188
1188 1189 1258
1258 1259 1189
1189 1190 1259
1259 1260 1190
1190 1191 1260
1260 1261 1191
1191 1192 1261
1261 1262 1192
1192 1193 1262
1262 1263 1193
1193 1194 1263
1263 1264 1194
1194 1195 1264
1264 1265 1195
1195 1196 1265
1265 1266 1196
1196 1197 1266
1266 1267 1197
1197 1198 1267
1267 1268 1198
1198 1199 1268
1268 1269 1199
1199 1200 1269
1269 1270 1200
1200 1201 1270
1270 1271 1201
1201 1202 1271
1271 1272 1202
1202 1203 1272
1272 1273 1203
1203 1204 1273
1273 1274 1204
1204 1205 1274
1274 1275 1205
1205 1206 1275
1275 1276 1206
1206 1207 1276
1276 1277 1207
1207 1208 1277
1277 1278 1208
1208 1209 1278
1278 1279 1209
1209 1210 1279
1279 1280 1210
1210 1211 1280
1280 1281 1211
1211 1212 1281
1281 1282 1212
1212 1213 1282
1282 1283 1213
1213 1214 1283
1283 1284 1214
1214 1215 1284
1284 1285 1215
1215 1216 1285
1285 1286 1216
1216 1217 1286
1286 1287 1217
1217 1218 1287
1287 1288 1218
1218 1219 1288
1288 1289 1219
1219 1220 1289
1289 1290 1220
1220 1221 1290
1290 1291 1221
1221 1222 1291
1291 1292 1222
1222 1223 1292
1292 1293 1223
1223 1224 1293
1293 1294 1224
1224 1225 1294
1294 1295 1225
1225 1226 1295
1295 1296 1226
1226 1227 1296
1296 1297 1227
1227 1228 1297
1297 1298 1228
1228 1229 1298
1298 1299 1229
1229 1230 1299
1299 1300 1230
1230 1231 1300
1300 1301 1231
1231 1232 1301
1301 1302 1232
1232 1233 1302
1302 1303 1233
1233 1234 1303
1303 1304 1234
1234 1235 1304
1304 1305 1235
1235 1236 1305
1305 1306 1236
1236 1237 1306
1306 1307 1237
1237 1238 1307
1307 1308 1238
1238 1239 1308
1240 1241 1309
1309 1310 1241
1241 1242 1310
1310 1311 1242
1242 1243 1311
1311 1312 1243
1243 1244 1312
1312 1313 1244
1244 1245 1313
1313 1314 1245
1245 1246 1314
1314 1315 1246
1246 1247 1315
1315 1316 1247
1247 1248 1316
1316 1317 1248
1248 1249 1317
1317 1318 1249
1249 1250 1318
1318 1319 1250
1250 1251 1319
1319 1320 1251
1251 1252 1320
1320 1321 1252
1252 1253 1321
1321 1322 1253
1253 1254 1322
1322 1323 1254
1254 1255 1323
1323 1324 1255
1255 1256 1324
1324 1325 1256
1256 1257 1325
1325 1326 1257
1257 1258 1326
1326 1327 1258
1258 1259 1327
1327 1328 1259
1259 1260 1328
1328 1329 1260
1260 1261 1329
1329 1330 1261
1261 1262 1330
1330 1331 1262
1262 1263 1331
1331 1332 1263
1263 1264 1332
1332 1333 1264
1264 1265 1333
1333 1334 1265
1265 1266 1334
1334 1335 1266
1266 1267 1335
1335 1336 1267
1267 1268 1336
1336 1337 1268
1268 1269 1337
1337 1338 1269
1269 1270 1338
1338 1339 1270
1270 1271 1339
1339 1340 1271
1271 1272 1340
1340 1341 1272
1272 1273 1341
1341 1342 1273
1273 1274 1342
1342 1343 1274
1274 1275 1343
1343 1344 1275
1275 1276 1344
1344 1345 1276
1276 1277 1345
1345 1346 1277
1277 1278 1346
1346 1347 1278
1278 1279 1347
1347 1348 1279
1279 1280 1348
1348 1349 1280
1280 1281 1349
1349 1350 1281
1281 1282 1350
1350 1351 1282
1282 1283 1351
1351 1352 1283
1283 1284 1352
1352 1353 1284
1284 1285 1353
1353 1354 1285
1285 1286 1354
1354 1355 1286
1286 1287 1355
1355 1356 1287
1287 1288 1356
1356 1357 1288
1288 1289 1357
1357 1358 1289
1289 1290 1358
1358 1359 1290
1290 1291 1359
1359 1360 1291
1291 1292 1360
1360 1361 1292
1292 1293 1361
1361 1362 1293
1293 1294 1362
1362 1363 1294
1294 1295 1363
1363 1364 1295
1295 1296 1364
1364 1365 1296
1296 1297 1365
1365 1366 1297
1297 1298 1366
1366 1367 1298
1298 1299 1367
1367 1368 1299
1299 1300 1368
1368 1369 1300
1300 1301 1369
1369 1370 1301
1301 1302 1370
1370 1371 1302
1302 1303 1371
1371 1372 1303
1303 1304 1372
1372 1373 1304
1304 1305 1373
1373 1374 1305
1305 1306 1374
1374 1375 1306
1306 1307 1375
1375 1376 1307
1307 1308 1376
1309 1310 1377
1377 1378 1310
1310 1311 1378
1378 1379 1311
1311 1312 1379
1379 1380 1312
1312 1313 1380
1380 1381 1313
1313 1314 1381
1381 1382 1314
1314 1315 1382
1382 1383 1315
1315 1316 1383
1383 1384 1316
1316 1317 1384
1384 1385 1317
1317 1318 1385
1385 1386 1318
1318 1319 1386
1386 1387 1319
1319 1320 1387
1387 1388 1320
1320 1321 1388
1388 1389 1321
1321 1322 1389
1389 1390 1322
1322 1323 1390
1390 1391 1323
1323 1324 1391
1391 1392 1324
1324 1325 1392
1392 1393 1325
1325 1326 1393
1393 1394 1326
1326 1327 1394
1394 1395 1327
1327 1328 1395
1395 1396 1328
1328 1329 1396
1396 1397 1329
1329 1330 1397
1397 1398 1330
1330 1331 1398
1398 1399 1331
1331 1332 1399
1399 1400 1332
1332 1333 1400
1400 1401 1333
1333 1334 1401
1401 1402 1334
1334 1335 1402
1402 1403 1335
1335 1336 1403
1403 1404 1336
1336 1337 1404
1404 1405 1337
1337 1338 1405
1405 1406 1338
1338 1339 1406
1406 1407 1339
1339 1340 1407
1407 1408 1340
1340 1341 1408
1408 1409 1341
1341 1342 1409
1409 1410 1342
1342 1343 1410
1410 1411 1343
1343 1344 1411
1411 1412 1344
1344 1345 1412
1412 1413 1345
1345 1346 1413
1413 1414 1346
1346 1347 1414
1414 1415 1347
1347 1348 1415
1415 1416 1348
1348 1349 1416
1416 1417 1349
1349 1350 1417
1417 1418 1350
1350 1351 1418
1418 1419 1351
1351 1352 1419
1419 1420 1352
1352 1353 1420
1420 1421 1353
1353 1354 1421
1421 1422 1354
1354 1355 1422
1422 1423 1355
1355 1356 1423
1423 1424 1356
1356 1357 1424
1424 1425 1357
1357 1358 1425
1425 1426 1358
1358 1359 1426
1426 1427 1359
1359 1360 1427
1427 1428 1360
1360 1361 1428
1428 1429 1361
1361 1362 1429
1429 1430 1362
1362 1363 1430
1430 1431 1363
1363 1364 1431
1431 1432 1364
1364 1365 1432
1432 1433 1365
1365 1366 1433
1433 1434 1366
1366 1367 1434
1434 1435 1367
1367 1368 1435
1435 1436 1368
1368 1369 1436
1436 1437 1369
1369 1370 1437
1437 1438 1370
1370 1371 1438
1438 1439 1371
1371 1372 1439
1439 1440 1372
1372 1373 1440
1440 1441 1373
1373 1374 1441
1441 1442 1374
1374 1375 1442
1442 1443 1375
1375 1376 1443
1377 1378 1444
1444 1445 1378
1378 1379 1445
1445 1446 1379
1379 1380 1446
1446 1447 1380
1380 1381 1447
1447 1448 1381
1381 1382 1448
1448 1449 1382
1382 1383 1449
1449 1450 1383
1383 1384 1450
1450 1451 1384
1384 1385 1451
1451 1452 1385
1385 1386 1452
1452 1453 1386
1386 1387 1453
1453 1454 1387
1387 1388 1454
1454 1455 1388
1388 1389 1455
1455 1456 1389
1389 1390 1456
1456 1457 1390
1390 1391 1457
1457 1458 1391
1391 1392 1458
1458 1459 1392
1392 1393 1459
1459 1460 1393
1393 1394 1460
1460 1461 1394
1394 1395 1461
1461 1462 1395
1395 1396 1462
1462 1463 1396
1396 1397 1463
1463 1464 1397
1397 1398 1464
1464 1465 1398
1398 1399 1465
1465 1466 1399
1399 1400 1466
1466 1467 1400
1400 1401 1467
1467 1468 1401
1401 1402 1468
1468 1469 1402
1402 1403 1469
1469 1470 1403
1403 1404 1470
1470 1471 1404
1404 1405 1471
1471 1472 1405
1405 1406 1472
1472 1473 1406
1406 1407 1473
1473 1474 1407
1407 1408 1474
1474 1475 1408
1408 1409 1475
1475 1476 1409
1409 1410 1476
1476 1477 1410
1410 1411 1477
1477 1478 1411
1411 1412 1478
1478 1479 1412
1412 1413 1479
1479 1480 1413
1413 1414 1480
1480 1481 1414
1414 1415 1481
1481 1482 1415
1415 1416 1482
1482 1483 1416
1416 1417 1483
1483 1484 1417
1417 1418 1484
1484 1485 1418
1418 1419 1485
1485 1486 1419
1419 1420 1486
1486 1487 1420
1420 1421 1487
1487 1488 1421
1421 1422 1488
1488 1489 1422
1422 1423 1489
1489 1490 1423
1423 1424 1490
1490 1491 1424
1424 1425 1491
1491 1492 1425
1425 1426 1492
1492 1493 1426
1426 1427 1493
1493 1494 1427
1427 1428 1494
1494 1495 1428
1428 1429 1495
1495 1496 1429
1429 1430 1496
1496 1497 1430
1430 1431 1497
1497 1498 1431
1431 1432 1498
1498 1499 1432
1432 1433 1499
1499 1500 1433
1433 1434 1500
1500 1501 1434
1434 1435 1501
1501 1502 1435
1435 1436 1502
1502 1503 1436
1436 1437 1503
1503 1504 1437
1437 1438 1504
1504 1505 1438
1438 1439 1505
1505 1506 1439
1439 1440 1506
1506 1507 1440
1440 1441 1507
1507 1508 1441
1441 1442 1508
1508 1509 1442
1442 1443 1509
1444 1445 1510
1510 1511 1445
1445 1446 1511
1511 1512 1446
1446 1447 1512
1512 1513 1447
1447 1448 1513
1513 1514 1448
1448 1449 1514
1514 1515 1449
1449 1450 1515
1515 1516 1450
1450 1451 1516
1516 1517 1451
1451 1452 1517
1517 1518 1452
1452 1453 1518
1518 1519 1453
1453 1454 1519
1519 1520 1454
1454 1455 1520
1520 1521 1455
1455 1456 1521
1521 1522 1456
1456 1457 1522
1522 1523 1457
1457 1458 1523
1523 1524 1458
1458 1459 1524
1524 1525 1459
1459 1460 1525
1525 1526 1460
1460 1461 1526
1526 1527 1461
1461 1462 1527
1527 1528 1462
1462 1463 1528
1528 1529 1463
1463 1464 1529
1529 1530 1464
1464 1465 1530
1530 1531 1465
1465 1466 1531
1531 1532 1466
1466 1467 1532
1532 1533 1467
1467 1468 1533
1533 1534 1468
1468 1469 1534
1534 1535 1469
1469 1470 1535
1535 1536 1470
1470 1471 1536
1536 1537 1471
1471 1472 1537
1537 1538 1472
1472 1473 1538
1538 1539 1473
1473 1474 1539
1539 1540 1474
1474 1475 1540
1540 1541 1475
1475 1476 1541
1541 1542 1476
1476 1477 1542
1542 1543 1477
1477 1478 1543
1543 1544 1478
1478 1479 1544
1544 1545 1479
1479 1480 1545
1545 1546 1480
1480 1481 1546
1546 1547 1481
1481 1482 1547
1547 1548 1482
1482 1483 1548
1548 1549 1483
1483 1484 1549
1549 1550 1484
1484 1485 1550
1550 1551 1485
1485 1486 1551
1551 1552 1486
1486 1487 1552
1552 1553 1487
1487 1488 1553
1553 1554 1488
1488 1489 1554
1554 1555 1489
1489 1490 1555
1555 1556 1490
1490 1491 1556
1556 1557 1491
1491 1492 1557
1557 1558 1492
1492 1493 1558
1558 1559 1493
1493 1494 1559
1559 1560 1494
1494 1495 1560
1560 1561 1495
1495 1496 1561
1561 1562 1496
1496 1497 1562
1562 1563 1497
1497 1498 1563
1563 1564 1498
1498 1499 1564
1564 1565 1499
1499 1500 1565
1565 1566 1500
1500 1501 1566
1566 1567 1501
1501 1502 1567
1567 1568 1502
1502 1503 1568
1568 1569 1503
1503 1504 1569
1569 1570 1504
1504 1505 1570
1570 1571 1505
1505 1506 1571
1571 1572 1506
1506 1507 1572
1572 1573 1507
1507 1508 1573
1573 1574 1508
1508 1509 1574
1510 1511 1575
1575 1576 1511
1511 1512 1576
1576 1577 1512
1512 1513 1577
1577 1578 1513
1513 1514 1578
1578 1579 1514
1514 1515 1579
1579 1580 1515
1515 1516 1580
1580 1581 1516
1516 1517 1581
1581 1582 1517
1517 1518 1582
1582 1583 1518
1518 1519 1583
1583 1584 1519
1519 1520 1584
1584 1585 1520
1520 1521 1585
1585 1586 1521
1521 1522 1586
1586 1587 1522
1522 1523 1587
1587 1588 1523
1523 1524 1588
1588 1589 1524
1524 1525 1589
1589 1590 1525
1525 1526 1590
1590 1591 1526
1526 1527 1591
1591 1592 1527
1527 1528 1592
1592 1593 1528
1528 1529 1593
1593 1594 1529
1529 1530 1594
1594 1595 1530
1530 1531 1595
1595 1596 1531
1531 1532 1596
1596 1597 1532
1532 1533 1597
1597 1598 1533
1533 1534 1598
1598 1599 1534
1534 1535 1599
1599 1600 1535
1535 1536 1600
1600 1601 1536
1536 1537 1601
1601 1602 1537
1537 1538 1602
1602 1603 1538
1538 1539 1603
1603 1604 1539
1539 1540 1604
1604 1605 1540
1540 1541 1605
1605 1606 1541
1541 1542 1606
1606 1607 1542
1542 1543 1607
1607 1608 1543
1543 1544 1608
1608 1609 1544
1544 1545 1609
1609 1610 1545
1545 1546 1610
1610 1611 1546
1546 1547 1611
1611 1612 1547
1547 1548 1612
1612 1613 1548
1548 1549 1613
1613 1614 1549
1549 1550 1614
1614 1615 1550
1550 1551 1615
1615 1616 1551
1551 1552 1616
1616 1617 1552
1552 1553 1617
1617 1618 1553
1553 1554 1618
1618 1619 1554
1554 1555 1619
1619 1620 1555
1555 1556 1620
1620 1621 1556
1556 1557 1621
1621 1622 1557
1557 1558 1622
1622 1623 1558
1558 1559 1623
1623 1624 1559
1559 1560 1624
1624 1625 1560
1560 1561 1625
1625 1626 1561
1561 1562 1626
1626 1627 1562
1562 1563 1627
1627 1628 1563
1563 1564 1628
1628 1629 1564
1564 1565 1629
1629 1630 1565
1565 1566 1630
1630 1631 1566
1566 1567 1631
1631 1632 1567
1567 1568 1632
1632 1633 1568
1568 1569 1633
1633 1634 1569
1569 1570 1634
1634 1635 1570
1570 1571 1635
1635 1636 1571
1571 1572 1636
1636 1637 1572
1572 1573 1637
1637 1638 1573
1573 1574 1638
1575 1576 1639
1639 1640 1576
1576 1577 1640
1640 1641 1577
1577 1578 1641
1641 1642 1578
1578 1579 1642
1642 1643 1579
1579 1580 1643
1643 1644 1580
1580 1581 1644
1644 1645 1581
1581 1582 1645
1645 1646 1582
1582 1583 1646
1646 1647 1583
1583 1584 1647
1647 1648 1584
1584 1585 1648
1648 1649 1585
1585 1586 1649
1649 1650 1586
1586 1587 1650
1650 1651 1587
1587 1588 1651
1651 1652 1588
1588 1589 1652
1652 1653 1589
1589 1590 1653
1653 1654 1590
1590 1591 1654
1654 1655 1591
1591 1592 1655
1655 1656 1592
1592 1593 1656
1656 1657 1593
1593 1594 1657
1657 1658 1594
1594 1595 1658
1658 1659 1595
1595 1596 1659
1659 1660 1596
1596 1597 1660
1660 1661 1597
1597 1598 1661
1661 1662 1598
1598 1599 1662
1662 1663 1599
1599 1600 1663
1663 1664 1600
1600 1601 1664
1664 1665 1601
1601 1602 1665
1665 1666 1602
1602 1603 1666
1666 1667 1603
1603 1604 1667
1667 1668 1604
1604 1605 1668
1668 1669 1605
1605 1606 1669
1669 1670 1606
1606 1607 1670
1670 1671 1607
1607 1608 1671
1671 1672 1608
1608 1609 1672
1672 1673 1609
1609 1610 1673
1673 1674 1610
1610 1611 1674
1674 1675 1611
1611 1612 1675
1675 1676 1612
1612 1613 1676
1676 1677 1613
1613 1614 1677
1677 1678 1614
1614 1615 1678
1678 1679 1615
1615 1616 1679
1679 1680 1616
1616 1617 1680
1680 1681 1617
1617 1618 1681
1681 1682 1618
1618 1619 1682
1682 1683 1619
1619 1620 1683
1683 1684 1620
1620 1621 1684
1684 1685 1621
1621 1622 1685
1685 1686 1622
1622 1623 1686
1686 1687 1623
1623 1624 1687
1687 1688 1624
1624 1625 1688
1688 1689 1625
1625 1626 1689
1689 1690 1626
1626 1627 1690
1690 1691 1627
1627 1628 1691
1691 1692 1628
1628 1629 1692
1692 1693 1629
1629 1630 1693
1693 1694 1630
1630 1631 1694
1694 1695 1631
1631 1632 1695
1695 1696 1632
1632 1633 1696
1696 1697 1633
1633 1634 1697
1697 1698 1634
1634 1635 1698
1698 1699 1635
1635 1636 1699
1699 1700 1636
1636 1637 1700
1700 1701 1637
1637 1638 1701
1639 1640 1702
1702 1703 1640
1640 1641 1703
1703 1704 1641
1641 1642 1704
1704 1705 1642
1642 1643 1705
1705 1706 1643
1643 1644 1706
1706 1707 1644
1644 1645 1707
1707 1708 1645
1645 1646 1708
1708 1709 1646
1646 1647 1709
1709 1710 1647
1647 1648 1710
1710 1711 1648
1648 1649 1711
1711 1712 1649
1649 1650 1712
1712 1713 1650
1650 1651 1713
1713 1714 1651
1651 1652 1714
1714 1715 1652
1652 1653 1715
1715 1716 1653
1653 1654 1716
1716 1717 1654
1654 1655 1717
1717 1718 1655
1655 1656 1718
1718 1719 1656
1656 1657 1719
1719 1720 1657
1657 1658 1720
1720 1721 1658
1658 1659 1721
1721 1722 1659
1659 1660 1722
1722 1723 1660
1660 1661 1723
1723 1724 1661
1661 1662 1724
1724 1725 1662
1662 1663 1725
1725 1726 1663
1663 1664 1726
1726 1727 1664
1664 1665 1727
1727 1728 1665
1665 1666 1728
1728 1729 1666
1666 1667 1729
1729 1730 1667
1667 1668 1730
1730 1731 1668
1668 1669 1731
1731 1732 1669
1669 1670 1732
1732 1733 1670
1670 1671 1733
1733 1734 1671
1671 1672 1734
1734 1735 1672
1672 1673 1735
1735 1736 1673
1673 1674 1736
1736 1737 1674
1674 1675 1737
1737 1738 1675
1675 1676 1738
1738 1739 1676
1676 1677 1739
1739 1740 1677
1677 1678 1740
1740 1741 1678
1678 1679 1741
1741 1742 1679
1679 1680 1742
1742 1743 1680
1680 1681 1743
1743 1744 1681
1681 1682 1744
1744 1745 1682
1682 1683 1745
1745 1746 1683
1683 1684 1746
1746 1747 1684
1684 1685 1747
1747 1748 1685
1685 1686 1748
1748 1749 1686
1686 1687 1749
1749 1750 1687
1687 1688 1750
1750 1751 1688
1688 1689 1751
1751 1752 1689
1689 1690 1752
1752 1753 1690
1690 1691 1753
1753 1754 1691
1691 1692 1754
1754 1755 1692
1692 1693 1755
1755 1756 1693
1693 1694 1756
1756 1757 1694
1694 1695 1757
1757 1758 1695
1695 1696 1758
1758 1759 1696
1696 1697 1759
1759 1760 1697
1697 1698 1760
1760 1761 1698
1698 1699 1761
1761 1762 1699
1699 1700 1762
1762 1763 1700
1700 1701 1763
1702 1703 1764
1764 1765 1703
1703 1704 1765
1765 1766 1704
1704 1705 1766
1766 1767 1705
1705 1706 1767
1767 1768 1706
1706 1707 1768
1768 1769 1707
1707 1708 1769
1769 1770 1708
1708 1709 1770
1770 1771 1709
1709 1710 1771
1771 1772 1710
1710 1711 1772
1772 1773 1711
1711 1712 1773
1773 1774 1712
1712 1713 1774
1774 1775 1713
1713 1714 1775
1775 1776 1714
1714 1715 1776
1776 1777 1715
1715 1716 1777
1777 1778 1716
1716 1717 1778
1778 1779 1717
1717 1718 1779
1779 1780 1718
1718 1719 1780
1780 1781 1719
1719 1720 1781
1781 1782 1720
1720 1721 1782
1782 1783 1721
1721 1722 1783
1783 1784 1722
1722 1723 1784
1784 1785 1723
1723 1724 1785
1785 1786 1724
1724 1725 1786
1786 1787 1725
1725 1726 1787
1787 1788 1726
1726 1727 1788
1788 1789 1727
1727 1728 1789
1789 1790 1728
1728 1729 1790
1790 1791 1729
1729 1730 1791
1791 1792 1730
1730 1731 1792
1792 1793 1731
1731 1732 1793
1793 1794 1732
1732 1733 1794
1794 1795 1733
1733 1734 1795
1795 1796 1734
1734 1735 1796
1796 1797 1735
1735 1736 1797
1797 1798 1736
1736 1737 1798
1798 1799 1737
1737 1738 1799
1799 1800 1738
1738 1739 1800
1800 1801 1739
1739 1740 1801
1801 1802 1740
1740 1741 1802
1802 1803 1741
1741 1742 1803
1803 1804 1742
1742 1743 1804
1804 1805 1743
1743 1744 1805
1805 1806 1744
1744 1745 1806
1806 1807 1745
1745 1746 1807
1807 1808 1746
1746 1747 1808
1808 1809 1747
1747 1748 1809
1809 1810 1748
1748 1749 1810
1810 1811 1749
1749 1750 1811
1811 1812 1750
1750 1751 1812
1812 1813 1751
1751 1752 1813
1813 1814 1752
1752 1753 1814
1814 1815 1753
1753 1754 1815
1815 1816 1754
1754 1755 1816
1816 1817 1755
1755 1756 1817
1817 1818 1756
1756 1757 1818
1818 1819 1757
1757 1758 1819
1819 1820 1758
1758 1759 1820
1820 1821 1759
1759 1760 1821
1821 1822 1760
1760 1761 1822
1822 1823 1761
1761 1762 1823
1823 1824 1762
1762 1763 1824
1764 1765 1825
1825 1826 1765
1765 1766 1826
1826 1827 1766
1766 1767 1827
1827 1828 1767
1767 1768 1828
1828 1829 1768
1768 1769 1829
1829 1830 1769
1769 1770 1830
1830 1831 1770
1770 1771 1831
1831 1832 1771
1771 1772 1832
1832 1833 1772
1772 1773 1833
1833 1834 1773
1773 1774 1834
1834 1835 1774
1774 1775 1835
1835 1836 1775
1775 1776 1836
1836 1837 1776
1776 1777 1837
1837 1838 1777
1777 1778 1838
1838 1839 1778
1778 1779 1839
1839 1840 1779
1779 1780 1840
1840 1841 1780
1780 1781 1841
1841 1842 1781
1781 1782 1842
1842 1843 1782
1782 1783 1843
1843 1844 1783
1783 1784 1844
1844 1845 1784
1784 1785 1845
1845 1846 1785
1785 1786 1846
1846 1847 1786
1786 1787 1847
1847 1848 1787
1787 1788 1848
1848 1849 1788
1788 1789 1849
1849 1850 1789
1789 1790 1850
1850 1851 1790
1790 1791 1851
1851 1852 1791
1791 1792 1852
1852 1853 1792
1792 1793 1853
1853 1854 1793
1793 1794 1854
1854 1855 1794
1794 1795 1855
1855 1856 1795
1795 1796 1856
1856 1857 1796
1796 1797 1857
1857 1858 1797
1797 1798 1858
1858 1859 1798
1798 1799 1859
1859 1860 1799
1799 1800 1860
1860 1861 1800
1800 1801 1861
1861 1862 1801
1801 1802 1862
1862 1863 1802
1802 1803 1863
1863 1864 1803
1803 1804 1864
1864 1865 1804
1804 1805 1865
1865 1866 1805
1805 1806 1866
1866 1867 1806
1806 1807 1867
1867 1868 1807
1807 1808 1868
1868 1869 1808
1808 1809 1869
1869 1870 1809
1809 1810 1870
1870 1871 1810
1810 1811 1871
1871 1872 1811
1811 1812 1872
1872 1873 1812
1812 1813 1873
1873 1874 1813
1813 1814 1874
1874 1875 1814
1814 1815 1875
1875 1876 1815
1815 1816 1876
1876 1877 1816
1816 1817 1877
1877 1878 1817
1817 1818 1878
1878 1879 1818
1818 1819 1879
1879 1880 1819
1819 1820 1880
1880 1881 1820
1820 1821 1881
1881 1882 1821
1821 1822 1882
1882 1883 1822
1822 1823 1883
1883 1884 1823
1823 1824 1884
1825 1826 1885
1885 1886 1826
1826 1827 1886
1886 1887 1827
1827 1828 1887
1887 1888 1828
1828 1829 1888
1888 1889 1829
1829 1830 1889
1889 1890 1830
1830 1831 1890
1890 1891 1831
1831 1832 1891
1891 1892 1832
1832 1833 1892
1892 1893 1833
1833 1834 1893
1893 1894 1834
1834 1835 1894
1894 1895 1835
1835 1836 1895
1895 1896 1836
1836 1837 1896
1896 1897 1837
1837 1838 1897
1897 1898 1838
1838 1839 1898
1898 1899 1839
1839 1840 1899
1899 1900 1840
1840 1841 1900
1900 1901 1841
1841 1842 1901
1901 1902 1842
1842 1843 1902
1902 1903 1843
1843 1844 1903
1903 1904 1844
1844 1845 1904
1904 1905 1845
1845 1846 1905
1905 1906 1846
1846 1847 1906
1906 1907 1847
1847 1848 1907
1907 1908 1848
1848 1849 1908
1908 1909 1849
1849 1850 1909
1909 1910 1850
1850 1851 1910
1910 1911 1851
1851 1852 1911
1911 1912 1852
1852 1853 1912
1912 1913 1853
1853 1854 1913
1913 1914 1854
1854 1855 1914
1914 1915 1855
1855 1856 1915
1915 1916 1856
1856 1857 1916
1916 1917 1857
1857 1858 1917
1917 1918 1858
1858 1859 1918
1918 1919 1859
1859 1860 1919
1919 1920 1860
1860 1861 1920
1920 1921 1861
1861 1862 1921
1921 1922 1862
1862 1863 1922
1922 1923 1863
1863 1864 1923
1923 1924 1864
1864 1865 1924
1924 1925 1865
1865 1866 1925
1925 1926 1866
1866 1867 1926
1926 1927 1867
1867 1868 1927
1927 1928 1868
1868 1869 1928
1928 1929 1869
1869 1870 1929
1929 1930 1870
1870 1871 1930
1930 1931 1871
1871 1872 1931
1931 1932 1872
1872 1873 1932
1932 1933 1873
1873 1874 1933
1933 1934 1874
1874 1875 1934
1934 1935 1875
1875 1876 1935
1935 1936 1876
1876 1877 1936
1936 1937 1877
1877 1878 1937
1937 1938 1878
1878 1879 1938
1938 1939 1879
1879 1880 1939
1939 1940 1880
1880 1881 1940
1940 1941 1881
1881 1882 1941
1941 1942 1882
1882 1883 1942
1942 1943 1883
1883 1884 1943
1885 1886 1944
1944 1945 1886
1886 1887 1945
1945 1946 1887
1887 1888 1946
1946 1947 1888
1888 1889 1947
1947 1948 1889
1889 1890 1948
1948 1949 1890
1890 1891 1949
1949 1950 1891
1891 1892 1950
1950 1951 1892
1892 1893 1951
1951 1952 1893
1893 1894 1952
1952 1953 1894
1894 1895 1953
1953 1954 1895
1895 1896 1954
1954 1955 1896
1896 1897 1955
1955 1956 1897
1897 1898 1956
1956 1957 1898
1898 1899 1957
1957 1958 1899
1899 1900 1958
1958 1959 1900
1900 1901 1959
1959 1960 1901
1901 1902 1960
1960 1961 1902
1902 1903 1961
1961 1962 1903
1903 1904 1962
1962 1963 1904
1904 1905 1963
1963 1964 1905
1905 1906 1964
1964 1965 1906
1906 1907 1965
1965 1966 1907
1907 1908 1966
1966 1967 1908
1908 1909 1967
1967 1968 1909
1909 1910 1968
1968 1969 1910
1910 1911 1969
1969 1970 1911
1911 1912 1970
1970 1971 1912
1912 1913 1971
1971 1972 1913
1913 1914 1972
1972 1973 1914
1914 1915 1973
1973 1974 1915
1915 1916 1974
1974 1975 1916
1916 1917 1975
1975 1976 1917
1917 1918 1976
1976 1977 1918
1918 1919 1977
1977 1978 1919
1919 1920 1978
1978 1979 1920
1920 1921 1979
1979 1980 1921
1921 1922 1980
1980 1981 1922
1922 1923 1981
1981 1982 1923
1923 1924 1982
1982 1983 1924
1924 1925 1983
1983 1984 1925
1925 1926 1984
1984 1985 1926
1926 1927 1985
1985 1986 1927
1927 1928 1986
1986 1987 1928
1928 1929 1987
1987 1988 1929
1929 1930 1988
1988 1989 1930
1930 1931 1989
1989 1990 1931
1931 1932 1990
1990 1991 1932
1932 1933 1991
1991 1992 1933
1933 1934 1992
1992 1993 1934
1934 1935 1993
1993 1994 1935
1935 1936 1994
1994 1995 1936
1936 1937 1995
1995 1996 1937
1937 1938 1996
1996 1997 1938
1938 1939 1997
1997 1998 1939
1939 1940 1998
1998 1999 1940
1940 1941 1999
1999 2000 1941
1941 1942 2000
2000 2001 1942
1942 1943 2001
1944 1945 2002
2002 2003 1945
1945 1946 2003
2003 2004 1946
1946 1947 2004
2004 2005 1947
1947 1948 2005
2005 2006 1948
1948 1949 2006
2006 2007 1949
1949 1950 2007
2007 2008 1950
1950 1951 2008
2008 2009 1951
1951 1952 2009
2009 2010 1952
1952 1953 2010
2010 2011 1953
1953 1954 2011
2011 2012 1954
1954 1955 2012
2012 2013 1955
1955 1956 2013
2013 2014 1956
1956 1957 2014
2014 2015 1957
1957 1958 2015
2015 2016 1958
1958 1959 2016
2016 2017 1959
1959 1960 2017
2017 2018 1960
1960 1961 2018
2018 2019 1961
1961 1962 2019
2019 2020 1962
1962 1963 2020
2020 2021 1963
1963 1964 2021
2021 2022 1964
1964 1965 2022
2022 2023 1965
1965 1966 2023
2023 2024 1966
1966 1967 2024
2024 2025 1967
1967 1968 2025
2025 2026 1968
1968 1969 2026
2026 2027 1969
1969 1970 2027
2027 2028 1970
1970 1971 2028
2028 2029 1971
1971 1972 2029
2029 2030 1972
1972 1973 2030
2030 2031 1973
1973 1974 2031
2031 2032 1974
1974 1975 2032
2032 2033 1975
1975 1976 2033
2033 2034 1976
1976 1977 2034
2034 2035 1977
1977 1978 2035
2035 2036 1978
1978 1979 2036
2036 2037 1979
1979 1980 2037
2037 2038 1980
1980 1981 2038
2038 2039 1981
1981 1982 2039
2039 2040 1982
1982 1983 2040
2040 2041 1983
1983 1984 2041
2041 2042 1984
1984 1985 2042
2042 2043 1985
1985 1986 2043
2043 2044 1986
1986 1987 2044
2044 2045 1987
1987 1988 2045
2045 2046 1988
1988 1989 2046
2046 2047 1989
1989 1990 2047
2047 2048 1990
1990 1991 2048
2048 2049 1991
1991 1992 2049
2049 2050 1992
1992 1993 2050
2050 2051 1993
1993 1994 2051
2051 2052 1994
1994 1995 2052
2052 2053 1995
1995 1996 2053
2053 2054 1996
1996 1997 2054
2054 2055 1997
1997 1998 2055
2055 2056 1998
1998 1999 2056
2056 2057 1999
1999 2000 2057
2057 2058 2000
2000 2001 2058
2002 2003 2059
2059 2060 2003
2003 2004 2060
2060 2061 2004
2004 2005 2061
2061 2062 2005
2005 2006 2062
2062 2063 2006
2006 2007 2063
2063 2064 2007
2007 2008 2064
2064 2065 2008
2008 2009 2065
2065 2066 2009
2009 2010 2066
2066 2067 2010
2010 2011 2067
2067 2068 2011
2011 2012 2068
2068 2069 2012
2012 2013 2069
2069 2070 2013
2013 2014 2070
2070 2071 2014
2014 2015 2071
2071 2072 2015
2015 2016 2072
2072 2073 2016
2016 2017 2073
2073 2074 2017
2017 2018 2074
2074 2075 2018
2018 2019 2075
2075 2076 2019
2019 2020 2076
2076 2077 2020
2020 2021 2077
2077 2078 2021
2021 2022 2078
2078 2079 2022
2022 2023 2079
2079 2080 2023
2023 2024 2080
2080 2081 2024
2024 2025 2081
2081 2082 2025
2025 2026 2082
2082 2083 2026
2026 2027 2083
2083 2084 2027
2027 2028 2084
2084 2085 2028
2028 2029 2085
2085 2086 2029
2029 2030 2086
2086 2087 2030
2030 2031 2087
2087 2088 2031
2031 2032 2088
2088 2089 2032
2032 2033 2089
2089 2090 2033
2033 2034 2090
2090 2091 2034
2034 2035 2091
2091 2092 2035
2035 2036 2092
2092 2093 2036
2036 2037 2093
2093 2094 2037
2037 2038 2094
2094 2095 2038
2038 2039 2095
2095 2096 2039
2039 2040 2096
2096 2097 2040
2040 2041 2097
2097 2098 2041
2041 2042 2098
2098 2099 2042
2042 2043 2099
2099 2100 2043
2043 2044 2100
2100 2101 2044
2044 2045 2101
2101 2102 2045
2045 2046 2102
2102 2103 2046
2046 2047 2103
2103 2104 2047
2047 2048 2104
2104 2105 2048
2048 2049 2105
2105 2106 2049
2049 2050 2106
2106 2107 2050
2050 2051 2107
2107 2108 2051
2051 2052 2108
2108 2109 2052
2052 2053 2109
2109 2110 2053
2053 2054 2110
2110 2111 2054
2054 2055 2111
2111 2112 2055
2055 2056 2112
2112 2113 2056
2056 2057 2113
2113 2114 2057
2057 2058 2114
2059 2060 2115
2115 2116 2060
2060 2061 2116
2116 2117 2061
2061 2062 2117
2117 2118 2062
2062 2063 2118
2118 2119 2063
2063 2064 2119
2119 2120 2064
2064 2065 2120
2120 2121 2065
2065 2066 2121
2121 2122 2066
2066 2067 2122
2122 2123 2067
2067 2068 2123
2123 2124 2068
2068 2069 2124
2124 2125 2069
2069 2070 2125
2125 2126 2070
2070 2071 2126
2126 2127 2071
2071 2072 2127
2127 2128 2072
2072 2073 2128
2128 2129 2073
2073 2074 2129
2129 2130 2074
2074 2075 2130
2130 2131 2075
2075 2076 2131
2131 2132 2076
2076 2077 2132
2132 2133 2077
2077 2078 2133
2133 2134 2078
2078 2079 2134
2134 2135 2079
2079 2080 2135
2135 2136 2080
2080 2081 2136
2136 2137 2081
2081 2082 2137
2137 2138 2082
2082 2083 2138
2138 2139 2083
2083 2084 2139
2139 2140 2084
2084 2085 2140
2140 2141 2085
2085 2086 2141
2141 2142 2086
2086 2087 2142
2142 2143 2087
2087 2088 2143
2143 2144 2088
2088 2089 2144
2144 2145 2089
2089 2090 2145
2145 2146 2090
2090 2091 2146
2146 2147 2091
2091 2092 2147
2147 2148 2092
2092 2093 2148
2148 2149 2093
2093 2094 2149
2149 2150 2094
2094 2095 2150
2150 2151 2095
2095 2096 2151
2151 2152 2096
2096 2097 2152
2152 2153 2097
2097 2098 2153
2153 2154 2098
2098 2099 2154
2154 2155 2099
2099 2100 2155
2155 2156 2100
2100 2101 2156
2156 2157 2101
2101 2102 2157
2157 2158 2102
2102 2103 2158
2158 2159 2103
2103 2104 2159
2159 2160 2104
2104 2105 2160
2160 2161 2105
2105 2106 2161
2161 2162 2106
2106 2107 2162
2162 2163 2107
2107 2108 2163
2163 2164 2108
2108 2109 2164
2164 2165 2109
2109 2110 2165
2165 2166 2110
2110 2111 2166
2166 2167 2111
2111 2112 2167
2167 2168 2112
2112 2113 2168
2168 2169 2113
2113 2114 2169
2115 2116 2170
2170 2171 2116
2116 2117 2171
2171 2172 2117
2117 2118 2172
2172 2173 2118
2118 2119 2173
2173 2174 2119
2119 2120 2174
2174 2175 2120
2120 2121 2175
2175 2176 2121
2121 2122 2176
2176 2177 2122
2122 2123 2177
2177 2178 2123
2123 2124 2178
2178 2179 2124
2124 2125 2179
2179 2180 2125
2125 2126 2180
2180 2181 2126
2126 2127 2181
2181 2182 2127
2127 2128 2182
2182 2183 2128
2128 2129 2183
2183 2184 2129
2129 2130 2184
2184 2185 2130
2130 2131 2185
2185 2186 2131
2131 2132 2186
2186 2187 2132
2132 2133 2187
2187 2188 2133
2133 2134 2188
2188 2189 2134
2134 2135 2189
2189 2190 2135
2135 2136 2190
2190 2191 2136
2136 2137 2191
2191 2192 2137
2137 2138 2192
2192 2193 2138
2138 2139 2193
2193 2194 2139
2139 2140 2194
2194 2195 2140
2140 2141 2195
2195 2196 2141
2141 2142 2196
2196 2197 2142
2142 2143 2197
2197 2198 2143
2143 2144 2198
2198 2199 2144
2144 2145 2199
2199 2200 2145
2145 2146 2200
2200 2201 2146
2146 2147 2201
2201 2202 2147
2147 2148 2202
2202 2203 2148
2148 2149 2203
2203 2204 2149
2149 2150 2204
2204 2205 2150
2150 2151 2205
2205 2206 2151
2151 2152 2206
2206 2207 2152
2152 2153 2207
2207 2208 2153
2153 2154 2208
2208 2209 2154
2154 2155 2209
2209 2210 2155
2155 2156 2210
2210 2211 2156
2156 2157 2211
2211 2212 2157
2157 2158 2212
2212 2213 2158
2158 2159 2213
2213 2214 2159
2159 2160 2214
2214 2215 2160
2160 2161 2215
2215 2216 2161
2161 2162 2216
2216 2217 2162
2162 2163 2217
2217 2218 2163
2163 2164 2218
2218 2219 2164
2164 2165 2219
2219 2220 2165
2165 2166 2220
2220 2221 2166
2166 2167 2221
2221 2222 2167
2167 2168 2222
2222 2223 2168
2168 2169 2223
2170 2171 2224
2224 2225 2171
2171 2172 2225
2225 2226 2172
2172 2173 2226
2226 2227 2173
2173 2174 2227
2227 2228 2174
2174 2175 2228
2228 2229 2175
2175 2176 2229
2229 2230 2176
2176 2177 2230
2230 2231 2177
2177 2178 2231
2231 2232 2178
2178 2179 2232
2232 2233 2179
2179 2180 2233
2233 2234 2180
2180 2181 2234
2234 2235 2181
2181 2182 2235
2235 2236 2182
2182 2183 2236
2236 2237 2183
2183 2184 2237
2237 2238 2184
2184 2185 2238
2238 2239 2185
2185 2186 2239
2239 2240 2186
2186 2187 2240
2240 2241 2187
2187 2188 2241
2241 2242 2188
2188 2189 2242
2242 2243 2189
2189 2190 2243
2243 2244 2190
2190 2191 2244
2244 2245 2191
2191 2192 2245
2245 2246 2192
2192 2193 2246
2246 2247 2193
2193 2194 2247
2247 2248 2194
2194 2195 2248
2248 2249 2195
2195 2196 2249
2249 2250 2196
2196 2197 2250
2250 2251 2197
2197 2198 2251
2251 2252 2198
2198 2199 2252
2252 2253 2199
2199 2200 2253
2253 2254 2200
2200 2201 2254
2254 2255 2201
2201 2202 2255
2255 2256 2202
2202 2203 2256
2256 2257 2203
2203 2204 2257
2257 2258 2204
2204 2205 2258
2258 2259 2205
2205 2206 2259
2259 2260 2206
2206 2207 2260
2260 2261 2207
2207 2208 2261
2261 2262 2208
2208 2209 2262
2262 2263 2209
2209 2210 2263
2263 2264 2210
2210 2211 2264
2264 2265 2211
2211 2212 2265
2265 2266 2212
2212 2213 2266
2266 2267 2213
2213 2214 2267
2267 2268 2214
2214 2215 2268
2268 2269 2215
2215 2216 2269
2269 2270 2216
2216 2217 2270
2270 2271 2217
2217 2218 2271
2271 2272 2218
2218 2219 2272
2272 2273 2219
2219 2220 2273
2273 2274 2220
2220 2221 2274
2274 2275 2221
2221 2222 2275
2275 2276 2222
2222 2223 2276
2224 2225 2277
2277 2278 2225
2225 2226 2278
2278 2279 2226
2226 2227 2279
2279 2280 2227
2227 2228 2280
2280 2281 2228
2228 2229 2281
2281 2282 2229
2229 2230 2282
2282 2283 2230
2230 2231 2283
2283 2284 2231
2231 2232 2284
2284 2285 2232
2232 2233 2285
2285 2286 2233
2233 2234 2286
2286 2287 2234
2234 2235 2287
2287 2288 2235
2235 2236 2288
2288 2289 2236
2236 2237 2289
2289 2290 2237
2237 2238 2290
2290 2291 2238
2238 2239 2291
2291 2292 2239
2239 2240 2292
2292 2293 2240
2240 2241 2293
2293 2294 2241
2241 2242 2294
2294 2295 2242
2242 2243 2295
2295 2296 2243
2243 2244 2296
2296 2297 2244
2244 2245 2297
2297 2298 2245
2245 2246 2298
2298 2299 2246
2246 2247 2299
2299 2300 2247
2247 2248 2300
2300 2301 2248
2248 2249 2301
2301 2302 2249
2249 2250 2302
2302 2303 2250
2250 2251 2303
2303 2304 2251
2251 2252 2304
2304 2305 2252
2252 2253 2305
2305 2306 2253
2253 2254 2306
2306 2307 2254
2254 2255 2307
2307 2308 2255
2255 2256 2308
2308 2309 2256
2256 2257 2309
2309 2310 2257
2257 2258 2310
2310 2311 2258
2258 2259 2311
2311 2312 2259
2259 2260 2312
2312 2313 2260
2260 2261 2313
2313 2314 2261
2261 2262 2314
2314 2315 2262
2262 2263 2315
2315 2316 2263
2263 2264 2316
2316 2317 2264
2264 2265 2317
2317 2318 2265
2265 2266 2318
2318 2319 2266
2266 2267 2319
2319 2320 2267
2267 2268 2320
2320 2321 2268
2268 2269 2321
2321 2322 2269
2269 2270 2322
2322 2323 2270
2270 2271 2323
2323 2324 2271
2271 2272 2324
2324 2325 2272
2272 2273 2325
2325 2326 2273
2273 2274 2326
2326 2327 2274
2274 2275 2327
2327 2328 2275
2275 2276 2328
2277 2278 2329
2329 2330 2278
2278 2279 2330
2330 2331 2279
2279 2280 2331
2331 2332 2280
2280 2281 2332
2332 2333 2281
2281 2282 2333
2333 2334 2282
2282 2283 2334
2334 2335 2283
2283 2284 2335
2335 2336 2284
2284 2285 2336
2336 2337 2285
2285 2286 2337
2337 2338 2286
2286 2287 2338
2338 2339 2287
2287 2288 2339
2339 2340 2288
2288 2289 2340
2340 2341 2289
2289 2290 2341
2341 2342 2290
2290 2291 2342
2342 2343 2291
2291 2292 2343
2343 2344 2292
2292 2293 2344
2344 2345 2293
2293 2294 2345
2345 2346 2294
2294 2295 2346
2346 2347 2295
2295 2296 2347
2347 2348 2296
2296 2297 2348
2348 2349 2297
2297 2298 2349
2349 2350 2298
2298 2299 2350
2350 2351 2299
2299 2300 2351
2351 2352 2300
2300 2301 2352
2352 2353 2301
2301 2302 2353
2353 2354 2302
2302 2303 2354
2354 2355 2303
2303 2304 2355
2355 2356 2304
2304 2305 2356
2356 2357 2305
2305 2306 2357
2357 2358 2306
2306 2307 2358
2358 2359 2307
2307 2308 2359
2359 2360 2308
2308 2309 2360
2360 2361 2309
2309 2310 2361
2361 2362 2310
2310 2311 2362
2362 2363 2311
2311 2312 2363
2363 2364 2312
2312 2313 2364
2364 2365 2313
2313 2314 2365
2365 2366 2314
2314 2315 2366
2366 2367 2315
2315 2316 2367
2367 2368 2316
2316 2317 2368
2368 2369 2317
2317 2318 2369
2369 2370 2318
2318 2319 2370
2370 2371 2319
2319 2320 2371
2371 2372 2320
2320 2321 2372
2372 2373 2321
2321 2322 2373
2373 2374 2322
2322 2323 2374
2374 2375 2323
2323 2324 2375
2375 2376 2324
2324 2325 2376
2376 2377 2325
2325 2326 2377
2377 2378 2326
2326 2327 2378
2378 2379 2327
2327 2328 2379
2329 2330 2380
2380 2381 2330
2330 2331 2381
2381 2382 2331
2331 2332 2382
2382 2383 2332
2332 2333 2383
2383 2384 2333
2333 2334 2384
2384 2385 2334
2334 2335 2385
2385 2386 2335
2335 2336 2386
2386 2387 2336
2336 2337 2387
2387 2388 2337
2337 2338 2388
2388 2389 2338
2338 2339 2389
2389 2390 2339
2339 2340 2390
2390 2391 2340
2340 2341 2391
2391 2392 2341
2341 2342 2392
2392 2393 2342
2342 2343 2393
2393 2394 2343
2343 2344 2394
2394 2395 2344
2344 2345 2395
2395 2396 2345
2345 2346 2396
2396 2397 2346
2346 2347 2397
2397 2398 2347
2347 2348 2398
2398 2399 2348
2348 2349 2399
2399 2400 2349
2349 2350 2400
2400 2401 2350
2350 2351 2401
2401 2402 2351
2351 2352 2402
2402 2403 2352
2352 2353 2403
2403 2404 2353
2353 2354 2404
2404 2405 2354
2354 2355 2405
2405 2406 2355
2355 2356 2406
2406 2407 2356
2356 2357 2407
2407 2408 2357
2357 2358 2408
2408 2409 2358
2358 2359 2409
2409 2410 2359
2359 2360 2410
2410 2411 2360
2360 2361 2411
2411 2412 2361
2361 2362 2412
2412 2413 2362
2362 2363 2413
2413 2414 2363
2363 2364 2414
2414 2415 2364
2364 2365 2415
2415 2416 2365
2365 2366 2416
2416 2417 2366
2366 2367 2417
2417 2418 2367
2367 2368 2418
2418 2419 2368
2368 2369 2419
2419 2420 2369
2369 2370 2420
2420 2421 2370
2370 2371 2421
2421 2422 2371
2371 2372 2422
2422 2423 2372
2372 2373 2423
2423 2424 2373
2373 2374 2424
2424 2425 2374
2374 2375 2425
2425 2426 2375
2375 2376 2426
2426 2427 2376
2376 2377 2427
2427 2428 2377
2377 2378 2428
2428 2429 2378
2378 2379 2429
2380 2381 2430
2430 2431 2381
2381 2382 2431
2431 2432 2382
2382 2383 2432
2432 2433 2383
2383 2384 2433
2433 2434 2384
2384 2385 2434
2434 2435 2385
2385 2386 2435
2435 2436 2386
2386 2387 2436
2436 2437 2387
2387 2388 2437
2437 2438 2388
2388 2389 2438
2438 2439 2389
2389 2390 2439
2439 2440 2390
2390 2391 2440
2440 2441 2391
2391 2392 2441
2441 2442 2392
2392 2393 2442
2442 2443 2393
2393 2394 2443
2443 2444 2394
2394 2395 2444
2444 2445 2395
2395 2396 2445
2445 2446 2396
2396 2397 2446
2446 2447 2397
2397 2398 2447
2447 2448 2398
2398 2399 2448
2448 2449 2399
2399 2400 2449
2449 2450 2400
2400 2401 2450
2450 2451 2401
2401 2402 2451
2451 2452 2402
2402 2403 2452
2452 2453 2403
2403 2404 2453
2453 2454 2404
2404 2405 2454
2454 2455 2405
2405 2406 2455
2455 2456 2406
2406 2407 2456
2456 2457 2407
2407 2408 2457
2457 2458 2408
2408 2409 2458
2458 2459 2409
2409 2410 2459
2459 2460 2410
2410 2411 2460
2460 2461 2411
2411 2412 2461
2461 2462 2412
2412 2413 2462
2462 2463 2413
2413 2414 2463
2463 2464 2414
2414 2415 2464
2464 2465 2415
2415 2416 2465
2465 2466 2416
2416 2417 2466
2466 2467 2417
2417 2418 2467
2467 2468 2418
2418 2419 2468
2468 2469 2419
2419 2420 2469
2469 2470 2420
2420 2421 2470
2470 2471 2421
2421 2422 2471
2471 2472 2422
2422 2423 2472
2472 2473 2423
2423 2424 2473
2473 2474 2424
2424 2425 2474
2474 2475 2425
2425 2426 2475
2475 2476 2426
2426 2427 2476
2476 2477 2427
2427 2428 2477
2477 2478 2428
2428 2429 2478
2430 2431 2479
2479 2480 2431
2431 2432 2480
2480 2481 2432
2432 2433 2481
2481 2482 2433
2433 2434 2482
2482 2483 2434
2434 2435 2483
2483 2484 2435
2435 2436 2484
2484 2485 2436
2436 2437 2485
2485 2486 2437
2437 2438 2486
2486 2487 2438
2438 2439 2487
2487 2488 2439
2439 2440 2488
2488 2489 2440
2440 2441 2489
2489 2490 2441
2441 2442 2490
2490 2491 2442
2442 2443 2491
2491 2492 2443
2443 2444 2492
2492 2493 2444
2444 2445 2493
2493 2494 2445
2445 2446 2494
2494 2495 2446
2446 2447 2495
2495 2496 2447
2447 2448 2496
2496 2497 2448
2448 2449 2497
2497 2498 2449
2449 2450 2498
2498 2499 2450
2450 2451 2499
2499 2500 2451
2451 2452 2500
2500 2501 2452
2452 2453 2501
2501 2502 2453
2453 2454 2502
2502 2503 2454
2454 2455 2503
2503 2504 2455
2455 2456 2504
2504 2505 2456
2456 2457 2505
2505 2506 2457
2457 2458 2506
2506 2507 2458
2458 2459 2507
2507 2508 2459
2459 2460 2508
2508 2509 2460
2460 2461 2509
2509 2510 2461
2461 2462 2510
2510 2511 2462
2462 2463 2511
2511 2512 2463
2463 2464 2512
2512 2513 2464
2464 2465 2513
2513 2514 2465
2465 2466 2514
2514 2515 2466
2466 2467 2515
2515 2516 2467
2467 2468 2516
2516 2517 2468
2468 2469 2517
2517 2518 2469
2469 2470 2518
2518 2519 2470
2470 2471 2519
2519 2520 2471
2471 2472 2520
2520 2521 2472
2472 2473 2521
2521 2522 2473
2473 2474 2522
2522 2523 2474
2474 2475 2523
2523 2524 2475
2475 2476 2524
2524 2525 2476
2476 2477 2525
2525 2526 2477
2477 2478 2526
2479 2480 2527
2527 2528 2480
2480 2481 2528
2528 2529 2481
2481 2482 2529
2529 2530 2482
2482 2483 2530
2530 2531 2483
2483 2484 2531
2531 2532 2484
2484 2485 2532
2532 2533 2485
2485 2486 2533
2533 2534 2486
2486 2487 2534
2534 2535 2487
2487 2488 2535
2535 2536 2488
2488 2489 2536
2536 2537 2489
2489 2490 2537
2537 2538 2490
2490 2491 2538
2538 2539 2491
2491 2492 2539
2539 2540 2492
2492 2493 2540
2540 2541 2493
2493 2494 2541
2541 2542 2494
2494 2495 2542
2542 2543 2495
2495 2496 2543
2543 2544 2496
2496 2497 2544
2544 2545 2497
2497 2498 2545
2545 2546 2498
2498 2499 2546
2546 2547 2499
2499 2500 2547
2547 2548 2500
2500 2501 2548
2548 2549 2501
2501 2502 2549
2549 2550 2502
2502 2503 2550
2550 2551 2503
2503 2504 2551
2551 2552 2504
2504 2505 2552
2552 2553 2505
2505 2506 2553
2553 2554 2506
2506 2507 2554
2554 2555 2507
2507 2508 2555
2555 2556 2508
2508 2509 2556
2556 2557 2509
2509 2510 2557
2557 2558 2510
2510 2511 2558
2558 2559 2511
2511 2512 2559
2559 2560 2512
2512 2513 2560
2560 2561 2513
2513 2514 2561
2561 2562 2514
2514 2515 2562
2562 2563 2515
2515 2516 2563
2563 2564 2516
2516 2517 2564
2564 2565 2517
2517 2518 2565
2565 2566 2518
2518 2519 2566
2566 2567 2519
2519 2520 2567
2567 2568 2520
2520 2521 2568
2568 2569 2521
2521 2522 2569
2569 2570 2522
2522 2523 2570
2570 2571 2523
2523 2524 2571
2571 2572 2524
2524 2525 2572
2572 2573 2525
2525 2526 2573
2527 2528 2574
2574 2575 2528
2528 2529 2575
2575 2576 2529
2529 2530 2576
2576 2577 2530
2530 2531 2577
2577 2578 2531
2531 2532 2578
2578 2579 2532
2532 2533 2579
2579 2580 2533
2533 2534 2580
2580 2581 2534
2534 2535 2581
2581 2582 2535
2535 2536 2582
2582 2583 2536
2536 2537 2583
2583 2584 2537
2537 2538 2584
2584 2585 2538
2538 2539 2585
2585 2586 2539
2539 2540 2586
2586 2587 2540
2540 2541 2587
2587 2588 2541
2541 2542 2588
2588 2589 2542
2542 2543 2589
2589 2590 2543
2543 2544 2590
2590 2591 2544
2544 2545 2591
2591 2592 2545
2545 2546 2592
2592 2593 2546
2546 2547 2593
2593 2594 2547
2547 2548 2594
2594 2595 2548
2548 2549 2595
2595 2596 2549
2549 2550 2596
2596 2597 2550
2550 2551 2597
2597 2598 2551
2551 2552 2598
2598 2599 2552
2552 2553 2599
2599 2600 2553
2553 2554 2600
2600 2601 2554
2554 2555 2601
2601 2602 2555
2555 2556 2602
2602 2603 2556
2556 2557 2603
2603 2604 2557
2557 2558 2604
2604 2605 2558
2558 2559 2605
2605 2606 2559
2559 2560 2606
2606 2607 2560
2560 2561 2607
2607 2608 2561
2561 2562 2608
2608 2609 2562
2562 2563 2609
2609 2610 2563
2563 2564 2610
2610 2611 2564
2564 2565 2611
2611 2612 2565
2565 2566 2612
2612 2613 2566
2566 2567 2613
2613 2614 2567
2567 2568 2614
2614 2615 2568
2568 2569 2615
2615 2616 2569
2569 2570 2616
2616 2617 2570
2570 2571 2617
2617 2618 2571
2571 2572 2618
2618 2619 2572
2572 2573 2619
2574 2575 2620
2620 2621 2575
2575 2576 2621
2621 2622 2576
2576 2577 2622
2622 2623 2577
2577 2578 2623
2623 2624 2578
2578 2579 2624
2624 2625 2579
2579 2580 2625
2625 2626 2580
2580 2581 2626
2626 2627 2581
2581 2582 2627
2627 2628 2582
2582 2583 2628
2628 2629 2583
2583 2584 2629
2629 2630 2584
2584 2585 2630
2630 2631 2585
2585 2586 2631
2631 2632 2586
2586 2587 2632
2632 2633 2587
2587 2588 2633
2633 2634 2588
2588 2589 2634
2634 2635 2589
2589 2590 2635
2635 2636 2590
2590 2591 2636
2636 2637 2591
2591 2592 2637
2637 2638 2592
2592 2593 2638
2638 2639 2593
2593 2594 2639
2639 2640 2594
2594 2595 2640
2640 2641 2595
2595 2596 2641
2641 2642 2596
2596 2597 2642
2642 2643 2597
2597 2598 2643
2643 2644 2598
2598 2599 2644
2644 2645 2599
2599 2600 2645
2645 2646 2600
2600 2601 2646
2646 2647 2601
2601 2602 2647
2647 2648 2602
2602 2603 2648
2648 2649 2603
2603 2604 2649
2649 2650 2604
2604 2605 2650
2650 2651 2605
2605 2606 2651
2651 2652 2606
2606 2607 2652
2652 2653 2607
2607 2608 2653
2653 2654 2608
2608 2609 2654
2654 2655 2609
2609 2610 2655
2655 2656 2610
2610 2611 2656
2656 2657 2611
2611 2612 2657
2657 2658 2612
2612 2613 2658
2658 2659 2613
2613 2614 2659
2659 2660 2614
2614 2615 2660
2660 2661 2615
2615 2616 2661
2661 2662 2616
2616 2617 2662
2662 2663 2617
2617 2618 2663
2663 2664 2618
2618 2619 2664
2620 2621 2665
2665 2666 2621
2621 2622 2666
2666 2667 2622
2622 2623 2667
2667 2668 2623
2623 2624 2668
2668 2669 2624
2624 2625 2669
2669 2670 2625
2625 2626 2670
2670 2671 2626
2626 2627 2671
2671 2672 2627
2627 2628 2672
2672 2673 2628
2628 2629 2673
2673 2674 2629
2629 2630 2674
2674 2675 2630
2630 2631 2675
2675 2676 2631
2631 2632 2676
2676 2677 2632
2632 2633 2677
2677 2678 2633
2633 2634 2678
2678 2679 2634
2634 2635 2679
2679 2680 2635
2635 2636 2680
2680 2681 2636
2636 2637 2681
2681 2682 2637
2637 2638 2682
2682 2683 2638
2638 2639 2683
2683 2684 2639
2639 2640 2684
2684 2685 2640
2640 2641 2685
2685 2686 2641
2641 2642 2686
2686 2687 2642
2642 2643 2687
2687 2688 2643
2643 2644 2688
2688 2689 2644
2644 2645 2689
2689 2690 2645
2645 2646 2690
2690 2691 2646
2646 2647 2691
2691 2692 2647
2647 2648 2692
2692 2693 2648
2648 2649 2693
2693 2694 2649
2649 2650 2694
2694 2695 2650
2650 2651 2695
2695 2696 2651
2651 2652 2696
2696 2697 2652
2652 2653 2697
2697 2698 2653
2653 2654 2698
2698 2699 2654
2654 2655 2699
2699 2700 2655
2655 2656 2700
2700 2701 2656
2656 2657 2701
2701 2702 2657
2657 2658 2702
2702 2703 2658
2658 2659 2703
2703 2704 2659
2659 2660 2704
2704 2705 2660
2660 2661 2705
2705 2706 2661
2661 2662 2706
2706 2707 2662
2662 2663 2707
2707 2708 2663
2663 2664 2708
2665 2666 2709
2709 2710 2666
2666 2667 2710
2710 2711 2667
2667 2668 2711
2711 2712 2668
2668 2669 2712
2712 2713 2669
2669 2670 2713
2713 2714 2670
2670 2671 2714
2714 2715 2671
2671 2672 2715
2715 2716 2672
2672 2673 2716
2716 2717 2673
2673 2674 2717
2717 2718 2674
2674 2675 2718
2718 2719 2675
2675 2676 2719
2719 2720 2676
2676 2677 2720
2720 2721 2677
2677 2678 2721
2721 2722 2678
2678 2679 2722
2722 2723 2679
2679 2680 2723
2723 2724 2680
2680 2681 2724
2724 2725 2681
2681 2682 2725
2725 2726 2682
2682 2683 2726
2726 2727 2683
2683 2684 2727
2727 2728 2684
2684 2685 2728
2728 2729 2685
2685 2686 2729
2729 2730 2686
2686 2687 2730
2730 2731 2687
2687 2688 2731
2731 2732 2688
2688 2689 2732
2732 2733 2689
2689 2690 2733
2733 2734 2690
2690 2691 2734
2734 2735 2691
2691 2692 2735
2735 2736 2692
2692 2693 2736
2736 2737 2693
2693 2694 2737
2737 2738 2694
2694 2695 2738
2738 2739 2695
2695 2696 2739
2739 2740 2696
2696 2697 2740
2740 2741 2697
2697 2698 2741
2741 2742 2698
2698 2699 2742
2742 2743 2699
2699 2700 2743
2743 2744 2700
2700 2701 2744
2744 2745 2701
2701 2702 2745
2745 2746 2702
2702 2703 2746
2746 2747 2703
2703 2704 2747
2747 2748 2704
2704 2705 2748
2748 2749 2705
2705 2706 2749
2749 2750 2706
2706 2707 2750
2750 2751 2707
2707 2708 2751
2709 2710 2752
2752 2753 2710
2710 2711 2753
2753 2754 2711
2711 2712 2754
2754 2755 2712
2712 2713 2755
2755 2756 2713
2713 2714 2756
2756 2757 2714
2714 2715 2757
2757 2758 2715
2715 2716 2758
2758 2759 2716
2716 2717 2759
2759 2760 2717
2717 2718 2760
2760 2761 2718
2718 2719 2761
2761 2762 2719
2719 2720 2762
2762 2763 2720
2720 2721 2763
2763 2764 2721
2721 2722 2764
2764 2765 2722
2722 2723 2765
2765 2766 2723
2723 2724 2766
2766 2767 2724
2724 2725 2767
2767 2768 2725
2725 2726 2768
2768 2769 2726
2726 2727 2769
2769 2770 2727
2727 2728 2770
2770 2771 2728
2728 2729 2771
2771 2772 2729
2729 2730 2772
2772 2773 2730
2730 2731 2773
2773 2774 2731
2731 2732 2774
2774 2775 2732
2732 2733 2775
2775 2776 2733
2733 2734 2776
2776 2777 2734
2734 2735 2777
2777 2778 2735
2735 2736 2778
2778 2779 2736
2736 2737 2779
2779 2780 2737
2737 2738 2780
2780 2781 2738
2738 2739 2781
2781 2782 2739
2739 2740 2782
2782 2783 2740
2740 2741 2783
2783 2784 2741
2741 2742 2784
2784 2785 2742
2742 2743 2785
2785 2786 2743
2743 2744 2786
2786 2787 2744
2744 2745 2787
2787 2788 2745
2745 2746 2788
2788 2789 2746
2746 2747 2789
2789 2790 2747
2747 2748 2790
2790 2791 2748
2748 2749 2791
2791 2792 2749
2749 2750 2792
2792 2793 2750
2750 2751 2793
2752 2753 2794
2794 2795 2753
2753 2754 2795
2795 2796 2754
2754 2755 2796
2796 2797 2755
2755 2756 2797
2797 2798 2756
2756 2757 2798
2798 2799 2757
2757 2758 2799
2799 2800 2758
2758 2759 2800
2800 2801 2759
2759 2760 2801
2801 2802 2760
2760 2761 2802
2802 2803 2761
2761 2762 2803
2803 2804 2762
2762 2763 2804
2804 2805 2763
2763 2764 2805
2805 2806 2764
2764 2765 2806
2806 2807 2765
2765 2766 2807
2807 2808 2766
2766 2767 2808
2808 2809 2767
2767 2768 2809
2809 2810 2768
2768 2769 2810
2810 2811 2769
2769 2770 2811
2811 2812 2770
2770 2771 2812
2812 2813 2771
2771 2772 2813
2813 2814 2772
2772 2773 2814
2814 2815 2773
2773 2774 2815
2815 2816 2774
2774 2775 2816
2816 2817 2775
2775 2776 2817
2817 2818 2776
2776 2777 2818
2818 2819 2777
2777 2778 2819
2819 2820 2778
2778 2779 2820
2820 2821 2779
2779 2780 2821
2821 2822 2780
2780 2781 2822
2822 2823 2781
2781 2782 2823
2823 2824 2782
2782 2783 2824
2824 2825 2783
2783 2784 2825
2825 2826 2784
2784 2785 2826
2826 2827 2785
2785 2786 2827
2827 2828 2786
2786 2787 2828
2828 2829 2787
2787 2788 2829
2829 2830 2788
2788 2789 2830
2830 2831 2789
2789 2790 2831
2831 2832 2790
2790 2791 2832
2832 2833 2791
2791 2792 2833
2833 2834 2792
2792 2793 2834
2794 2795 2835
2835 2836 2795
2795 2796 2836
2836 2837 2796
2796 2797 2837
2837 2838 2797
2797 2798 2838
2838 2839 2798
2798 2799 2839
2839 2840 2799
2799 2800 2840
2840 2841 2800
2800 2801 2841
2841 2842 2801
2801 2802 2842
2842 2843 2802
2802 2803 2843
2843 2844 2803
2803 2804 2844
2844 2845 2804
2804 2805 2845
2845 2846 2805
2805 2806 2846
2846 2847 2806
2806 2807 2847
2847 2848 2807
2807 2808 2848
2848 2849 2808
2808 2809 2849
2849 2850 2809
2809 2810 2850
2850 2851 2810
2810 2811 2851
2851 2852 2811
2811 2812 2852
2852 2853 2812
2812 2813 2853
2853 2854 2813
2813 2814 2854
2854 2855 2814
2814 2815 2855
2855 2856 2815
2815 2816 2856
2856 2857 2816
2816 2817 2857
2857 2858 2817
2817 2818 2858
2858 2859 2818
2818 2819 2859
2859 2860 2819
2819 2820 2860
2860 2861 2820
2820 2821 2861
2861 2862 2821
2821 2822 2862
2862 2863 2822
2822 2823 2863
2863 2864 2823
2823 2824 2864
2864 2865 2824
2824 2825 2865
2865 2866 2825
2825 2826 2866
2866 2867 2826
2826 2827 2867
2867 2868 2827
2827 2828 2868
2868 2869 2828
2828 2829 2869
2869 2870 2829
2829 2830 2870
2870 2871 2830
2830 2831 2871
2871 2872 2831
2831 2832 2872
2872 2873 2832
2832 2833 2873
2873 2874 2833
2833 2834 2874
2835 2836 2875
2875 2876 2836
2836 2837 2876
2876 2877 2837
2837 2838 2877
2877 2878 2838
2838 2839 2878
2878 2879 2839
2839 2840 2879
2879 2880 2840
2840 2841 2880
2880 2881 2841
2841 2842 2881
2881 2882 2842
2842 2843 2882
2882 2883 2843
2843 2844 2883
2883 2884 2844
2844 2845 2884
2884 2885 2845
2845 2846 2885
2885 2886 2846
2846 2847 2886
2886 2887 2847
2847 2848 2887
2887 2888 2848
2848 2849 2888
2888 2889 2849
2849 2850 2889
2889 2890 2850
2850 2851 2890
2890 2891 2851
2851 2852 2891
2891 2892 2852
2852 2853 2892
2892 2893 2853
2853 2854 2893
2893 2894 2854
2854 2855 2894
2894 2895 2855
2855 2856 2895
2895 2896 2856
2856 2857 2896
2896 2897 2857
2857 2858 2897
2897 2898 2858
2858 2859 2898
2898 2899 2859
2859 2860 2899
2899 2900 2860
2860 2861 2900
2900 2901 2861
2861 2862 2901
2901 2902 2862
2862 2863 2902
2902 2903 2863
2863 2864 2903
2903 2904 2864
2864 2865 2904
2904 2905 2865
2865 2866 2905
2905 2906 2866
2866 2867 2906
2906 2907 2867
2867 2868 2907
2907 2908 2868
2868 2869 2908
2908 2909 2869
2869 2870 2909
2909 2910 2870
2870 2871 2910
2910 2911 2871
2871 2872 2911
2911 2912 2872
2872 2873 2912
2912 2913 2873
2873 2874 2913
2875 2876 2914
2914 2915 2876
2876 2877 2915
2915 2916 2877
2877 2878 2916
2916 2917 2878
2878 2879 2917
2917 2918 2879
2879 2880 2918
2918 2919 2880
2880 2881 2919
2919 2920 2881
2881 2882 2920
2920 2921 2882
2882 2883 2921
2921 2922 2883
2883 2884 2922
2922 2923 2884
2884 2885 2923
2923 2924 2885
2885 2886 2924
2924 2925 2886
2886 2887 2925
2925 2926 2887
2887 2888 2926
2926 2927 2888
2888 2889 2927
2927 2928 2889
2889 2890 2928
2928 2929 2890
2890 2891 2929
2929 2930 2891
2891 2892 2930
2930 2931 2892
2892 2893 2931
2931 2932 2893
2893 2894 2932
2932 2933 2894
2894 2895 2933
2933 2934 2895
2895 2896 2934
2934 2935 2896
2896 2897 2935
2935 2936 2897
2897 2898 2936
2936 2937 2898
2898 2899 2937
2937 2938 2899
2899 2900 2938
2938 2939 2900
2900 2901 2939
2939 2940 2901
2901 2902 2940
2940 2941 2902
2902 2903 2941
2941 2942 2903
2903 2904 2942
2942 2943 2904
2904 2905 2943
2943 2944 2905
2905 2906 2944
2944 2945 2906
2906 2907 2945
2945 2946 2907
2907 2908 2946
2946 2947 2908
2908 2909 2947
2947 2948 2909
2909 2910 2948
2948 2949 2910
2910 2911 2949
2949 2950 2911
2911 2912 2950
2950 2951 2912
2912 2913 2951
2914 2915 2952
2952 2953 2915
2915 2916 2953
2953 2954 2916
2916 2917 2954
2954 2955 2917
2917 2918 2955
2955 2956 2918
2918 2919 2956
2956 2957 2919
2919 2920 2957
2957 2958 2920
2920 2921 2958
2958 2959 2921
2921 2922 2959
2959 2960 2922
2922 2923 2960
2960 2961 2923
2923 2924 2961
2961 2962 2924
2924 2925 2962
2962 2963 2925
2925 2926 2963
2963 2964 2926
2926 2927 2964
2964 2965 2927
2927 2928 2965
2965 2966 2928
2928 2929 2966
2966 2967 2929
2929 2930 2967
2967 2968 2930
2930 2931 2968
2968 2969 2931
2931 2932 2969
2969 2970 2932
2932 2933 2970
2970 2971 2933
2933 2934 2971
2971 2972 2934
2934 2935 2972
2972 2973 2935
2935 2936 2973
2973 2974 2936
2936 2937 2974
2974 2975 2937
2937 2938 2975
2975 2976 2938
2938 2939 2976
2976 2977 2939
2939 2940 2977
2977 2978 2940
2940 2941 2978
2978 2979 2941
2941 2942 2979
2979 2980 2942
2942 2943 2980
2980 2981 2943
2943 2944 2981
2981 2982 2944
2944 2945 2982
2982 2983 2945
2945 2946 2983
2983 2984 2946
2946 2947 2984
2984 2985 2947
2947 2948 2985
2985 2986 2948
2948 2949 2986
2986 2987 2949
2949 2950 2987
2987 2988 2950
2950 2951 2988
2952 2953 2989
2989 2990 2953
2953 2954 2990
2990 2991 2954
2954 2955 2991
2991 2992 2955
2955 2956 2992
2992 2993 2956
2956 2957 2993
2993 2994 2957
2957 2958 2994
2994 2995 2958
2958 2959 2995
2995 2996 2959
2959 2960 2996
2996 2997 2960
2960 2961 2997
2997 2998 2961
2961 2962 2998
2998 2999 2962
2962 2963 2999
2999 3000 2963
2963 2964 3000
3000 3001 2964
2964 2965 3001
3001 3002 2965
2965 2966 3002
3002 3003 2966
2966 2967 3003
3003 3004 2967
2967 2968 3004
3004 3005 2968
2968 2969 3005
3005 3006 2969
2969 2970 3006
3006 3007 2970
2970 2971 3007
3007 3008 2971
2971 2972 3008
3008 3009 2972
2972 2973 3009
3009 3010 2973
2973 2974 3010
3010 3011 2974
2974 2975 3011
3011 3012 2975
2975 2976 3012
3012 3013 2976
2976 2977 3013
3013 3014 2977
2977 2978 3014
3014 3015 2978
2978 2979 3015
3015 3016 2979
2979 2980 3016
3016 3017 2980
2980 2981 3017
3017 3018 2981
2981 2982 3018
3018 3019 2982
2982 2983 3019
3019 3020 2983
2983 2984 3020
3020 3021 2984
2984 2985 3021
3021 3022 2985
2985 2986 3022
3022 3023 2986
2986 2987 3023
3023 3024 2987
2987 2988 3024
2989 2990 3025
3025 3026 2990
2990 2991 3026
3026 3027 2991
2991 2992 3027
3027 3028 2992
2992 2993 3028
3028 3029 2993
2993 2994 3029
3029 3030 2994
2994 2995 3030
3030 3031 2995
2995 2996 3031
3031 3032 2996
2996 2997 3032
3032 3033 2997
2997 2998 3033
3033 3034 2998
2998 2999 3034
3034 3035 2999
2999 3000 3035
3035 3036 3000
3000 3001 3036
3036 3037 3001
3001 3002 3037
3037 3038 3002
3002 3003 3038
3038 3039 3003
3003 3004 3039
3039 3040 3004
3004 3005 3040
3040 3041 3005
3005 3006 3041
3041 3042 3006
3006 3007 3042
3042 3043 3007
3007 3008 3043
3043 3044 3008
3008 3009 3044
3044 3045 3009
3009 3010 3045
3045 3046 3010
3010 3011 3046
3046 3047 3011
3011 3012 3047
3047 3048 3012
3012 3013 3048
3048 3049 3013
3013 3014 3049
3049 3050 3014
3014 3015 3050
3050 3051 3015
3015 3016 3051
3051 3052 3016
3016 3017 3052
3052 3053 3017
3017 3018 3053
3053 3054 3018
3018 3019 3054
3054 3055 3019
3019 3020 3055
3055 3056 3020
3020 3021 3056
3056 3057 3021
3021 3022 3057
3057 3058 3022
3022 3023 3058
3058 3059 3023
3023 3024 3059
3025 3026 3060
3060 3061 3026
3026 3027 3061
3061 3062 3027
3027 3028 3062
3062 3063 3028
3028 3029 3063
3063 3064 3029
3029 3030 3064
3064 3065 3030
3030 3031 3065
3065 3066 3031
3031 3032 3066
3066 3067 3032
3032 3033 3067
3067 3068 3033
3033 3034 3068
3068 3069 3034
3034 3035 3069
3069 3070 3035
3035 3036 3070
3070 3071 3036
3036 3037 3071
3071 3072 3037
3037 3038 3072
3072 3073 3038
3038 3039 3073
3073 3074 3039
3039 3040 3074
3074 3075 3040
3040 3041 3075
3075 3076 3041
3041 3042 3076
3076 3077 3042
3042 3043 3077
3077 3078 3043
3043 3044 3078
3078 3079 3044
3044 3045 3079
3079 3080 3045
3045 3046 3080
3080 3081 3046
3046 3047 3081
3081 3082 3047
3047 3048 3082
3082 3083 3048
3048 3049 3083
3083 3084 3049
3049 3050 3084
3084 3085 3050
3050 3051 3085
3085 3086 3051
3051 3052 3086
3086 3087 3052
3052 3053 3087
3087 3088 3053
3053 3054 3088
3088 3089 3054
3054 3055 3089
3089 3090 3055
3055 3056 3090
3090 3091 3056
3056 3057 3091
3091 3092 3057
3057 3058 3092
3092 3093 3058
3058 3059 3093
3060 3061 3094
3094 3095 3061
3061 3062 3095
3095 3096 3062
3062 3063 3096
3096 3097 3063
3063 3064 3097
3097 3098 3064
3064 3065 3098
3098 3099 3065
3065 3066 3099
3099 3100 3066
3066 3067 3100
3100 3101 3067
3067 3068 3101
3101 3102 3068
3068 3069 3102
3102 3103 3069
3069 3070 3103
3103 3104 3070
3070 3071 3104
3104 3105 3071
3071 3072 3105
3105 3106 3072
3072 3073 3106
3106 3107 3073
3073 3074 3107
3107 3108 3074
3074 3075 3108
3108 3109 3075
3075 3076 3109
3109 3110 3076
3076 3077 3110
3110 3111 3077
3077 3078 3111
3111 3112 3078
3078 3079 3112
3112 3113 3079
3079 3080 3113
3113 3114 3080
3080 3081 3114
3114 3115 3081
3081 3082 3115
3115 3116 3082
3082 3083 3116
3116 3117 3083
3083 3084 3117
3117 3118 3084
3084 3085 3118
3118 3119 3085
3085 3086 3119
3119 3120 3086
3086 3087 3120
3120 3121 3087
3087 3088 3121
3121 3122 3088
3088 3089 3122
3122 3123 3089
3089 3090 3123
3123 3124 3090
3090 3091 3124
3124 3125 3091
3091 3092 3125
3125 3126 3092
3092 3093 3126
3094 3095 3127
3127 3128 3095
3095 3096 3128
3128 3129 3096
3096 3097 3129
3129 3130 3097
3097 3098 3130
3130 3131 3098
3098 3099 3131
3131 3132 3099
3099 3100 3132
3132 3133 3100
3100 3101 3133
3133 3134 3101
3101 3102 3134
3134 3135 3102
3102 3103 3135
3135 3136 3103
3103 3104 3136
3136 3137 3104
3104 3105 3137
3137 3138 3105
3105 3106 3138
3138 3139 3106
3106 3107 3139
3139 3140 3107
3107 3108 3140
3140 3141 3108
3108 3109 3141
3141 3142 3109
3109 3110 3142
3142 3143 3110
3110 3111 3143
3143 3144 3111
3111 3112 3144
3144 3145 3112
3112 3113 3145
3145 3146 3113
3113 3114 3146
3146 3147 3114
3114 3115 3147
3147 3148 3115
3115 3116 3148
3148 3149 3116
3116 3117 3149
3149 3150 3117
3117 3118 3150
3150 3151 3118
3118 3119 3151
3151 3152 3119
3119 3120 3152
3152 3153 3120
3120 3121 3153
3153 3154 3121
3121 3122 3154
3154 3155 3122
3122 3123 3155
3155 3156 3123
3123 3124 3156
3156 3157 3124
3124 3125 3157
3157 3158 3125
3125 3126 3158
3127 3128 3159
3159 3160 3128
3128 3129 3160
3160 3161 3129
3129 3130 3161
3161 3162 3130
3130 3131 3162
3162 3163 3131
3131 3132 3163
3163 3164 3132
3132 3133 3164
3164 3165 3133
3133 3134 3165
3165 3166 3134
3134 3135 3166
3166 3167 3135
3135 3136 3167
3167 3168 3136
3136 3137 3168
3168 3169 3137
3137 3138 3169
3169 3170 3138
3138 3139 3170
3170 3171 3139
3139 3140 3171
3171 3172 3140
3140 3141 3172
3172 3173 3141
3141 3142 3173
3173 3174 3142
3142 3143 3174
3174 3175 3143
3143 3144 3175
3175 3176 3144
3144 3145 3176
3176 3177 3145
3145 3146 3177
3177 3178 3146
3146 3147 3178
3178 3179 3147
3147 3148 3179
3179 3180 3148
3148 3149 3180
3180 3181 3149
3149 3150 3181
3181 3182 3150
3150 3151 3182
3182 3183 3151
3151 3152 3183
3183 3184 3152
3152 3153 3184
3184 3185 3153
3153 3154 3185
3185 3186 3154
3154 3155 3186
3186 3187 3155
3155 3156 3187
3187 3188 3156
3156 3157 3188
3188 3189 3157
3157 3158 3189
3159 3160 3190
3190 3191 3160
3160 3161 3191
3191 3192 3161
3161 3162 3192
3192 3193 3162
3162 3163 3193
3193 3194 3163
3163 3164 3194
3194 3195 3164
3164 3165 3195
3195 3196 3165
3165 3166 3196
3196 3197 3166
3166 3167 3197
3197 3198 3167
3167 3168 3198
3198 3199 3168
3168 3169 3199
3199 3200 3169
3169 3170 3200
3200 3201 3170
3170 3171 3201
3201 3202 3171
3171 3172 3202
3202 3203 3172
3172 3173 3203
3203 3204 3173
3173 3174 3204
3204 3205 3174
3174 3175 3205
3205 3206 3175
3175 3176 3206
3206 3207 3176
3176 3177 3207
3207 3208 3177
3177 3178 3208
3208 3209 3178
3178 3179 3209
3209 3210 3179
3179 3180 3210
3210 3211 3180
3180 3181 3211
3211 3212 3181
3181 3182 3212
3212 3213 3182
3182 3183 3213
3213 3214 3183
3183 3184 3214
3214 3215 3184
3184 3185 3215
3215 3216 3185
3185 3186 3216
3216 3217 3186
3186 3187 3217
3217 3218 3187
3187 3188 3218
3218 3219 3188
3188 3189 3219
3190 3191 3220
3220 3221 3191
3191 3192 3221
3221 3222 3192
3192 3193 3222
3222 3223 3193
3193 3194 3223
3223 3224 3194
3194 3195 3224
3224 3225 3195
3195 3196 3225
3225 3226 3196
3196 3197 3226
3226 3227 3197
3197 3198 3227
3227 3228 3198
3198 3199 3228
3228 3229 3199
3199 3200 3229
3229 3230 3200
3200 3201 3230
3230 3231 3201
3201 3202 3231
3231 3232 3202
3202 3203 3232
3232 3233 3203
3203 3204 3233
3233 3234 3204
3204 3205 3234
3234 3235 3205
3205 3206 3235
3235 3236 3206
3206 3207 3236
3236 3237 3207
3207 3208 3237
3237 3238 3208
3208 3209 3238
3238 3239 3209
3209 3210 3239
3239 3240 3210
3210 3211 3240
3240 3241 3211
3211 3212 3241
3241 3242 3212
3212 3213 3242
3242 3243 3213
3213 3214 3243
3243 3244 3214
3214 3215 3244
3244 3245 3215
3215 3216 3245
3245 3246 3216
3216 3217 3246
3246 3247 3217
3217 3218 3247
3247 3248 3218
3218 3219 3248
3220 3221 3249
3249 3250 3221
3221 3222 3250
3250 3251 3222
3222 3223 3251
3251 3252 3223
3223 3224 3252
3252 3253 3224
3224 3225 3253
3253 3254 3225
3225 3226 3254
3254 3255 3226
3226 3227 3255
3255 3256 3227
3227 3228 3256
3256 3257 3228
3228 3229 3257
3257 3258 3229
3229 3230 3258
3258 3259 3230
3230 3231 3259
3259 3260 3231
3231 3232 3260
3260 3261 3232
3232 3233 3261
3261 3262 3233
3233 3234 3262
3262 3263 3234
3234 3235 3263
3263 3264 3235
3235 3236 3264
3264 3265 3236
3236 3237 3265
3265 3266 3237
3237 3238 3266
3266 3267 3238
3238 3239 3267
3267 3268 3239
3239 3240 3268
3268 3269 3240
3240 3241 3269
3269 3270 3241
3241 3242 3270
3270 3271 3242
3242 3243 3271
3271 3272 3243
3243 3244 3272
3272 3273 3244
3244 3245 3273
3273 3274 3245
3245 3246 3274
3274 3275 3246
3246 3247 3275
3275 3276 3247
3247 3248 3276
3249 3250 3277
3277 3278 3250
3250 3251 3278
3278 3279 3251
3251 3252 3279
3279 3280 3252
3252 3253 3280
3280 3281 3253
3253 3254 3281
3281 3282 3254
3254 3255 3282
3282 3283 3255
3255 3256 3283
3283 3284 3256
3256 3257 3284
3284 3285 3257
3257 3258 3285
3285 3286 3258
3258 3259 3286
3286 3287 3259
3259 3260 3287
3287 3288 3260
3260 3261 3288
3288 3289 3261
3261 3262 3289
3289 3290 3262
3262 3263 3290
3290 3291 3263
3263 3264 3291
3291 3292 3264
3264 3265 3292
3292 3293 3265
3265 3266 3293
3293 3294 3266
3266 3267 3294
3294 3295 3267
3267 3268 3295
3295 3296 3268
3268 3269 3296
3296 3297 3269
3269 3270 3297
3297 3298 3270
3270 3271 3298
3298 3299 3271
3271 3272 3299
3299 3300 3272
3272 3273 3300
3300 3301 3273
3273 3274 3301
3301 3302 3274
3274 3275 3302
3302 3303 3275
3275 3276 3303
3277 3278 3304
3304 3305 3278
3278 3279 3305
3305 3306 3279
3279 3280 3306
3306 3307 3280
3280 3281 3307
3307 3308 3281
3281 3282 3308
3308 3309 3282
3282 3283 3309
3309 3310 3283
3283 3284 3310
3310 3311 3284
3284 3285 3311
3311 3312 3285
3285 3286 3312
3312 3313 3286
3286 3287 3313
3313 3314 3287
3287 3288 3314
3314 3315 3288
3288 3289 3315
3315 3316 3289
3289 3290 3316
3316 3317 3290
3290 3291 3317
3317 3318 3291
3291 3292 3318
3318 3319 3292
3292 3293 3319
3319 3320 3293
3293 3294 3320
3320 3321 3294
3294 3295 3321
3321 3322 3295
3295 3296 3322
3322 3323 3296
3296 3297 3323
3323 3324 3297
3297 3298 3324
3324 3325 3298
3298 3299 3325
3325 3326 3299
3299 3300 3326
3326 3327 3300
3300 3301 3327
3327 3328 3301
3301 3302 3328
3328 3329 3302
3302 3303 3329
3304 3305 3330
3330 3331 3305
3305 3306 3331
3331 3332 3306
3306 3307 3332
3332 3333 3307
3307 3308 3333
3333 3334 3308
3308 3309 3334
3334 3335 3309
3309 3310 3335
3335 3336 3310
3310 3311 3336
3336 3337 3311
3311 3312 3337
3337 3338 3312
3312 3313 3338
3338 3339 3313
3313 3314 3339
3339 3340 3314
3314 3315 3340
3340 3341 3315
3315 3316 3341
3341 3342 3316
3316 3317 3342
3342 3343 3317
3317 3318 3343
3343 3344 3318
3318 3319 3344
3344 3345 3319
3319 3320 3345
3345 3346 3320
3320 3321 3346
3346 3347 3321
3321 3322 3347
3347 3348 3322
3322 3323 3348
3348 3349 3323
3323 3324 3349
3349 3350 3324
3324 3325 3350
3350 3351 3325
3325 3326 3351
3351 3352 3326
3326 3327 3352
3352 3353 3327
3327 3328 3353
3353 3354 3328
3328 3329 3354
3330 3331 3355
3355 3356 3331
3331 3332 3356
3356 3357 3332
3332 3333 3357
3357 3358 3333
3333 3334 3358
3358 3359 3334
3334 3335 3359
3359 3360 3335
3335 3336 3360
3360 3361 3336
3336 3337 3361
3361 3362 3337
3337 3338 3362
3362 3363 3338
3338 3339 3363
3363 3364 3339
3339 3340 3364
3364 3365 3340
3340 3341 3365
3365 3366 3341
3341 3342 3366
3366 3367 3342
3342 3343 3367
3367 3368 3343
3343 3344 3368
3368 3369 3344
3344 3345 3369
3369 3370 3345
3345 3346 3370
3370 3371 3346
3346 3347 3371
3371 3372 3347
3347 3348 3372
3372 3373 3348
3348 3349 3373
3373 3374 3349
3349 3350 3374
3374 3375 3350
3350 3351 3375
3375 3376 3351
3351 3352 3376
3376 3377 3352
3352 3353 3377
3377 3378 3353
3353 3354 3378
3355 3356 3379
3379 3380 3356
3356 3357 3380
3380 3381 3357
3357 3358 3381
3381 3382 3358
3358 3359 3382
3382 3383 3359
3359 3360 3383
3383 3384 3360
3360 3361 3384
3384 3385 3361
3361 3362 3385
3385 3386 3362
3362 3363 3386
3386 3387 3363
3363 3364 3387
3387 3388 3364
3364 3365 3388
3388 3389 3365
3365 3366 3389
3389 3390 3366
3366 3367 3390
3390 3391 3367
3367 3368 3391
3391 3392 3368
3368 3369 3392
3392 3393 3369
3369 3370 3393
3393 3394 3370
3370 3371 3394
3394 3395 3371
3371 3372 3395
3395 3396 3372
3372 3373 3396
3396 3397 3373
3373 3374 3397
3397 3398 3374
3374 3375 3398
3398 3399 3375
3375 3376 3399
3399 3400 3376
3376 3377 3400
3400 3401 3377
3377 3378 3401
3379 3380 3402
3402 3403 3380
3380 3381 3403
3403 3404 3381
3381 3382 3404
3404 3405 3382
3382 3383 3405
3405 3406 3383
3383 3384 3406
3406 3407 3384
3384 3385 3407
3407 3408 3385
3385 3386 3408
3408 3409 3386
3386 3387 3409
3409 3410 3387
3387 3388 3410
3410 3411 3388
3388 3389 3411
3411 3412 3389
3389 3390 3412
3412 3413 3390
3390 3391 3413
3413 3414 3391
3391 3392 3414
3414 3415 3392
3392 3393 3415
3415 3416 3393
3393 3394 3416
3416 3417 3394
3394 3395 3417
3417 3418 3395
3395 3396 3418
3418 3419 3396
3396 3397 3419
3419 3420 3397
3397 3398 3420
3420 3421 3398
3398 3399 3421
3421 3422 3399
3399 3400 3422
3422 3423 3400
3400 3401 3423
3402 3403 3424
3424 3425 3403
3403 3404 3425
3425 3426 3404
3404 3405 3426
3426 3427 3405
3405 3406 3427
3427 3428 3406
3406 3407 3428
3428 3429 3407
3407 3408 3429
3429 3430 3408
3408 3409 3430
3430 3431 3409
3409 3410 3431
3431 3432 3410
3410 3411 3432
3432 3433 3411
3411 3412 3433
3433 3434 3412
3412 3413 3434
3434 3435 3413
3413 3414 3435
3435 3436 3414
3414 3415 3436
3436 3437 3415
3415 3416 3437
3437 3438 3416
3416 3417 3438
3438 3439 3417
3417 3418 3439
3439 3440 3418
3418 3419 3440
3440 3441 3419
3419 3420 3441
3441 3442 3420
3420 3421 3442
3442 3443 3421
3421 3422 3443
3443 3444 3422
3422 3423 3444
3424 3425 3445
3445 3446 3425
3425 3426 3446
3446 3447 3426
3426 3427 3447
3447 3448 3427
3427 3428 3448
3448 3449 3428
3428 3429 3449
3449 3450 3429
3429 3430 3450
3450 3451 3430
3430 3431 3451
3451 3452 3431
3431 3432 3452
3452 3453 3432
3432 3433 3453
3453 3454 3433
3433 3434 3454
3454 3455 3434
3434 3435 3455
3455 3456 3435
3435 3436 3456
3456 3457 3436
3436 3437 3457
3457 3458 3437
3437 3438 3458
3458 3459 3438
3438 3439 3459
3459 3460 3439
3439 3440 3460
3460 3461 3440
3440 3441 3461
3461 3462 3441
3441 3442 3462
3462 3463 3442
3442 3443 3463
3463 3464 3443
3443 3444 3464
3445 3446 3465
3465 3466 3446
3446 3447 3466
3466 3467 3447
3447 3448 3467
3467 3468 3448
3448 3449 3468
3468 3469 3449
3449 3450 3469
3469 3470 3450
3450 3451 3470
3470 3471 3451
3451 3452 3471
3471 3472 3452
3452 3453 3472
3472 3473 3453
3453 3454 3473
3473 3474 3454
3454 3455 3474
3474 3475 3455
3455 3456 3475
3475 3476 3456
3456 3457 3476
3476 3477 3457
3457 3458 3477
3477 3478 3458
3458 3459 3478
3478 3479 3459
3459 3460 3479
3479 3480 3460
3460 3461 3480
3480 3481 3461
3461 3462 3481
3481 3482 3462
3462 3463 3482
3482 3483 3463
3463 3464 3483
3465 3466 3484
3484 3485 3466
3466 3467 3485
3485 3486 3467
3467 3468 3486
3486 3487 3468
3468 3469 3487
3487 3488 3469
3469 3470 3488
3488 3489 3470
3470 3471 3489
3489 3490 3471
3471 3472 3490
3490 3491 3472
3472 3473 3491
3491 3492 3473
3473 3474 3492
3492 3493 3474
3474 3475 3493
3493 3494 3475
3475 3476 3494
3494 3495 3476
3476 3477 3495
3495 3496 3477
3477 3478 3496
3496 3497 3478
3478 3479 3497
3497 3498 3479
3479 3480 3498
3498 3499 3480
3480 3481 3499
3499 3500 3481
3481 3482 3500
3500 3501 3482
3482 3483 3501
3484 3485 3502
3502 3503 3485
3485 3486 3503
3503 3504 3486
3486 3487 3504
3504 3505 3487
3487 3488 3505
3505 3506 3488
3488 3489 3506
3506 3507 3489
3489 3490 3507
3507 3508 3490
3490 3491 3508
3508 3509 3491
3491 3492 3509
3509 3510 3492
3492 3493 3510
3510 3511 3493
3493 3494 3511
3511 3512 3494
3494 3495 3512
3512 3513 3495
3495 3496 3513
3513 3514 3496
3496 3497 3514
3514 3515 3497
3497 3498 3515
3515 3516 3498
3498 3499 3516
3516 3517 3499
3499 3500 3517
3517 3518 3500
3500 3501 3518
3502 3503 3519
3519 3520 3503
3503 3504 3520
3520 3521 3504
3504 3505 3521
3521 3522 3505
3505 3506 3522
3522 3523 3506
3506 3507 3523
3523 3524 3507
3507 3508 3524
3524 3525 3508
3508 3509 3525
3525 3526 3509
3509 3510 3526
3526 3527 3510
3510 3511 3527
3527 3528 3511
3511 3512 3528
3528 3529 3512
3512 3513 3529
3529 3530 3513
3513 3514 3530
3530 3531 3514
3514 3515 3531
3531 3532 3515
3515 3516 3532
3532 3533 3516
3516 3517 3533
3533 3534 3517
3517 3518 3534
3519 3520 3535
3535 3536 3520
3520 3521 3536
3536 3537 3521
3521 3522 3537
3537 3538 3522
3522 3523 3538
3538 3539 3523
3523 3524 3539
3539 3540 3524
3524 3525 3540
3540 3541 3525
3525 3526 3541
3541 3542 3526
3526 3527 3542
3542 3543 3527
3527 3528 3543
3543 3544 3528
3528 3529 3544
3544 3545 3529
3529 3530 3545
3545 3546 3530
3530 3531 3546
3546 3547 3531
3531 3532 3547
3547 3548 3532
3532 3533 3548
3548 3549 3533
3533 3534 3549
3535 3536 3550
3550 3551 3536
3536 3537 3551
3551 3552 3537
3537 3538 3552
3552 3553 3538
3538 3539 3553
3553 3554 3539
3539 3540 3554
3554 3555 3540
3540 3541 3555
3555 3556 3541
3541 3542 3556
3556 3557 3542
3542 3543 3557
3557 3558 3543
3543 3544 3558
3558 3559 3544
3544 3545 3559
3559 3560 3545
3545 3546 3560
3560 3561 3546
3546 3547 3561
3561 3562 3547
3547 3548 3562
3562 3563 3548
3548 3549 3563
3550 3551 3564
3564 3565 3551
3551 3552 3565
3565 3566 3552
3552 3553 3566
3566 3567 3553
3553 3554 3567
3567 3568 3554
3554 3555 3568
3568 3569 3555
3555 3556 3569
3569 3570 3556
3556 3557 3570
3570 3571 3557
3557 3558 3571
3571 3572 3558
3558 3559 3572
3572 3573 3559
3559 3560 3573
3573 3574 3560
3560 3561 3574
3574 3575 3561
3561 3562 3575
3575 3576 3562
3562 3563 3576
3564 3565 3577
3577 3578 3565
3565 3566 3578
3578 3579 3566
3566 3567 3579
3579 3580 3567
3567 3568 3580
3580 3581 3568
3568 3569 3581
3581 3582 3569
3569 3570 3582
3582 3583 3570
3570 3571 3583
3583 3584 3571
3571 3572 3584
3584 3585 3572
3572 3573 3585
3585 3586 3573
3573 3574 3586
3586 3587 3574
3574 3575 3587
3587 3588 3575
3575 3576 3588
3577 3578 3589
3589 3590 3578
3578 3579 3590
3590 3591 3579
3579 3580 3591
3591 3592 3580
3580 3581 3592
3592 3593 3581
3581 3582 3593
3593 3594 3582
3582 3583 3594
3594 3595 3583
3583 3584 3595
3595 3596 3584
3584 3585 3596
3596 3597 3585
3585 3586 3597
3597 3598 3586
3586 3587 3598
3598 3599 3587
3587 3588 3599
3589 3590 3600
3600 3601 3590
3590 3591 3601
3601 3602 3591
3591 3592 3602
3602 3603 3592
3592 3593 3603
3603 3604 3593
3593 3594 3604
3604 3605 3594
3594 3595 3605
3605 3606 3595
3595 3596 3606
3606 3607 3596
3596 3597 3607
3607 3608 3597
3597 3598 3608
3608 3609 3598
3598 3599 3609
3600 3601 3610
3610 3611 3601
3601 3602 3611
3611 3612 3602
3602 3603 3612
3612 3613 3603
3603 3604 3613
3613 3614 3604
3604 3605 3614
3614 3615 3605
3605 3606 3615
3615 3616 3606
3606 3607 3616
3616 3617 3607
3607 3608 3617
3617 3618 3608
3608 3609 3618
3610 3611 3619
3619 3620 3611
3611 3612 3620
3620 3621 3612
3612 3613 3621
3621 3622 3613
3613 3614 3622
3622 3623 3614
3614 3615 3623
3623 3624 3615
3615 3616 3624
3624 3625 3616
3616 3617 3625
3625 3626 3617
3617 3618 3626
3619 3620 3627
3627 3628 3620
3620 3621 3628
3628 3629 3621
3621 3622 3629
3629 3630 3622
3622 3623 3630
3630 3631 3623
3623 3624 3631
3631 3632 3624
3624 3625 3632
3632 3633 3625
3625 3626 3633
3627 3628 3634
3634 3635 3628
3628 3629 3635
3635 3636 3629
3629 3630 3636
3636 3637 3630
3630 3631 3637
3637 3638 3631
3631 3632 3638
3638 3639 3632
3632 3633 3639
3634 3635 3640
3640 3641 3635
3635 3636 3641
3641 3642 3636
3636 3637 3642
3642 3643 3637
3637 3638 3643
3643 3644 3638
3638 3639 3644
3640 3641 3645
3645 3646 3641
3641 3642 3646
3646 3647 3642
3642 3643 3647
3647 3648 3643
3643 3644 3648
3645 3646 3649
3649 3650 3646
3646 3647 3650
3650 3651 3647
3647 3648 3651
3649 3650 3652
3652 3653 3650
3650 3651 3653
3652 3653 3654
