0 1 73
73 74 1
1 2 74
74 75 2
2 3 75
75 76 3
3 4 76
76 77 4
4 5 77
77 78 5
5 6 78
78 79 6
6 7 79
79 80 7
7 8 80
80 81 8
8 9 81
81 82 9
9 10 82
82 83 10
10 11 83
83 84 11
11 12 84
84 85 12
12 13 85
85 86 13
13 14 86
86 87 14
14 15 87
87 88 15
15 16 88
88 89 16
16 17 89
89 90 17
17 18 90
90 91 18
18 19 91
91 92 19
19 20 92
92 93 20
20 21 93
93 94 21
21 22 94
94 95 22
22 23 95
95 96 23
23 24 96
96 97 24
24 25 97
97 98 25
25 26 98
98 99 26
26 27 99
99 100 27
27 28 100
100 101 28
28 29 101
101 102 29
29 30 102
102 103 30
30 31 103
103 104 31
31 32 104
104 105 32
32 33 105
105 106 33
33 34 106
106 107 34
34 35 107
107 108 35
35 36 108
108 109 36
36 37 109
109 110 37
37 38 110
110 111 38
38 39 111
111 112 39
39 40 112
112 113 40
40 41 113
113 114 41
41 42 114
114 115 42
42 43 115
115 116 43
43 44 116
116 117 44
44 45 117
117 118 45
45 46 118
118 119 46
46 47 119
119 120 47
47 48 120
120 121 48
48 49 121
121 122 49
49 50 122
122 123 50
50 51 123
123 124 51
51 52 124
124 125 52
52 53 125
125 126 53
53 54 126
126 127 54
54 55 127
127 128 55
55 56 128
128 129 56
56 57 129
129 130 57
57 58 130
130 131 58
58 59 131
131 132 59
59 60 132
132 133 60
60 61 133
133 134 61
61 62 134
134 135 62
62 63 135
135 136 63
63 64 136
136 137 64
64 65 137
137 138 65
65 66 138
138 139 66
66 67 139
139 140 67
67 68 140
140 141 68
68 69 141
141 142 69
69 70 142
142 143 70
70 71 143
143 144 71
71 72 144
73 74 145
145 146 74
74 75 146
146 147 75
75 76 147
147 148 76
76 77 148
148 149 77
77 78 149
149 150 78
78 79 150
150 151 79
79 80 151
151 152 80
80 81 152
152 153 81
81 82 153
153 154 82
82 83 154
154 155 83
83 84 155
155 156 84
84 85 156
156 157 85
85 86 157
157 158 86
86 87 158
158 159 87
87 88 159
159 160 88
88 89 160
160 161 89
89 90 161
161 162 90
90 91 162
162 163 91
91 92 163
163 164 92
92 93 164
164 165 93
93 94 165
165 166 94
94 95 166
166 167 95
95 96 167
167 168 96
96 97 168
168 169 97
97 98 169
169 170 98
98 99 170
170 171 99
99 100 171
171 172 100
100 101 172
172 173 101
101 102 173
173 174 102
102 103 174
174 175 103
103 104 175
175 176 104
104 105 176
176 177 105
105 106 177
177 178 106
106 107 178
178 179 107
107 108 179
179 180 108
108 109 180
180 181 109
109 110 181
181 182 110
110 111 182
182 183 111
111 112 183
183 184 112
112 113 184
184 185 113
113 114 185
185 186 114
114 115 186
186 187 115
115 116 187
187 188 116
116 117 188
188 189 117
117 118 189
189 190 118
118 119 190
190 191 119
119 120 191
191 192 120
120 121 192
192 193 121
121 122 193
193 194 122
122 123 194
194 195 123
123 124 195
195 196 124
124 125 196
196 197 125
125 126 197
197 198 126
126 127 198
198 199 127
127 128 199
199 200 128
128 129 200
200 201 129
129 130 201
201 202 130
130 131 202
202 203 131
131 132 203
203 204 132
132 133 204
204 205 133
133 134 205
205 206 134
134 135 206
206 207 135
135 136 207
207 208 136
136 137 208
208 209 137
137 138 209
209 210 138
138 139 210
210 211 139
139 140 211
211 212 140
140 141 212
212 213 141
141 142 213
213 214 142
142 143 214
214 215 143
143 144 215
145 146 216
216 217 146
146 147 217
217 218 147
147 148 218
218 219 148
148 149 219
219 220 149
149 150 220
220 221 150
150 151 221
221 222 151
151 152 222
222 223 152
152 153 223
223 224 153
153 154 224
224 225 154
154 155 225
225 226 155
155 156 226
226 227 156
156 157 227
227 228 157
157 158 228
228 229 158
158 159 229
229 230 159
159 160 230
230 231 160
160 161 231
231 232 161
161 162 232
232 233 162
162 163 233
233 234 163
163 164 234
234 235 164
164 165 235
235 236 165
165 166 236
236 237 166
166 167 237
237 238 167
167 168 238
238 239 168
168 169 239
239 240 169
169 170 240
240 241 170
170 171 241
241 242 171
171 172 242
242 243 172
172 173 243
243 244 173
173 174 244
244 245 174
174 175 245
245 246 175
175 176 246
246 247 176
176 177 247
247 248 177
177 178 248
248 249 178
178 179 249
249 250 179
179 180 250
250 251 180
180 181 251
251 252 181
181 182 252
252 253 182
182 183 253
253 254 183
183 184 254
254 255 184
184 185 255
255 256 185
185 186 256
256 257 186
186 187 257
257 258 187
187 188 258
258 259 188
188 189 259
259 260 189
189 190 260
260 261 190
190 191 261
261 262 191
191 192 262
262 263 192
192 193 263
263 264 193
193 194 264
264 265 194
194 195 265
265 266 195
195 196 266
266 267 196
196 197 267
267 268 197
197 198 268
268 269 198
198 199 269
269 270 199
199 200 270
270 271 200
200 201 271
271 272 201
201 202 272
272 273 202
202 203 273
273 274 203
203 204 274
274 275 204
204 205 275
275 276 205
205 206 276
276 277 206
206 207 277
277 278 207
207 208 278
278 279 208
208 209 279
279 280 209
209 210 280
280 281 210
210 211 281
281 282 211
211 212 282
282 283 212
212 213 283
283 284 213
213 214 284
284 285 214
214 215 285
216 217 286
286 287 217
217 218 287
287 288 218
218 219 288
288 289 219
219 220 289
289 290 220
220 221 290
290 291 221
221 222 291
291 292 222
222 223 292
292 293 223
223 224 293
293 294 224
224 225 294
294 295 225
225 226 295
295 296 226
226 227 296
296 297 227
227 228 297
297 298 228
228 229 298
298 299 229
229 230 299
299 300 230
230 231 300
300 301 231
231 232 301
301 302 232
232 233 302
302 303 233
233 234 303
303 304 234
234 235 304
304 305 235
235 236 305
305 306 236
236 237 306
306 307 237
237 238 307
307 308 238
238 239 308
308 309 239
239 240 309
309 310 240
240 241 310
310 311 241
241 242 311
311 312 242
242 243 312
312 313 243
243 244 313
313 314 244
244 245 314
314 315 245
245 246 315
315 316 246
246 247 316
316 317 247
247 248 317
317 318 248
248 249 318
318 319 249
249 250 319
319 320 250
250 251 320
320 321 251
251 252 321
321 322 252
252 253 322
322 323 253
253 254 323
323 324 254
254 255 324
324 325 255
255 256 325
325 326 256
256 257 326
326 327 257
257 258 327
327 328 258
258 259 328
328 329 259
259 260 329
329 330 260
260 261 330
330 331 261
261 262 331
331 332 262
262 263 332
332 333 263
263 264 333
333 334 264
264 265 334
334 335 265
265 266 335
335 336 266
266 267 336
336 337 267
267 268 337
337 338 268
268 269 338
338 339 269
269 270 339
339 340 270
270 271 340
340 341 271
271 272 341
341 342 272
272 273 342
342 343 273
273 274 343
343 344 274
274 275 344
344 345 275
275 276 345
345 346 276
276 277 346
346 347 277
277 278 347
347 348 278
278 279 348
348 349 279
279 280 349
349 350 280
280 281 350
350 351 281
281 282 351
351 352 282
282 283 352
352 353 283
283 284 353
353 354 284
284 285 354
286 287 355
355 356 287
287 288 356
356 357 288
288 289 357
357 358 289
289 290 358
358 359 290
290 291 359
359 360 291
291 292 360
360 361 292
292 293 361
361 362 293
293 294 362
362 363 294
294 295 363
363 364 295
295 296 364
364 365 296
296 297 365
365 366 297
297 298 366
366 367 298
298 299 367
367 368 299
299 300 368
368 369 300
300 301 369
369 370 301
301 302 370
370 371 302
302 303 371
371 372 303
303 304 372
372 373 304
304 305 373
373 374 305
305 306 374
374 375 306
306 307 375
375 376 307
307 308 376
376 377 308
308 309 377
377 378 309
309 310 378
378 379 310
310 311 379
379 380 311
311 312 380
380 381 312
312 313 381
381 382 313
313 314 382
382 383 314
314 315 383
383 384 315
315 316 384
384 385 316
316 317 385
385 386 317
317 318 386
386 387 318
318 319 387
387 388 319
319 320 388
388 389 320
320 321 389
389 390 321
321 322 390
390 391 322
322 323 391
391 392 323
323 324 392
392 393 324
324 325 393
393 394 325
325 326 394
394 395 326
326 327 395
395 396 327
327 328 396
396 397 328
328 329 397
397 398 329
329 330 398
398 399 330
330 331 399
399 400 331
331 332 400
400 401 332
332 333 401
401 402 333
333 334 402
402 403 334
334 335 403
403 404 335
335 336 404
404 405 336
336 337 405
405 406 337
337 338 406
406 407 338
338 339 407
407 408 339
339 340 408
408 409 340
340 341 409
409 410 341
341 342 410
410 411 342
342 343 411
411 412 343
343 344 412
412 413 344
344 345 413
413 414 345
345 346 414
414 415 346
346 347 415
415 416 347
347 348 416
416 417 348
348 349 417
417 418 349
349 350 418
418 419 350
350 351 419
419 420 351
351 352 420
420 421 352
352 353 421
421 422 353
353 354 422
355 356 423
423 424 356
356 357 424
424 425 357
357 358 425
425 426 358
358 359 426
426 427 359
359 360 427
427 428 360
360 361 428
428 429 361
361 362 429
429 430 362
362 363 430
430 431 363
363 364 431
431 432 364
364 365 432
432 433 365
365 366 433
433 434 366
366 367 434
434 435 367
367 368 435
435 436 368
368 369 436
436 437 369
369 370 437
437 438 370
370 371 438
438 439 371
371 372 439
439 440 372
372 373 440
440 441 373
373 374 441
441 442 374
374 375 442
442 443 375
375 376 443
443 444 376
376 377 444
444 445 377
377 378 445
445 446 378
378 379 446
446 447 379
379 380 447
447 448 380
380 381 448
448 449 381
381 382 449
449 450 382
382 383 450
450 451 383
383 384 451
451 452 384
384 385 452
452 453 385
385 386 453
453 454 386
386 387 454
454 455 387
387 388 455
455 456 388
388 389 456
456 457 389
389 390 457
457 458 390
390 391 458
458 459 391
391 392 459
459 460 392
392 393 460
460 461 393
393 394 461
461 462 394
394 395 462
462 463 395
395 396 463
463 464 396
396 397 464
464 465 397
397 398 465
465 466 398
398 399 466
466 467 399
399 400 467
467 468 400
400 401 468
468 469 401
401 402 469
469 470 402
402 403 470
470 471 403
403 404 471
471 472 404
404 405 472
472 473 405
405 406 473
473 474 406
406 407 474
474 475 407
407 408 475
475 476 408
408 409 476
476 477 409
409 410 477
477 478 410
410 411 478
478 479 411
411 412 479
479 480 412
412 413 480
480 481 413
413 414 481
481 482 414
414 415 482
482 483 415
415 416 483
483 484 416
416 417 484
484 485 417
417 418 485
485 486 418
418 419 486
486 487 419
419 420 487
487 488 420
420 421 488
488 489 421
421 422 489
423 424 490
490 491 424
424 425 491
491 492 425
425 426 492
492 493 426
426 427 493
493 494 427
427 428 494
494 495 428
428 429 495
495 496 429
429 430 496
496 497 430
430 431 497
497 498 431
431 432 498
498 499 432
432 433 499
499 500 433
433 434 500
500 501 434
434 435 501
501 502 435
435 436 502
502 503 436
436 437 503
503 504 437
437 438 504
504 505 438
438 439 505
505 506 439
439 440 506
506 507 440
440 441 507
507 508 441
441 442 508
508 509 442
442 443 509
509 510 443
443 444 510
510 511 444
444 445 511
511 512 445
445 446 512
512 513 446
446 447 513
513 514 447
447 448 514
514 515 448
448 449 515
515 516 449
449 450 516
516 517 450
450 451 517
517 518 451
451 452 518
518 519 452
452 453 519
519 520 453
453 454 520
520 521 454
454 455 521
521 522 455
455 456 522
522 523 456
456 457 523
523 524 457
457 458 524
524 525 458
458 459 525
525 526 459
459 460 526
526 527 460
460 461 527
527 528 461
461 462 528
528 529 462
462 463 529
529 530 463
463 464 530
530 531 464
464 465 531
531 532 465
465 466 532
532 533 466
466 467 533
533 534 467
467 468 534
534 535 468
468 469 535
535 536 469
469 470 536
536 537 470
470 471 537
537 538 471
471 472 538
538 539 472
472 473 539
539 540 473
473 474 540
540 541 474
474 475 541
541 542 475
475 476 542
542 543 476
476 477 543
543 544 477
477 478 544
544 545 478
478 479 545
545 546 479
479 480 546
546 547 480
480 481 547
547 548 481
481 482 548
548 549 482
482 483 549
549 550 483
483 484 550
550 551 484
484 485 551
551 552 485
485 486 552
552 553 486
486 487 553
553 554 487
487 488 554
554 555 488
488 489 555
490 491 556
556 557 491
491 492 557
557 558 492
492 493 558
558 559 493
493 494 559
559 560 494
494 495 560
560 561 495
495 496 561
561 562 496
496 497 562
562 563 497
497 498 563
563 564 498
498 499 564
564 565 499
499 500 565
565 566 500
500 501 566
566 567 501
501 502 567
567 568 502
502 503 568
568 569 503
503 504 569
569 570 504
504 505 570
570 571 505
505 506 571
571 572 506
506 507 572
572 573 507
507 508 573
573 574 508
508 509 574
574 575 509
509 510 575
575 576 510
510 511 576
576 577 511
511 512 577
577 578 512
512 513 578
578 579 513
513 514 579
579 580 514
514 515 580
580 581 515
515 516 581
581 582 516
516 517 582
582 583 517
517 518 583
583 584 518
518 519 584
584 585 519
519 520 585
585 586 520
520 521 586
586 587 521
521 522 587
587 588 522
522 523 588
588 589 523
523 524 589
589 590 524
524 525 590
590 591 525
525 526 591
591 592 526
526 527 592
592 593 527
527 528 593
593 594 528
528 529 594
594 595 529
529 530 595
595 596 530
530 531 596
596 597 531
531 532 597
597 598 532
532 533 598
598 599 533
533 534 599
599 600 534
534 535 600
600 601 535
535 536 601
601 602 536
536 537 602
602 603 537
537 538 603
603 604 538
538 539 604
604 605 539
539 540 605
605 606 540
540 541 606
606 607 541
541 542 607
607 608 542
542 543 608
608 609 543
543 544 609
609 610 544
544 545 610
610 611 545
545 546 611
611 612 546
546 547 612
612 613 547
547 548 613
613 614 548
548 549 614
614 615 549
549 550 615
615 616 550
550 551 616
616 617 551
551 552 617
617 618 552
552 553 618
618 619 553
553 554 619
619 620 554
554 555 620
556 557 621
621 622 557
557 558 622
622 623 558
558 559 623
623 624 559
559 560 624
624 625 560
560 561 625
625 626 561
561 562 626
626 627 562
562 563 627
627 628 563
563 564 628
628 629 564
564 565 629
629 630 565
565 566 630
630 631 566
566 567 631
631 632 567
567 568 632
632 633 568
568 569 633
633 634 569
569 570 634
634 635 570
570 571 635
635 636 571
571 572 636
636 637 572
572 573 637
637 638 573
573 574 638
638 639 574
574 575 639
639 640 575
575 576 640
640 641 576
576 577 641
641 642 577
577 578 642
642 643 578
578 579 643
643 644 579
579 580 644
644 645 580
580 581 645
645 646 581
581 582 646
646 647 582
582 583 647
647 648 583
583 584 648
648 649 584
584 585 649
649 650 585
585 586 650
650 651 586
586 587 651
651 652 587
587 588 652
652 653 588
588 589 653
653 654 589
589 590 654
654 655 590
590 591 655
655 656 591
591 592 656
656 657 592
592 593 657
657 658 593
593 594 658
658 659 594
594 595 659
659 660 595
595 596 660
660 661 596
596 597 661
661 662 597
597 598 662
662 663 598
598 599 663
663 664 599
599 600 664
664 665 600
600 601 665
665 666 601
601 602 666
666 667 602
602 603 667
667 668 603
603 604 668
668 669 604
604 605 669
669 670 605
605 606 670
670 671 606
606 607 671
671 672 607
607 608 672
672 673 608
608 609 673
673 674 609
609 610 674
674 675 610
610 611 675
675 676 611
611 612 676
676 677 612
612 613 677
677 678 613
613 614 678
678 679 614
614 615 679
679 680 615
615 616 680
680 681 616
616 617 681
681 682 617
617 618 682
682 683 618
618 619 683
683 684 619
619 620 684
621 622 685
685 686 622
622 623 686
686 687 623
623 624 687
687 688 624
624 625 688
688 689 625
625 626 689
689 690 626
626 627 690
690 691 627
627 628 691
691 692 628
628 629 692
692 693 629
629 630 693
693 694 630
630 631 694
694 695 631
631 632 695
695 696 632
632 633 696
696 697 633
633 634 697
697 698 634
634 635 698
698 699 635
635 636 699
699 700 636
636 637 700
700 701 637
637 638 701
701 702 638
638 639 702
702 703 639
639 640 703
703 704 640
640 641 704
704 705 641
641 642 705
705 706 642
642 643 706
706 707 643
643 644 707
707 708 644
644 645 708
708 709 645
645 646 709
709 710 646
646 647 710
710 711 647
647 648 711
711 712 648
648 649 712
712 713 649
649 650 713
713 714 650
650 651 714
714 715 651
651 652 715
715 716 652
652 653 716
716 717 653
653 654 717
717 718 654
654 655 718
718 719 655
655 656 719
719 720 656
656 657 720
720 721 657
657 658 721
721 722 658
658 659 722
722 723 659
659 660 723
723 724 660
660 661 724
724 725 661
661 662 725
725 726 662
662 663 726
726 727 663
663 664 727
727 728 664
664 665 728
728 729 665
665 666 729
729 730 666
666 667 730
730 731 667
667 668 731
731 732 668
668 669 732
732 733 669
669 670 733
733 734 670
670 671 734
734 735 671
671 672 735
735 736 672
672 673 736
736 737 673
673 674 737
737 738 674
674 675 738
738 739 675
675 676 739
739 740 676
676 677 740
740 741 677
677 678 741
741 742 678
678 679 742
742 743 679
679 680 743
743 744 680
680 681 744
744 745 681
681 682 745
745 746 682
682 683 746
746 747 683
683 684 747
685 686 748
748 749 686
686 687 749
749 750 687
687 688 750
750 751 688
688 689 751
751 752 689
689 690 752
752 753 690
690 691 753
753 754 691
691 692 754
754 755 692
692 693 755
755 756 693
693 694 756
756 757 694
694 695 757
757 758 695
695 696 758
758 759 696
696 697 759
759 760 697
697 698 760
760 761 698
698 699 761
761 762 699
699 700 762
762 763 700
700 701 763
763 764 701
701 702 764
764 765 702
702 703 765
765 766 703
703 704 766
766 767 704
704 705 767
767 768 705
705 706 768
768 769 706
706 707 769
769 770 707
707 708 770
770 771 708
708 709 771
771 772 709
709 710 772
772 773 710
710 711 773
773 774 711
711 712 774
774 775 712
712 713 775
775 776 713
713 714 776
776 777 714
714 715 777
777 778 715
715 716 778
778 779 716
716 717 779
779 780 717
717 718 780
780 781 718
718 719 781
781 782 719
719 720 782
782 783 720
720 721 783
783 784 721
721 722 784
784 785 722
722 723 785
785 786 723
723 724 786
786 787 724
724 725 787
787 788 725
725 726 788
788 789 726
726 727 789
789 790 727
727 728 790
790 791 728
728 729 791
791 792 729
729 730 792
792 793 730
730 731 793
793 794 731
731 732 794
794 795 732
732 733 795
795 796 733
733 734 796
796 797 734
734 735 797
797 798 735
735 736 798
798 799 736
736 737 799
799 800 737
737 738 800
800 801 738
738 739 801
801 802 739
739 740 802
802 803 740
740 741 803
803 804 741
741 742 804
804 805 742
742 743 805
805 806 743
743 744 806
806 807 744
744 745 807
807 808 745
745 746 808
808 809 746
746 747 809
748 749 810
810 811 749
749 750 811
811 812 750
750 751 812
812 813 751
751 752 813
813 814 752
752 753 814
814 815 753
753 754 815
815 816 754
754 755 816
816 817 755
755 756 817
817 818 756
756 757 818
818 819 757
757 758 819
819 820 758
758 759 820
820 821 759
759 760 821
821 822 760
760 761 822
822 823 761
761 762 823
823 824 762
762 763 824
824 825 763
763 764 825
825 826 764
764 765 826
826 827 765
765 766 827
827 828 766
766 767 828
828 829 767
767 768 829
829 830 768
768 769 830
830 831 769
769 770 831
831 832 770
770 771 832
832 833 771
771 772 833
833 834 772
772 773 834
834 835 773
773 774 835
835 836 774
774 775 836
836 837 775
775 776 837
837 838 776
776 777 838
838 839 777
777 778 839
839 840 778
778 779 840
840 841 779
779 780 841
841 842 780
780 781 842
842 843 781
781 782 843
843 844 782
782 783 844
844 845 783
783 784 845
845 846 784
784 785 846
846 847 785
785 786 847
847 848 786
786 787 848
848 849 787
787 788 849
849 850 788
788 789 850
850 851 789
789 790 851
851 852 790
790 791 852
852 853 791
791 792 853
853 854 792
792 793 854
854 855 793
793 794 855
855 856 794
794 795 856
856 857 795
795 796 857
857 858 796
796 797 858
858 859 797
797 798 859
859 860 798
798 799 860
860 861 799
799 800 861
861 862 800
800 801 862
862 863 801
801 802 863
863 864 802
802 803 864
864 865 803
803 804 865
865 866 804
804 805 866
866 867 805
805 806 867
867 868 806
806 807 868
868 869 807
807 808 869
869 870 808
808 809 870
810 811 871
871 872 811
811 812 872
872 873 812
812 813 873
873 874 813
813 814 874
874 875 814
814 815 875
875 876 815
815 816 876
876 877 816
816 817 877
877 878 817
817 818 878
878 879 818
818 819 879
879 880 819
819 820 880
880 881 820
820 821 881
881 882 821
821 822 882
882 883 822
822 823 883
883 884 823
823 824 884
884 885 824
824 825 885
885 886 825
825 826 886
886 887 826
826 827 887
887 888 827
827 828 888
888 889 828
828 829 889
889 890 829
829 830 890
890 891 830
830 831 891
891 892 831
831 832 892
892 893 832
832 833 893
893 894 833
833 834 894
894 895 834
834 835 895
895 896 835
835 836 896
896 897 836
836 837 897
897 898 837
837 838 898
898 899 838
838 839 899
899 900 839
839 840 900
900 901 840
840 841 901
901 902 841
841 842 902
902 903 842
842 843 903
903 904 843
843 844 904
904 905 844
844 845 905
905 906 845
845 846 906
906 907 846
846 847 907
907 908 847
847 848 908
908 909 848
848 849 909
909 910 849
849 850 910
910 911 850
850 851 911
911 912 851
851 852 912
912 913 852
852 853 913
913 914 853
853 854 914
914 915 854
854 855 915
915 916 855
855 856 916
916 917 856
856 857 917
917 918 857
857 858 918
918 919 858
858 859 919
919 920 859
859 860 920
920 921 860
860 861 921
921 922 861
861 862 922
922 923 862
862 863 923
923 924 863
863 864 924
924 925 864
864 865 925
925 926 865
865 866 926
926 927 866
866 867 927
927 928 867
867 868 928
928 929 868
868 869 929
929 930 869
869 870 930
871 872 931
931 932 872
872 873 932
932 933 873
873 874 933
933 934 874
874 875 934
934 935 875
875 876 935
935 936 876
876 877 936
936 937 877
877 878 937
937 938 878
878 879 938
938 939 879
879 880 939
939 940 880
880 881 940
940 941 881
881 882 941
941 942 882
882 883 942
942 943 883
883 884 943
943 944 884
884 885 944
944 945 885
885 886 945
945 946 886
886 887 946
946 947 887
887 888 947
947 948 888
888 889 948
948 949 889
889 890 949
949 950 890
890 891 950
950 951 891
891 892 951
951 952 892
892 893 952
952 953 893
893 894 953
953 954 894
894 895 954
954 955 895
895 896 955
955 956 896
896 897 956
956 957 897
897 898 957
957 958 898
898 899 958
958 959 899
899 900 959
959 960 900
900 901 960
960 961 901
901 902 961
961 962 902
902 903 962
962 963 903
903 904 963
963 964 904
904 905 964
964 965 905
905 906 965
965 966 906
906 907 966
966 967 907
907 908 967
967 968 908
908 909 968
968 969 909
909 910 969
969 970 910
910 911 970
970 971 911
911 912 971
971 972 912
912 913 972
972 973 913
913 914 973
973 974 914
914 915 974
974 975 915
915 916 975
975 976 916
916 917 976
976 977 917
917 918 977
977 978 918
918 919 978
978 979 919
919 920 979
979 980 920
920 921 980
980 981 921
921 922 981
981 982 922
922 923 982
982 983 923
923 924 983
983 984 924
924 925 984
984 985 925
925 926 985
985 986 926
926 927 986
986 987 927
927 928 987
987 988 928
928 929 988
988 989 929
929 930 989
931 932 990
990 991 932
932 933 991
991 992 933
933 934 992
992 993 934
934 935 993
993 994 935
935 936 994
994 995 936
936 937 995
995 996 937
937 938 996
996 997 938
938 939 997
997 998 939
939 940 998
998 999 940
940 941 999
999 1000 941
941 942 1000
1000 1001 942
942 943 1001
1001 1002 943
943 944 1002
1002 1003 944
944 945 1003
1003 1004 945
945 946 1004
1004 1005 946
946 947 1005
1005 1006 947
947 948 1006
1006 1007 948
948 949 1007
1007 1008 949
949 950 1008
1008 1009 950
950 951 1009
1009 1010 951
951 952 1010
1010 1011 952
952 953 1011
1011 1012 953
953 954 1012
1012 1013 954
954 955 1013
1013 1014 955
955 956 1014
1014 1015 956
956 957 1015
1015 1016 957
957 958 1016
1016 1017 958
958 959 1017
1017 1018 959
959 960 1018
1018 1019 960
960 961 1019
1019 1020 961
961 962 1020
1020 1021 962
962 963 1021
1021 1022 963
963 964 1022
1022 1023 964
964 965 1023
1023 1024 965
965 966 1024
1024 1025 966
966 967 1025
1025 1026 967
967 968 1026
1026 1027 968
968 969 1027
1027 1028 969
969 970 1028
1028 1029 970
970 971 1029
1029 1030 971
971 972 1030
1030 1031 972
972 973 1031
1031 1032 973
973 974 1032
1032 1033 974
974 975 1033
1033 1034 975
975 976 1034
1034 1035 976
976 977 1035
1035 1036 977
977 978 1036
1036 1037 978
978 979 1037
1037 1038 979
979 980 1038
1038 1039 980
980 981 1039
1039 1040 981
981 982 1040
1040 1041 982
982 983 1041
1041 1042 983
983 984 1042
1042 1043 984
984 985 1043
1043 1044 985
985 986 1044
1044 1045 986
986 987 1045
1045 1046 987
987 988 1046
1046 1047 988
988 989 1047
990 991 1048
1048 1049 991
991 992 1049
1049 1050 992
992 993 1050
1050 1051 993
993 994 1051
1051 1052 994
994 995 1052
1052 1053 995
995 996 1053
1053 1054 996
996 997 1054
1054 1055 997
997 998 1055
1055 1056 998
998 999 1056
1056 1057 999
999 1000 1057
1057 1058 1000
1000 1001 1058
1058 1059 1001
1001 1002 1059
1059 1060 1002
1002 1003 1060
1060 1061 1003
1003 1004 1061
1061 1062 1004
1004 1005 1062
1062 1063 1005
1005 1006 1063
1063 1064 1006
1006 1007 1064
1064 1065 1007
1007 1008 1065
1065 1066 1008
1008 1009 1066
1066 1067 1009
1009 1010 1067
1067 1068 1010
1010 1011 1068
1068 1069 1011
1011 1012 1069
1069 1070 1012
1012 1013 1070
1070 1071 1013
1013 1014 1071
1071 1072 1014
1014 1015 1072
1072 1073 1015
1015 1016 1073
1073 1074 1016
1016 1017 1074
1074 1075 1017
1017 1018 1075
1075 1076 1018
1018 1019 1076
1076 1077 1019
1019 1020 1077
1077 1078 1020
1020 1021 1078
1078 1079 1021
1021 1022 1079
1079 1080 1022
1022 1023 1080
1080 1081 1023
1023 1024 1081
1081 1082 1024
1024 1025 1082
1082 1083 1025
1025 1026 1083
1083 1084 1026
1026 1027 1084
1084 1085 1027
1027 1028 1085
1085 1086 1028
1028 1029 1086
1086 1087 1029
1029 1030 1087
1087 1088 1030
1030 1031 1088
1088 1089 1031
1031 1032 1089
1089 1090 1032
1032 1033 1090
1090 1091 1033
1033 1034 1091
1091 1092 1034
1034 1035 1092
1092 1093 1035
1035 1036 1093
1093 1094 1036
1036 1037 1094
1094 1095 1037
1037 1038 1095
1095 1096 1038
1038 1039 1096
1096 1097 1039
1039 1040 1097
1097 1098 1040
1040 1041 1098
1098 1099 1041
1041 1042 1099
1099 1100 1042
1042 1043 1100
1100 1101 1043
1043 1044 1101
1101 1102 1044
1044 1045 1102
1102 1103 1045
1045 1046 1103
1103 1104 1046
1046 1047 1104
1048 1049 1105
1105 1106 1049
1049 1050 1106
1106 1107 1050
1050 1051 1107
1107 1108 1051
1051 1052 1108
1108 1109 1052
1052 1053 1109
1109 1110 1053
1053 1054 1110
1110 1111 1054
1054 1055 1111
1111 1112 1055
1055 1056 1112
1112 1113 1056
1056 1057 1113
1113 1114 1057
1057 1058 1114
1114 1115 1058
1058 1059 1115
1115 1116 1059
1059 1060 1116
1116 1117 1060
1060 1061 1117
1117 1118 1061
1061 1062 1118
1118 1119 1062
1062 1063 1119
1119 1120 1063
1063 1064 1120
1120 1121 1064
1064 1065 1121
1121 1122 1065
1065 1066 1122
1122 1123 1066
1066 1067 1123
1123 1124 1067
1067 1068 1124
1124 1125 1068
1068 1069 1125
1125 1126 1069
1069 1070 1126
1126 1127 1070
1070 1071 1127
1127 1128 1071
1071 1072 1128
1128 1129 1072
1072 1073 1129
1129 1130 1073
1073 1074 1130
1130 1131 1074
1074 1075 1131
1131 1132 1075
1075 1076 1132
1132 1133 1076
1076 1077 1133
1133 1134 1077
1077 1078 1134
1134 1135 1078
1078 1079 1135
1135 1136 1079
1079 1080 1136
1136 1137 1080
1080 1081 1137
1137 1138 1081
1081 1082 1138
1138 1139 1082
1082 1083 1139
1139 1140 1083
1083 1084 1140
1140 1141 1084
1084 1085 1141
1141 1142 1085
1085 1086 1142
1142 1143 1086
1086 1087 1143
1143 1144 1087
1087 1088 1144
1144 1145 1088
1088 1089 1145
1145 1146 1089
1089 1090 1146
1146 1147 1090
1090 1091 1147
1147 1148 1091
1091 1092 1148
1148 1149 1092
1092 1093 1149
1149 1150 1093
1093 1094 1150
1150 1151 1094
1094 1095 1151
1151 1152 1095
1095 1096 1152
1152 1153 1096
1096 1097 1153
1153 1154 1097
1097 1098 1154
1154 1155 1098
1098 1099 1155
1155 1156 1099
1099 1100 1156
1156 1157 1100
1100 1101 1157
1157 1158 1101
1101 1102 1158
1158 1159 1102
1102 1103 1159
1159 1160 1103
1103 1104 1160
1105 1106 1161
1161 1162 1106
1106 1107 1162
1162 1163 1107
1107 1108 1163
1163 1164 1108
1108 1109 1164
1164 1165 1109
1109 1110 1165
1165 1166 1110
1110 1111 1166
1166 1167 1111
1111 1112 1167
1167 1168 1112
1112 1113 1168
1168 1169 1113
1113 1114 1169
1169 1170 1114
1114 1115 1170
1170 1171 1115
1115 1116 1171
1171 1172 1116
1116 1117 1172
1172 1173 1117
1117 1118 1173
1173 1174 1118
1118 1119 1174
1174 1175 1119
1119 1120 1175
1175 1176 1120
1120 1121 1176
1176 1177 1121
1121 1122 1177
1177 1178 1122
1122 1123 1178
1178 1179 1123
1123 1124 1179
1179 1180 1124
1124 1125 1180
1180 1181 1125
1125 1126 1181
1181 1182 1126
1126 1127 1182
1182 1183 1127
1127 1128 1183
1183 1184 1128
1128 1129 1184
1184 1185 1129
1129 1130 1185
1185 1186 1130
1130 1131 1186
1186 1187 1131
1131 1132 1187
1187 1188 1132
1132 1133 1188
1188 1189 1133
1133 1134 1189
1189 1190 1134
1134 1135 1190
1190 1191 1135
1135 1136 1191
1191 1192 1136
1136 1137 1192
1192 1193 1137
1137 1138 1193
1193 1194 1138
1138 1139 1194
1194 1195 1139
1139 1140 1195
1195 1196 1140
1140 1141 1196
1196 1197 1141
1141 1142 1197
1197 1198 1142
1142 1143 1198
1198 1199 1143
1143 1144 1199
1199 1200 1144
1144 1145 1200
1200 1201 1145
1145 1146 1201
1201 1202 1146
1146 1147 1202
1202 1203 1147
1147 1148 1203
1203 1204 1148
1148 1149 1204
1204 1205 1149
1149 1150 1205
1205 1206 1150
1150 1151 1206
1206 1207 1151
1151 1152 1207
1207 1208 1152
1152 1153 1208
1208 1209 1153
1153 1154 1209
1209 1210 1154
1154 1155 1210
1210 1211 1155
1155 1156 1211
1211 1212 1156
1156 1157 1212
1212 1213 1157
1157 1158 1213
1213 1214 1158
1158 1159 1214
1214 1215 1159
1159 1160 1215
1161 1162 1216
1216 1217 1162
1162 1163 1217
1217 1218 1163
1163 1164 1218
1218 1219 1164
1164 1165 1219
1219 1220 1165
1165 1166 1220
1220 1221 1166
1166 1167 1221
1221 1222 1167
1167 1168 1222
1222 1223 1168
1168 1169 1223
1223 1224 1169
1169 1170 1224
1224 1225 1170
1170 1171 1225
1225 1226 1171
1171 1172 1226
1226 1227 1172
1172 1173 1227
1227 1228 1173
1173 1174 1228
1228 1229 1174
1174 1175 1229
1229 1230 1175
1175 1176 1230
1230 1231 1176
1176 1177 1231
1231 1232 1177
1177 1178 1232
1232 1233 1178
1178 1179 1233
1233 1234 1179
1179 1180 1234
1234 1235 1180
1180 1181 1235
1235 1236 1181
1181 1182 1236
1236 1237 1182
1182 1183 1237
1237 1238 1183
1183 1184 1238
1238 1239 1184
1184 1185 1239
1239 1240 1185
1185 1186 1240
1240 1241 1186
1186 1187 1241
1241 1242 1187
1187 1188 1242
1242 1243 1188
1188 1189 1243
1243 1244 1189
1189 1190 1244
1244 1245 1190
1190 1191 1245
1245 1246 1191
1191 1192 1246
1246 1247 1192
1192 1193 1247
1247 1248 1193
1193 1194 1248
1248 1249 1194
1194 1195 1249
1249 1250 1195
1195 1196 1250
1250 1251 1196
1196 1197 1251
1251 1252 1197
1197 1198 1252
1252 1253 1198
1198 1199 1253
1253 1254 1199
1199 1200 1254
1254 1255 1200
1200 1201 1255
1255 1256 1201
1201 1202 1256
1256 1257 1202
1202 1203 1257
1257 1258 1203
1203 1204 1258
1258 1259 1204
1204 1205 1259
1259 1260 1205
1205 1206 1260
1260 1261 1206
1206 1207 1261
1261 1262 1207
1207 1208 1262
1262 1263 1208
1208 1209 1263
1263 1264 1209
1209 1210 1264
1264 1265 1210
1210 1211 1265
1265 1266 1211
1211 1212 1266
1266 1267 1212
1212 1213 1267
1267 1268 1213
1213 1214 1268
1268 1269 1214
1214 1215 1269
1216 1217 1270
1270 1271 1217
1217 1218 1271
1271 1272 1218
1218 1219 1272
1272 1273 1219
1219 1220 1273
1273 1274 1220
1220 1221 1274
1274 1275 1221
1221 1222 1275
1275 1276 1222
1222 1223 1276
1276 1277 1223
1223 1224 1277
1277 1278 1224
1224 1225 1278
1278 1279 1225
1225 1226 1279
1279 1280 1226
1226 1227 1280
1280 1281 1227
1227 1228 1281
1281 1282 1228
1228 1229 1282
1282 1283 1229
1229 1230 1283
1283 1284 1230
1230 1231 1284
1284 1285 1231
1231 1232 1285
1285 1286 1232
1232 1233 1286
1286 1287 1233
1233 1234 1287
1287 1288 1234
1234 1235 1288
1288 1289 1235
1235 1236 1289
1289 1290 1236
1236 1237 1290
1290 1291 1237
1237 1238 1291
1291 1292 1238
1238 1239 1292
1292 1293 1239
1239 1240 1293
1293 1294 1240
1240 1241 1294
1294 1295 1241
1241 1242 1295
1295 1296 1242
1242 1243 1296
1296 1297 1243
1243 1244 1297
1297 1298 1244
1244 1245 1298
1298 1299 1245
1245 1246 1299
1299 1300 1246
1246 1247 1300
1300 1301 1247
1247 1248 1301
1301 1302 1248
1248 1249 1302
1302 1303 1249
1249 1250 1303
1303 1304 1250
1250 1251 1304
1304 1305 1251
1251 1252 1305
1305 1306 1252
1252 1253 1306
1306 1307 1253
1253 1254 1307
1307 1308 1254
1254 1255 1308
1308 1309 1255
1255 1256 1309
1309 1310 1256
1256 1257 1310
1310 1311 1257
1257 1258 1311
1311 1312 1258
1258 1259 1312
1312 1313 1259
1259 1260 1313
1313 1314 1260
1260 1261 1314
1314 1315 1261
1261 1262 1315
1315 1316 1262
1262 1263 1316
1316 1317 1263
1263 1264 1317
1317 1318 1264
1264 1265 1318
1318 1319 1265
1265 1266 1319
1319 1320 1266
1266 1267 1320
1320 1321 1267
1267 1268 1321
1321 1322 1268
1268 1269 1322
1270 1271 1323
1323 1324 1271
1271 1272 1324
1324 1325 1272
1272 1273 1325
1325 1326 1273
1273 1274 1326
1326 1327 1274
1274 1275 1327
1327 1328 1275
1275 1276 1328
1328 1329 1276
1276 1277 1329
1329 1330 1277
1277 1278 1330
1330 1331 1278
1278 1279 1331
1331 1332 1279
1279 1280 1332
1332 1333 1280
1280 1281 1333
1333 1334 1281
1281 1282 1334
1334 1335 1282
1282 1283 1335
1335 1336 1283
1283 1284 1336
1336 1337 1284
1284 1285 1337
1337 1338 1285
1285 1286 1338
1338 1339 1286
1286 1287 1339
1339 1340 1287
1287 1288 1340
1340 1341 1288
1288 1289 1341
1341 1342 1289
1289 1290 1342
1342 1343 1290
1290 1291 1343
1343 1344 1291
1291 1292 1344
1344 1345 1292
1292 1293 1345
1345 1346 1293
1293 1294 1346
1346 1347 1294
1294 1295 1347
1347 1348 1295
1295 1296 1348
1348 1349 1296
1296 1297 1349
1349 1350 1297
1297 1298 1350
1350 1351 1298
1298 1299 1351
1351 1352 1299
1299 1300 1352
1352 1353 1300
1300 1301 1353
1353 1354 1301
1301 1302 1354
1354 1355 1302
1302 1303 1355
1355 1356 1303
1303 1304 1356
1356 1357 1304
1304 1305 1357
1357 1358 1305
1305 1306 1358
1358 1359 1306
1306 1307 1359
1359 1360 1307
1307 1308 1360
1360 1361 1308
1308 1309 1361
1361 1362 1309
1309 1310 1362
1362 1363 1310
1310 1311 1363
1363 1364 1311
1311 1312 1364
1364 1365 1312
1312 1313 1365
1365 1366 1313
1313 1314 1366
1366 1367 1314
1314 1315 1367
1367 1368 1315
1315 1316 1368
1368 1369 1316
1316 1317 1369
1369 1370 1317
1317 1318 1370
1370 1371 1318
1318 1319 1371
1371 1372 1319
1319 1320 1372
1372 1373 1320
1320 1321 1373
1373 1374 1321
1321 1322 1374
1323 1324 1375
1375 1376 1324
1324 1325 1376
1376 1377 1325
1325 1326 1377
1377 1378 1326
1326 1327 1378
1378 1379 1327
1327 1328 1379
1379 1380 1328
1328 1329 1380
1380 1381 1329
1329 1330 1381
1381 1382 1330
1330 1331 1382
1382 1383 1331
1331 1332 1383
1383 1384 1332
1332 1333 1384
1384 1385 1333
1333 1334 1385
1385 1386 1334
1334 1335 1386
1386 1387 1335
1335 1336 1387
1387 1388 1336
1336 1337 1388
1388 1389 1337
1337 1338 1389
1389 1390 1338
1338 1339 1390
1390 1391 1339
1339 1340 1391
1391 1392 1340
1340 1341 1392
1392 1393 1341
1341 1342 1393
1393 1394 1342
1342 1343 1394
1394 1395 1343
1343 1344 1395
1395 1396 1344
1344 1345 1396
1396 1397 1345
1345 1346 1397
1397 1398 1346
1346 1347 1398
1398 1399 1347
1347 1348 1399
1399 1400 1348
1348 1349 1400
1400 1401 1349
1349 1350 1401
1401 1402 1350
1350 1351 1402
1402 1403 1351
1351 1352 1403
1403 1404 1352
1352 1353 1404
1404 1405 1353
1353 1354 1405
1405 1406 1354
1354 1355 1406
1406 1407 1355
1355 1356 1407
1407 1408 1356
1356 1357 1408
1408 1409 1357
1357 1358 1409
1409 1410 1358
1358 1359 1410
1410 1411 1359
1359 1360 1411
1411 1412 1360
1360 1361 1412
1412 1413 1361
1361 1362 1413
1413 1414 1362
1362 1363 1414
1414 1415 1363
1363 1364 1415
1415 1416 1364
1364 1365 1416
1416 1417 1365
1365 1366 1417
1417 1418 1366
1366 1367 1418
1418 1419 1367
1367 1368 1419
1419 1420 1368
1368 1369 1420
1420 1421 1369
1369 1370 1421
1421 1422 1370
1370 1371 1422
1422 1423 1371
1371 1372 1423
1423 1424 1372
1372 1373 1424
1424 1425 1373
1373 1374 1425
1375 1376 1426
1426 1427 1376
1376 1377 1427
1427 1428 1377
1377 1378 1428
1428 1429 1378
1378 1379 1429
1429 1430 1379
1379 1380 1430
1430 1431 1380
1380 1381 1431
1431 1432 1381
1381 1382 1432
1432 1433 1382
1382 1383 1433
1433 1434 1383
1383 1384 1434
1434 1435 1384
1384 1385 1435
1435 1436 1385
1385 1386 1436
1436 1437 1386
1386 1387 1437
1437 1438 1387
1387 1388 1438
1438 1439 1388
1388 1389 1439
1439 1440 1389
1389 1390 1440
1440 1441 1390
1390 1391 1441
1441 1442 1391
1391 1392 1442
1442 1443 1392
1392 1393 1443
1443 1444 1393
1393 1394 1444
1444 1445 1394
1394 1395 1445
1445 1446 1395
1395 1396 1446
1446 1447 1396
1396 1397 1447
1447 1448 1397
1397 1398 1448
1448 1449 1398
1398 1399 1449
1449 1450 1399
1399 1400 1450
1450 1451 1400
1400 1401 1451
1451 1452 1401
1401 1402 1452
1452 1453 1402
1402 1403 1453
1453 1454 1403
1403 1404 1454
1454 1455 1404
1404 1405 1455
1455 1456 1405
1405 1406 1456
1456 1457 1406
1406 1407 1457
1457 1458 1407
1407 1408 1458
1458 1459 1408
1408 1409 1459
1459 1460 1409
1409 1410 1460
1460 1461 1410
1410 1411 1461
1461 1462 1411
1411 1412 1462
1462 1463 1412
1412 1413 1463
1463 1464 1413
1413 1414 1464
1464 1465 1414
1414 1415 1465
1465 1466 1415
1415 1416 1466
1466 1467 1416
1416 1417 1467
1467 1468 1417
1417 1418 1468
1468 1469 1418
1418 1419 1469
1469 1470 1419
1419 1420 1470
1470 1471 1420
1420 1421 1471
1471 1472 1421
1421 1422 1472
1472 1473 1422
1422 1423 1473
1473 1474 1423
1423 1424 1474
1474 1475 1424
1424 1425 1475
1426 1427 1476
1476 1477 1427
1427 1428 1477
1477 1478 1428
1428 1429 1478
1478 1479 1429
1429 1430 1479
1479 1480 1430
1430 1431 1480
1480 1481 1431
1431 1432 1481
1481 1482 1432
1432 1433 1482
1482 1483 1433
1433 1434 1483
1483 1484 1434
1434 1435 1484
1484 1485 1435
1435 1436 1485
1485 1486 1436
1436 1437 1486
1486 1487 1437
1437 1438 1487
1487 1488 1438
1438 1439 1488
1488 1489 1439
1439 1440 1489
1489 1490 1440
1440 1441 1490
1490 1491 1441
1441 1442 1491
1491 1492 1442
1442 1443 1492
1492 1493 1443
1443 1444 1493
1493 1494 1444
1444 1445 1494
1494 1495 1445
1445 1446 1495
1495 1496 1446
1446 1447 1496
1496 1497 1447
1447 1448 1497
1497 1498 1448
1448 1449 1498
1498 1499 1449
1449 1450 1499
1499 1500 1450
1450 1451 1500
1500 1501 1451
1451 1452 1501
1501 1502 1452
1452 1453 1502
1502 1503 1453
1453 1454 1503
1503 1504 1454
1454 1455 1504
1504 1505 1455
1455 1456 1505
1505 1506 1456
1456 1457 1506
1506 1507 1457
1457 1458 1507
1507 1508 1458
1458 1459 1508
1508 1509 1459
1459 1460 1509
1509 1510 1460
1460 1461 1510
1510 1511 1461
1461 1462 1511
1511 1512 1462
1462 1463 1512
1512 1513 1463
1463 1464 1513
1513 1514 1464
1464 1465 1514
1514 1515 1465
1465 1466 1515
1515 1516 1466
1466 1467 1516
1516 1517 1467
1467 1468 1517
1517 1518 1468
1468 1469 1518
1518 1519 1469
1469 1470 1519
1519 1520 1470
1470 1471 1520
1520 1521 1471
1471 1472 1521
1521 1522 1472
1472 1473 1522
1522 1523 1473
1473 1474 1523
1523 1524 1474
1474 1475 1524
1476 1477 1525
1525 1526 1477
1477 1478 1526
1526 1527 1478
1478 1479 1527
1527 1528 1479
1479 1480 1528
1528 1529 1480
1480 1481 1529
1529 1530 1481
1481 1482 1530
1530 1531 1482
1482 1483 1531
1531 1532 1483
1483 1484 1532
1532 1533 1484
1484 1485 1533
1533 1534 1485
1485 1486 1534
1534 1535 1486
1486 1487 1535
1535 1536 1487
1487 1488 1536
1536 1537 1488
1488 1489 1537
1537 1538 1489
1489 1490 1538
1538 1539 1490
1490 1491 1539
1539 1540 1491
1491 1492 1540
1540 1541 1492
1492 1493 1541
1541 1542 1493
1493 1494 1542
1542 1543 1494
1494 1495 1543
1543 1544 1495
1495 1496 1544
1544 1545 1496
1496 1497 1545
1545 1546 1497
1497 1498 1546
1546 1547 1498
1498 1499 1547
1547 1548 1499
1499 1500 1548
1548 1549 1500
1500 1501 1549
1549 1550 1501
1501 1502 1550
1550 1551 1502
1502 1503 1551
1551 1552 1503
1503 1504 1552
1552 1553 1504
1504 1505 1553
1553 1554 1505
1505 1506 1554
1554 1555 1506
1506 1507 1555
1555 1556 1507
1507 1508 1556
1556 1557 1508
1508 1509 1557
1557 1558 1509
1509 1510 1558
1558 1559 1510
1510 1511 1559
1559 1560 1511
1511 1512 1560
1560 1561 1512
1512 1513 1561
1561 1562 1513
1513 1514 1562
1562 1563 1514
1514 1515 1563
1563 1564 1515
1515 1516 1564
1564 1565 1516
1516 1517 1565
1565 1566 1517
1517 1518 1566
1566 1567 1518
1518 1519 1567
1567 1568 1519
1519 1520 1568
1568 1569 1520
1520 1521 1569
1569 1570 1521
1521 1522 1570
1570 1571 1522
1522 1523 1571
1571 1572 1523
1523 1524 1572
1525 1526 1573
1573 1574 1526
1526 1527 1574
1574 1575 1527
1527 1528 1575
1575 1576 1528
1528 1529 1576
1576 1577 1529
1529 1530 1577
1577 1578 1530
1530 1531 1578
1578 1579 1531
1531 1532 1579
1579 1580 1532
1532 1533 1580
1580 1581 1533
1533 1534 1581
1581 1582 1534
1534 1535 1582
1582 1583 1535
1535 1536 1583
1583 1584 1536
1536 1537 1584
1584 1585 1537
1537 1538 1585
1585 1586 1538
1538 1539 1586
1586 1587 1539
1539 1540 1587
1587 1588 1540
1540 1541 1588
1588 1589 1541
1541 1542 1589
1589 1590 1542
1542 1543 1590
1590 1591 1543
1543 1544 1591
1591 1592 1544
1544 1545 1592
1592 1593 1545
1545 1546 1593
1593 1594 1546
1546 1547 1594
1594 1595 1547
1547 1548 1595
1595 1596 1548
1548 1549 1596
1596 1597 1549
1549 1550 1597
1597 1598 1550
1550 1551 1598
1598 1599 1551
1551 1552 1599
1599 1600 1552
1552 1553 1600
1600 1601 1553
1553 1554 1601
1601 1602 1554
1554 1555 1602
1602 1603 1555
1555 1556 1603
1603 1604 1556
1556 1557 1604
1604 1605 1557
1557 1558 1605
1605 1606 1558
1558 1559 1606
1606 1607 1559
1559 1560 1607
1607 1608 1560
1560 1561 1608
1608 1609 1561
1561 1562 1609
1609 1610 1562
1562 1563 1610
1610 1611 1563
1563 1564 1611
1611 1612 1564
1564 1565 1612
1612 1613 1565
1565 1566 1613
1613 1614 1566
1566 1567 1614
1614 1615 1567
1567 1568 1615
1615 1616 1568
1568 1569 1616
1616 1617 1569
1569 1570 1617
1617 1618 1570
1570 1571 1618
1618 1619 1571
1571 1572 1619
1573 1574 1620
1620 1621 1574
1574 1575 1621
1621 1622 1575
1575 1576 1622
1622 1623 1576
1576 1577 1623
1623 1624 1577
1577 1578 1624
1624 1625 1578
1578 1579 1625
1625 1626 1579
1579 1580 1626
1626 1627 1580
1580 1581 1627
1627 1628 1581
1581 1582 1628
1628 1629 1582
1582 1583 1629
1629 1630 1583
1583 1584 1630
1630 1631 1584
1584 1585 1631
1631 1632 1585
1585 1586 1632
1632 1633 1586
1586 1587 1633
1633 1634 1587
1587 1588 1634
1634 1635 1588
1588 1589 1635
1635 1636 1589
1589 1590 1636
1636 1637 1590
1590 1591 1637
1637 1638 1591
1591 1592 1638
1638 1639 1592
1592 1593 1639
1639 1640 1593
1593 1594 1640
1640 1641 1594
1594 1595 1641
1641 1642 1595
1595 1596 1642
1642 1643 1596
1596 1597 1643
1643 1644 1597
1597 1598 1644
1644 1645 1598
1598 1599 1645
1645 1646 1599
1599 1600 1646
1646 1647 1600
1600 1601 1647
1647 1648 1601
1601 1602 1648
1648 1649 1602
1602 1603 1649
1649 1650 1603
1603 1604 1650
1650 1651 1604
1604 1605 1651
1651 1652 1605
1605 1606 1652
1652 1653 1606
1606 1607 1653
1653 1654 1607
1607 1608 1654
1654 1655 1608
1608 1609 1655
1655 1656 1609
1609 1610 1656
1656 1657 1610
1610 1611 1657
1657 1658 1611
1611 1612 1658
1658 1659 1612
1612 1613 1659
1659 1660 1613
1613 1614 1660
1660 1661 1614
1614 1615 1661
1661 1662 1615
1615 1616 1662
1662 1663 1616
1616 1617 1663
1663 1664 1617
1617 1618 1664
1664 1665 1618
1618 1619 1665
1620 1621 1666
1666 1667 1621
1621 1622 1667
1667 1668 1622
1622 1623 1668
1668 1669 1623
1623 1624 1669
1669 1670 1624
1624 1625 1670
1670 1671 1625
1625 1626 1671
1671 1672 1626
1626 1627 1672
1672 1673 1627
1627 1628 1673
1673 1674 1628
1628 1629 1674
1674 1675 1629
1629 1630 1675
1675 1676 1630
1630 1631 1676
1676 1677 1631
1631 1632 1677
1677 1678 1632
1632 1633 1678
1678 1679 1633
1633 1634 1679
1679 1680 1634
1634 1635 1680
1680 1681 1635
1635 1636 1681
1681 1682 1636
1636 1637 1682
1682 1683 1637
1637 1638 1683
1683 1684 1638
1638 1639 1684
1684 1685 1639
1639 1640 1685
1685 1686 1640
1640 1641 1686
1686 1687 1641
1641 1642 1687
1687 1688 1642
1642 1643 1688
1688 1689 1643
1643 1644 1689
1689 1690 1644
1644 1645 1690
1690 1691 1645
1645 1646 1691
1691 1692 1646
1646 1647 1692
1692 1693 1647
1647 1648 1693
1693 1694 1648
1648 1649 1694
1694 1695 1649
1649 1650 1695
1695 1696 1650
1650 1651 1696
1696 1697 1651
1651 1652 1697
1697 1698 1652
1652 1653 1698
1698 1699 1653
1653 1654 1699
1699 1700 1654
1654 1655 1700
1700 1701 1655
1655 1656 1701
1701 1702 1656
1656 1657 1702
1702 1703 1657
1657 1658 1703
1703 1704 1658
1658 1659 1704
1704 1705 1659
1659 1660 1705
1705 1706 1660
1660 1661 1706
1706 1707 1661
1661 1662 1707
1707 1708 1662
1662 1663 1708
1708 1709 1663
1663 1664 1709
1709 1710 1664
1664 1665 1710
1666 1667 1711
1711 1712 1667
1667 1668 1712
1712 1713 1668
1668 1669 1713
1713 1714 1669
1669 1670 1714
1714 1715 1670
1670 1671 1715
1715 1716 1671
1671 1672 1716
1716 1717 1672
1672 1673 1717
1717 1718 1673
1673 1674 1718
1718 1719 1674
1674 1675 1719
1719 1720 1675
1675 1676 1720
1720 1721 1676
1676 1677 1721
1721 1722 1677
1677 1678 1722
1722 1723 1678
1678 1679 1723
1723 1724 1679
1679 1680 1724
1724 1725 1680
1680 1681 1725
1725 1726 1681
1681 1682 1726
1726 1727 1682
1682 1683 1727
1727 1728 1683
1683 1684 1728
1728 1729 1684
1684 1685 1729
1729 1730 1685
1685 1686 1730
1730 1731 1686
1686 1687 1731
1731 1732 1687
1687 1688 1732
1732 1733 1688
1688 1689 1733
1733 1734 1689
1689 1690 1734
1734 1735 1690
1690 1691 1735
1735 1736 1691
1691 1692 1736
1736 1737 1692
1692 1693 1737
1737 1738 1693
1693 1694 1738
1738 1739 1694
1694 1695 1739
1739 1740 1695
1695 1696 1740
1740 1741 1696
1696 1697 1741
1741 1742 1697
1697 1698 1742
1742 1743 1698
1698 1699 1743
1743 1744 1699
1699 1700 1744
1744 1745 1700
1700 1701 1745
1745 1746 1701
1701 1702 1746
1746 1747 1702
1702 1703 1747
1747 1748 1703
1703 1704 1748
1748 1749 1704
1704 1705 1749
1749 1750 1705
1705 1706 1750
1750 1751 1706
1706 1707 1751
1751 1752 1707
1707 1708 1752
1752 1753 1708
1708 1709 1753
1753 1754 1709
1709 1710 1754
1711 1712 1755
1755 1756 1712
1712 1713 1756
1756 1757 1713
1713 1714 1757
1757 1758 1714
1714 1715 1758
1758 1759 1715
1715 1716 1759
1759 1760 1716
1716 1717 1760
1760 1761 1717
1717 1718 1761
1761 1762 1718
1718 1719 1762
1762 1763 1719
1719 1720 1763
1763 1764 1720
1720 1721 1764
1764 1765 1721
1721 1722 1765
1765 1766 1722
1722 1723 1766
1766 1767 1723
1723 1724 1767
1767 1768 1724
1724 1725 1768
1768 1769 1725
1725 1726 1769
1769 1770 1726
1726 1727 1770
1770 1771 1727
1727 1728 1771
1771 1772 1728
1728 1729 1772
1772 1773 1729
1729 1730 1773
1773 1774 1730
1730 1731 1774
1774 1775 1731
1731 1732 1775
1775 1776 1732
1732 1733 1776
1776 1777 1733
1733 1734 1777
1777 1778 1734
1734 1735 1778
1778 1779 1735
1735 1736 1779
1779 1780 1736
1736 1737 1780
1780 1781 1737
1737 1738 1781
1781 1782 1738
1738 1739 1782
1782 1783 1739
1739 1740 1783
1783 1784 1740
1740 1741 1784
1784 1785 1741
1741 1742 1785
1785 1786 1742
1742 1743 1786
1786 1787 1743
1743 1744 1787
1787 1788 1744
1744 1745 1788
1788 1789 1745
1745 1746 1789
1789 1790 1746
1746 1747 1790
1790 1791 1747
1747 1748 1791
1791 1792 1748
1748 1749 1792
1792 1793 1749
1749 1750 1793
1793 1794 1750
1750 1751 1794
1794 1795 1751
1751 1752 1795
1795 1796 1752
1752 1753 1796
1796 1797 1753
1753 1754 1797
1755 1756 1798
1798 1799 1756
1756 1757 1799
1799 1800 1757
1757 1758 1800
1800 1801 1758
1758 1759 1801
1801 1802 1759
1759 1760 1802
1802 1803 1760
1760 1761 1803
1803 1804 1761
1761 1762 1804
1804 1805 1762
1762 1763 1805
1805 1806 1763
1763 1764 1806
1806 1807 1764
1764 1765 1807
1807 1808 1765
1765 1766 1808
1808 1809 1766
1766 1767 1809
1809 1810 1767
1767 1768 1810
1810 1811 1768
1768 1769 1811
1811 1812 1769
1769 1770 1812
1812 1813 1770
1770 1771 1813
1813 1814 1771
1771 1772 1814
1814 1815 1772
1772 1773 1815
1815 1816 1773
1773 1774 1816
1816 1817 1774
1774 1775 1817
1817 1818 1775
1775 1776 1818
1818 1819 1776
1776 1777 1819
1819 1820 1777
1777 1778 1820
1820 1821 1778
1778 1779 1821
1821 1822 1779
1779 1780 1822
1822 1823 1780
1780 1781 1823
1823 1824 1781
1781 1782 1824
1824 1825 1782
1782 1783 1825
1825 1826 1783
1783 1784 1826
1826 1827 1784
1784 1785 1827
1827 1828 1785
1785 1786 1828
1828 1829 1786
1786 1787 1829
1829 1830 1787
1787 1788 1830
1830 1831 1788
1788 1789 1831
1831 1832 1789
1789 1790 1832
1832 1833 1790
1790 1791 1833
1833 1834 1791
1791 1792 1834
1834 1835 1792
1792 1793 1835
1835 1836 1793
1793 1794 1836
1836 1837 1794
1794 1795 1837
1837 1838 1795
1795 1796 1838
1838 1839 1796
1796 1797 1839
1798 1799 1840
1840 1841 1799
1799 1800 1841
1841 1842 1800
1800 1801 1842
1842 1843 1801
1801 1802 1843
1843 1844 1802
1802 1803 1844
1844 1845 1803
1803 1804 1845
1845 1846 1804
1804 1805 1846
1846 1847 1805
1805 1806 1847
1847 1848 1806
1806 1807 1848
1848 1849 1807
1807 1808 1849
1849 1850 1808
1808 1809 1850
1850 1851 1809
1809 1810 1851
1851 1852 1810
1810 1811 1852
1852 1853 1811
1811 1812 1853
1853 1854 1812
1812 1813 1854
1854 1855 1813
1813 1814 1855
1855 1856 1814
1814 1815 1856
1856 1857 1815
1815 1816 1857
1857 1858 1816
1816 1817 1858
1858 1859 1817
1817 1818 1859
1859 1860 1818
1818 1819 1860
1860 1861 1819
1819 1820 1861
1861 1862 1820
1820 1821 1862
1862 1863 1821
1821 1822 1863
1863 1864 1822
1822 1823 1864
1864 1865 1823
1823 1824 1865
1865 1866 1824
1824 1825 1866
1866 1867 1825
1825 1826 1867
1867 1868 1826
1826 1827 1868
1868 1869 1827
1827 1828 1869
1869 1870 1828
1828 1829 1870
1870 1871 1829
1829 1830 1871
1871 1872 1830
1830 1831 1872
1872 1873 1831
1831 1832 1873
1873 1874 1832
1832 1833 1874
1874 1875 1833
1833 1834 1875
1875 1876 1834
1834 1835 1876
1876 1877 1835
1835 1836 1877
1877 1878 1836
1836 1837 1878
1878 1879 1837
1837 1838 1879
1879 1880 1838
1838 1839 1880
1840 1841 1881
1881 1882 1841
1841 1842 1882
1882 1883 1842
1842 1843 1883
1883 1884 1843
1843 1844 1884
1884 1885 1844
1844 1845 1885
1885 1886 1845
1845 1846 1886
1886 1887 1846
1846 1847 1887
1887 1888 1847
1847 1848 1888
1888 1889 1848
1848 1849 1889
1889 1890 1849
1849 1850 1890
1890 1891 1850
1850 1851 1891
1891 1892 1851
1851 1852 1892
1892 1893 1852
1852 1853 1893
1893 1894 1853
1853 1854 1894
1894 1895 1854
1854 1855 1895
1895 1896 1855
1855 1856 1896
1896 1897 1856
1856 1857 1897
1897 1898 1857
1857 1858 1898
1898 1899 1858
1858 1859 1899
1899 1900 1859
1859 1860 1900
1900 1901 1860
1860 1861 1901
1901 1902 1861
1861 1862 1902
1902 1903 1862
1862 1863 1903
1903 1904 1863
1863 1864 1904
1904 1905 1864
1864 1865 1905
1905 1906 1865
1865 1866 1906
1906 1907 1866
1866 1867 1907
1907 1908 1867
1867 1868 1908
1908 1909 1868
1868 1869 1909
1909 1910 1869
1869 1870 1910
1910 1911 1870
1870 1871 1911
1911 1912 1871
1871 1872 1912
1912 1913 1872
1872 1873 1913
1913 1914 1873
1873 1874 1914
1914 1915 1874
1874 1875 1915
1915 1916 1875
1875 1876 1916
1916 1917 1876
1876 1877 1917
1917 1918 1877
1877 1878 1918
1918 1919 1878
1878 1879 1919
1919 1920 1879
1879 1880 1920
1881 1882 1921
1921 1922 1882
1882 1883 1922
1922 1923 1883
1883 1884 1923
1923 1924 1884
1884 1885 1924
1924 1925 1885
1885 1886 1925
1925 1926 1886
1886 1887 1926
1926 1927 1887
1887 1888 1927
1927 1928 1888
1888 1889 1928
1928 1929 1889
1889 1890 1929
1929 1930 1890
1890 1891 1930
1930 1931 1891
1891 1892 1931
1931 1932 1892
1892 1893 1932
1932 1933 1893
1893 1894 1933
1933 1934 1894
1894 1895 1934
1934 1935 1895
1895 1896 1935
1935 1936 1896
1896 1897 1936
1936 1937 1897
1897 1898 1937
1937 1938 1898
1898 1899 1938
1938 1939 1899
1899 1900 1939
1939 1940 1900
1900 1901 1940
1940 1941 1901
1901 1902 1941
1941 1942 1902
1902 1903 1942
1942 1943 1903
1903 1904 1943
1943 1944 1904
1904 1905 1944
1944 1945 1905
1905 1906 1945
1945 1946 1906
1906 1907 1946
1946 1947 1907
1907 1908 1947
1947 1948 1908
1908 1909 1948
1948 1949 1909
1909 1910 1949
1949 1950 1910
1910 1911 1950
1950 1951 1911
1911 1912 1951
1951 1952 1912
1912 1913 1952
1952 1953 1913
1913 1914 1953
1953 1954 1914
1914 1915 1954
1954 1955 1915
1915 1916 1955
1955 1956 1916
1916 1917 1956
1956 1957 1917
1917 1918 1957
1957 1958 1918
1918 1919 1958
1958 1959 1919
1919 1920 1959
1921 1922 1960
1960 1961 1922
1922 1923 1961
1961 1962 1923
1923 1924 1962
1962 1963 1924
1924 1925 1963
1963 1964 1925
1925 1926 1964
1964 1965 1926
1926 1927 1965
1965 1966 1927
1927 1928 1966
1966 1967 1928
1928 1929 1967
1967 1968 1929
1929 1930 1968
1968 1969 1930
1930 1931 1969
1969 1970 1931
1931 1932 1970
1970 1971 1932
1932 1933 1971
1971 1972 1933
1933 1934 1972
1972 1973 1934
1934 1935 1973
1973 1974 1935
1935 1936 1974
1974 1975 1936
1936 1937 1975
1975 1976 1937
1937 1938 1976
1976 1977 1938
1938 1939 1977
1977 1978 1939
1939 1940 1978
1978 1979 1940
1940 1941 1979
1979 1980 1941
1941 1942 1980
1980 1981 1942
1942 1943 1981
1981 1982 1943
1943 1944 1982
1982 1983 1944
1944 1945 1983
1983 1984 1945
1945 1946 1984
1984 1985 1946
1946 1947 1985
1985 1986 1947
1947 1948 1986
1986 1987 1948
1948 1949 1987
1987 1988 1949
1949 1950 1988
1988 1989 1950
1950 1951 1989
1989 1990 1951
1951 1952 1990
1990 1991 1952
1952 1953 1991
1991 1992 1953
1953 1954 1992
1992 1993 1954
1954 1955 1993
1993 1994 1955
1955 1956 1994
1994 1995 1956
1956 1957 1995
1995 1996 1957
1957 1958 1996
1996 1997 1958
1958 1959 1997
1960 1961 1998
1998 1999 1961
1961 1962 1999
1999 2000 1962
1962 1963 2000
2000 2001 1963
1963 1964 2001
2001 2002 1964
1964 1965 2002
2002 2003 1965
1965 1966 2003
2003 2004 1966
1966 1967 2004
2004 2005 1967
1967 1968 2005
2005 2006 1968
1968 1969 2006
2006 2007 1969
1969 1970 2007
2007 2008 1970
1970 1971 2008
2008 2009 1971
1971 1972 2009
2009 2010 1972
1972 1973 2010
2010 2011 1973
1973 1974 2011
2011 2012 1974
1974 1975 2012
2012 2013 1975
1975 1976 2013
2013 2014 1976
1976 1977 2014
2014 2015 1977
1977 1978 2015
2015 2016 1978
1978 1979 2016
2016 2017 1979
1979 1980 2017
2017 2018 1980
1980 1981 2018
2018 2019 1981
1981 1982 2019
2019 2020 1982
1982 1983 2020
2020 2021 1983
1983 1984 2021
2021 2022 1984
1984 1985 2022
2022 2023 1985
1985 1986 2023
2023 2024 1986
1986 1987 2024
2024 2025 1987
1987 1988 2025
2025 2026 1988
1988 1989 2026
2026 2027 1989
1989 1990 2027
2027 2028 1990
1990 1991 2028
2028 2029 1991
1991 1992 2029
2029 2030 1992
1992 1993 2030
2030 2031 1993
1993 1994 2031
2031 2032 1994
1994 1995 2032
2032 2033 1995
1995 1996 2033
2033 2034 1996
1996 1997 2034
1998 1999 2035
2035 2036 1999
1999 2000 2036
2036 2037 2000
2000 2001 2037
2037 2038 2001
2001 2002 2038
2038 2039 2002
2002 2003 2039
2039 2040 2003
2003 2004 2040
2040 2041 2004
2004 2005 2041
2041 2042 2005
2005 2006 2042
2042 2043 2006
2006 2007 2043
2043 2044 2007
2007 2008 2044
2044 2045 2008
2008 2009 2045
2045 2046 2009
2009 2010 2046
2046 2047 2010
2010 2011 2047
2047 2048 2011
2011 2012 2048
2048 2049 2012
2012 2013 2049
2049 2050 2013
2013 2014 2050
2050 2051 2014
2014 2015 2051
2051 2052 2015
2015 2016 2052
2052 2053 2016
2016 2017 2053
2053 2054 2017
2017 2018 2054
2054 2055 2018
2018 2019 2055
2055 2056 2019
2019 2020 2056
2056 2057 2020
2020 2021 2057
2057 2058 2021
2021 2022 2058
2058 2059 2022
2022 2023 2059
2059 2060 2023
2023 2024 2060
2060 2061 2024
2024 2025 2061
2061 2062 2025
2025 2026 2062
2062 2063 2026
2026 2027 2063
2063 2064 2027
2027 2028 2064
2064 2065 2028
2028 2029 2065
2065 2066 2029
2029 2030 2066
2066 2067 2030
2030 2031 2067
2067 2068 2031
2031 2032 2068
2068 2069 2032
2032 2033 2069
2069 2070 2033
2033 2034 2070
2035 2036 2071
2071 2072 2036
2036 2037 2072
2072 2073 2037
2037 2038 2073
2073 2074 2038
2038 2039 2074
2074 2075 2039
2039 2040 2075
2075 2076 2040
2040 2041 2076
2076 2077 2041
2041 2042 2077
2077 2078 2042
2042 2043 2078
2078 2079 2043
2043 2044 2079
2079 2080 2044
2044 2045 2080
2080 2081 2045
2045 2046 2081
2081 2082 2046
2046 2047 2082
2082 2083 2047
2047 2048 2083
2083 2084 2048
2048 2049 2084
2084 2085 2049
2049 2050 2085
2085 2086 2050
2050 2051 2086
2086 2087 2051
2051 2052 2087
2087 2088 2052
2052 2053 2088
2088 2089 2053
2053 2054 2089
2089 2090 2054
2054 2055 2090
2090 2091 2055
2055 2056 2091
2091 2092 2056
2056 2057 2092
2092 2093 2057
2057 2058 2093
2093 2094 2058
2058 2059 2094
2094 2095 2059
2059 2060 2095
2095 2096 2060
2060 2061 2096
2096 2097 2061
2061 2062 2097
2097 2098 2062
2062 2063 2098
2098 2099 2063
2063 2064 2099
2099 2100 2064
2064 2065 2100
2100 2101 2065
2065 2066 2101
2101 2102 2066
2066 2067 2102
2102 2103 2067
2067 2068 2103
2103 2104 2068
2068 2069 2104
2104 2105 2069
2069 2070 2105
2071 2072 2106
2106 2107 2072
2072 2073 2107
2107 2108 2073
2073 2074 2108
2108 2109 2074
2074 2075 2109
2109 2110 2075
2075 2076 2110
2110 2111 2076
2076 2077 2111
2111 2112 2077
2077 2078 2112
2112 2113 2078
2078 2079 2113
2113 2114 2079
2079 2080 2114
2114 2115 2080
2080 2081 2115
2115 2116 2081
2081 2082 2116
2116 2117 2082
2082 2083 2117
2117 2118 2083
2083 2084 2118
2118 2119 2084
2084 2085 2119
2119 2120 2085
2085 2086 2120
2120 2121 2086
2086 2087 2121
2121 2122 2087
2087 2088 2122
2122 2123 2088
2088 2089 2123
2123 2124 2089
2089 2090 2124
2124 2125 2090
2090 2091 2125
2125 2126 2091
2091 2092 2126
2126 2127 2092
2092 2093 2127
2127 2128 2093
2093 2094 2128
2128 2129 2094
2094 2095 2129
2129 2130 2095
2095 2096 2130
2130 2131 2096
2096 2097 2131
2131 2132 2097
2097 2098 2132
2132 2133 2098
2098 2099 2133
2133 2134 2099
2099 2100 2134
2134 2135 2100
2100 2101 2135
2135 2136 2101
2101 2102 2136
2136 2137 2102
2102 2103 2137
2137 2138 2103
2103 2104 2138
2138 2139 2104
2104 2105 2139
2106 2107 2140
2140 2141 2107
2107 2108 2141
2141 2142 2108
2108 2109 2142
2142 2143 2109
2109 2110 2143
2143 2144 2110
2110 2111 2144
2144 2145 2111
2111 2112 2145
2145 2146 2112
2112 2113 2146
2146 2147 2113
2113 2114 2147
2147 2148 2114
2114 2115 2148
2148 2149 2115
2115 2116 2149
2149 2150 2116
2116 2117 2150
2150 2151 2117
2117 2118 2151
2151 2152 2118
2118 2119 2152
2152 2153 2119
2119 2120 2153
2153 2154 2120
2120 2121 2154
2154 2155 2121
2121 2122 2155
2155 2156 2122
2122 2123 2156
2156 2157 2123
2123 2124 2157
2157 2158 2124
2124 2125 2158
2158 2159 2125
2125 2126 2159
2159 2160 2126
2126 2127 2160
2160 2161 2127
2127 2128 2161
2161 2162 2128
2128 2129 2162
2162 2163 2129
2129 2130 2163
2163 2164 2130
2130 2131 2164
2164 2165 2131
2131 2132 2165
2165 2166 2132
2132 2133 2166
2166 2167 2133
2133 2134 2167
2167 2168 2134
2134 2135 2168
2168 2169 2135
2135 2136 2169
2169 2170 2136
2136 2137 2170
2170 2171 2137
2137 2138 2171
2171 2172 2138
2138 2139 2172
2140 2141 2173
2173 2174 2141
2141 2142 2174
2174 2175 2142
2142 2143 2175
2175 2176 2143
2143 2144 2176
2176 2177 2144
2144 2145 2177
2177 2178 2145
2145 2146 2178
2178 2179 2146
2146 2147 2179
2179 2180 2147
2147 2148 2180
2180 2181 2148
2148 2149 2181
2181 2182 2149
2149 2150 2182
2182 2183 2150
2150 2151 2183
2183 2184 2151
2151 2152 2184
2184 2185 2152
2152 2153 2185
2185 2186 2153
2153 2154 2186
2186 2187 2154
2154 2155 2187
2187 2188 2155
2155 2156 2188
2188 2189 2156
2156 2157 2189
2189 2190 2157
2157 2158 2190
2190 2191 2158
2158 2159 2191
2191 2192 2159
2159 2160 2192
2192 2193 2160
2160 2161 2193
2193 2194 2161
2161 2162 2194
2194 2195 2162
2162 2163 2195
2195 2196 2163
2163 2164 2196
2196 2197 2164
2164 2165 2197
2197 2198 2165
2165 2166 2198
2198 2199 2166
2166 2167 2199
2199 2200 2167
2167 2168 2200
2200 2201 2168
2168 2169 2201
2201 2202 2169
2169 2170 2202
2202 2203 2170
2170 2171 2203
2203 2204 2171
2171 2172 2204
2173 2174 2205
2205 2206 2174
2174 2175 2206
2206 2207 2175
2175 2176 2207
2207 2208 2176
2176 2177 2208
2208 2209 2177
2177 2178 2209
2209 2210 2178
2178 2179 2210
2210 2211 2179
2179 2180 2211
2211 2212 2180
2180 2181 2212
2212 2213 2181
2181 2182 2213
2213 2214 2182
2182 2183 2214
2214 2215 2183
2183 2184 2215
2215 2216 2184
2184 2185 2216
2216 2217 2185
2185 2186 2217
2217 2218 2186
2186 2187 2218
2218 2219 2187
2187 2188 2219
2219 2220 2188
2188 2189 2220
2220 2221 2189
2189 2190 2221
2221 2222 2190
2190 2191 2222
2222 2223 2191
2191 2192 2223
2223 2224 2192
2192 2193 2224
2224 2225 2193
2193 2194 2225
2225 2226 2194
2194 2195 2226
2226 2227 2195
2195 2196 2227
2227 2228 2196
2196 2197 2228
2228 2229 2197
2197 2198 2229
2229 2230 2198
2198 2199 2230
2230 2231 2199
2199 2200 2231
2231 2232 2200
2200 2201 2232
2232 2233 2201
2201 2202 2233
2233 2234 2202
2202 2203 2234
2234 2235 2203
2203 2204 2235
2205 2206 2236
2236 2237 2206
2206 2207 2237
2237 2238 2207
2207 2208 2238
2238 2239 2208
2208 2209 2239
2239 2240 2209
2209 2210 2240
2240 2241 2210
2210 2211 2241
2241 2242 2211
2211 2212 2242
2242 2243 2212
2212 2213 2243
2243 2244 2213
2213 2214 2244
2244 2245 2214
2214 2215 2245
2245 2246 2215
2215 2216 2246
2246 2247 2216
2216 2217 2247
2247 2248 2217
2217 2218 2248
2248 2249 2218
2218 2219 2249
2249 2250 2219
2219 2220 2250
2250 2251 2220
2220 2221 2251
2251 2252 2221
2221 2222 2252
2252 2253 2222
2222 2223 2253
2253 2254 2223
2223 2224 2254
2254 2255 2224
2224 2225 2255
2255 2256 2225
2225 2226 2256
2256 2257 2226
2226 2227 2257
2257 2258 2227
2227 2228 2258
2258 2259 2228
2228 2229 2259
2259 2260 2229
2229 2230 2260
2260 2261 2230
2230 2231 2261
2261 2262 2231
2231 2232 2262
2262 2263 2232
2232 2233 2263
2263 2264 2233
2233 2234 2264
2264 2265 2234
2234 2235 2265
2236 2237 2266
2266 2267 2237
2237 2238 2267
2267 2268 2238
2238 2239 2268
2268 2269 2239
2239 2240 2269
2269 2270 2240
2240 2241 2270
2270 2271 2241
2241 2242 2271
2271 2272 2242
2242 2243 2272
2272 2273 2243
2243 2244 2273
2273 2274 2244
2244 2245 2274
2274 2275 2245
2245 2246 2275
2275 2276 2246
2246 2247 2276
2276 2277 2247
2247 2248 2277
2277 2278 2248
2248 2249 2278
2278 2279 2249
2249 2250 2279
2279 2280 2250
2250 2251 2280
2280 2281 2251
2251 2252 2281
2281 2282 2252
2252 2253 2282
2282 2283 2253
2253 2254 2283
2283 2284 2254
2254 2255 2284
2284 2285 2255
2255 2256 2285
2285 2286 2256
2256 2257 2286
2286 2287 2257
2257 2258 2287
2287 2288 2258
2258 2259 2288
2288 2289 2259
2259 2260 2289
2289 2290 2260
2260 2261 2290
2290 2291 2261
2261 2262 2291
2291 2292 2262
2262 2263 2292
2292 2293 2263
2263 2264 2293
2293 2294 2264
2264 2265 2294
2266 2267 2295
2295 2296 2267
2267 2268 2296
2296 2297 2268
2268 2269 2297
2297 2298 2269
2269 2270 2298
2298 2299 2270
2270 2271 2299
2299 2300 2271
2271 2272 2300
2300 2301 2272
2272 2273 2301
2301 2302 2273
2273 2274 2302
2302 2303 2274
2274 2275 2303
2303 2304 2275
2275 2276 2304
2304 2305 2276
2276 2277 2305
2305 2306 2277
2277 2278 2306
2306 2307 2278
2278 2279 2307
2307 2308 2279
2279 2280 2308
2308 2309 2280
2280 2281 2309
2309 2310 2281
2281 2282 2310
2310 2311 2282
2282 2283 2311
2311 2312 2283
2283 2284 2312
2312 2313 2284
2284 2285 2313
2313 2314 2285
2285 2286 2314
2314 2315 2286
2286 2287 2315
2315 2316 2287
2287 2288 2316
2316 2317 2288
2288 2289 2317
2317 2318 2289
2289 2290 2318
2318 2319 2290
2290 2291 2319
2319 2320 2291
2291 2292 2320
2320 2321 2292
2292 2293 2321
2321 2322 2293
2293 2294 2322
2295 2296 2323
2323 2324 2296
2296 2297 2324
2324 2325 2297
2297 2298 2325
2325 2326 2298
2298 2299 2326
2326 2327 2299
2299 2300 2327
2327 2328 2300
2300 2301 2328
2328 2329 2301
2301 2302 2329
2329 2330 2302
2302 2303 2330
2330 2331 2303
2303 2304 2331
2331 2332 2304
2304 2305 2332
2332 2333 2305
2305 2306 2333
2333 2334 2306
2306 2307 2334
2334 2335 2307
2307 2308 2335
2335 2336 2308
2308 2309 2336
2336 2337 2309
2309 2310 2337
2337 2338 2310
2310 2311 2338
2338 2339 2311
2311 2312 2339
2339 2340 2312
2312 2313 2340
2340 2341 2313
2313 2314 2341
2341 2342 2314
2314 2315 2342
2342 2343 2315
2315 2316 2343
2343 2344 2316
2316 2317 2344
2344 2345 2317
2317 2318 2345
2345 2346 2318
2318 2319 2346
2346 2347 2319
2319 2320 2347
2347 2348 2320
2320 2321 2348
2348 2349 2321
2321 2322 2349
2323 2324 2350
2350 2351 2324
2324 2325 2351
2351 2352 2325
2325 2326 2352
2352 2353 2326
2326 2327 2353
2353 2354 2327
2327 2328 2354
2354 2355 2328
2328 2329 2355
2355 2356 2329
2329 2330 2356
2356 2357 2330
2330 2331 2357
2357 2358 2331
2331 2332 2358
2358 2359 2332
2332 2333 2359
2359 2360 2333
2333 2334 2360
2360 2361 2334
2334 2335 2361
2361 2362 2335
2335 2336 2362
2362 2363 2336
2336 2337 2363
2363 2364 2337
2337 2338 2364
2364 2365 2338
2338 2339 2365
2365 2366 2339
2339 2340 2366
2366 2367 2340
2340 2341 2367
2367 2368 2341
2341 2342 2368
2368 2369 2342
2342 2343 2369
2369 2370 2343
2343 2344 2370
2370 2371 2344
2344 2345 2371
2371 2372 2345
2345 2346 2372
2372 2373 2346
2346 2347 2373
2373 2374 2347
2347 2348 2374
2374 2375 2348
2348 2349 2375
2350 2351 2376
2376 2377 2351
2351 2352 2377
2377 2378 2352
2352 2353 2378
2378 2379 2353
2353 2354 2379
2379 2380 2354
2354 2355 2380
2380 2381 2355
2355 2356 2381
2381 2382 2356
2356 2357 2382
2382 2383 2357
2357 2358 2383
2383 2384 2358
2358 2359 2384
2384 2385 2359
2359 2360 2385
2385 2386 2360
2360 2361 2386
2386 2387 2361
2361 2362 2387
2387 2388 2362
2362 2363 2388
2388 2389 2363
2363 2364 2389
2389 2390 2364
2364 2365 2390
2390 2391 2365
2365 2366 2391
2391 2392 2366
2366 2367 2392
2392 2393 2367
2367 2368 2393
2393 2394 2368
2368 2369 2394
2394 2395 2369
2369 2370 2395
2395 2396 2370
2370 2371 2396
2396 2397 2371
2371 2372 2397
2397 2398 2372
2372 2373 2398
2398 2399 2373
2373 2374 2399
2399 2400 2374
2374 2375 2400
2376 2377 2401
2401 2402 2377
2377 2378 2402
2402 2403 2378
2378 2379 2403
2403 2404 2379
2379 2380 2404
2404 2405 2380
2380 2381 2405
2405 2406 2381
2381 2382 2406
2406 2407 2382
2382 2383 2407
2407 2408 2383
2383 2384 2408
2408 2409 2384
2384 2385 2409
2409 2410 2385
2385 2386 2410
2410 2411 2386
2386 2387 2411
2411 2412 2387
2387 2388 2412
2412 2413 2388
2388 2389 2413
2413 2414 2389
2389 2390 2414
2414 2415 2390
2390 2391 2415
2415 2416 2391
2391 2392 2416
2416 2417 2392
2392 2393 2417
2417 2418 2393
2393 2394 2418
2418 2419 2394
2394 2395 2419
2419 2420 2395
2395 2396 2420
2420 2421 2396
2396 2397 2421
2421 2422 2397
2397 2398 2422
2422 2423 2398
2398 2399 2423
2423 2424 2399
2399 2400 2424
2401 2402 2425
2425 2426 2402
2402 2403 2426
2426 2427 2403
2403 2404 2427
2427 2428 2404
2404 2405 2428
2428 2429 2405
2405 2406 2429
2429 2430 2406
2406 2407 2430
2430 2431 2407
2407 2408 2431
2431 2432 2408
2408 2409 2432
2432 2433 2409
2409 2410 2433
2433 2434 2410
2410 2411 2434
2434 2435 2411
2411 2412 2435
2435 2436 2412
2412 2413 2436
2436 2437 2413
2413 2414 2437
2437 2438 2414
2414 2415 2438
2438 2439 2415
2415 2416 2439
2439 2440 2416
2416 2417 2440
2440 2441 2417
2417 2418 2441
2441 2442 2418
2418 2419 2442
2442 2443 2419
2419 2420 2443
2443 2444 2420
2420 2421 2444
2444 2445 2421
2421 2422 2445
2445 2446 2422
2422 2423 2446
2446 2447 2423
2423 2424 2447
2425 2426 2448
2448 2449 2426
2426 2427 2449
2449 2450 2427
2427 2428 2450
2450 2451 2428
2428 2429 2451
2451 2452 2429
2429 2430 2452
2452 2453 2430
2430 2431 2453
2453 2454 2431
2431 2432 2454
2454 2455 2432
2432 2433 2455
2455 2456 2433
2433 2434 2456
2456 2457 2434
2434 2435 2457
2457 2458 2435
2435 2436 2458
2458 2459 2436
2436 2437 2459
2459 2460 2437
2437 2438 2460
2460 2461 2438
2438 2439 2461
2461 2462 2439
2439 2440 2462
2462 2463 2440
2440 2441 2463
2463 2464 2441
2441 2442 2464
2464 2465 2442
2442 2443 2465
2465 2466 2443
2443 2444 2466
2466 2467 2444
2444 2445 2467
2467 2468 2445
2445 2446 2468
2468 2469 2446
2446 2447 2469
2448 2449 2470
2470 2471 2449
2449 2450 2471
2471 2472 2450
2450 2451 2472
2472 2473 2451
2451 2452 2473
2473 2474 2452
2452 2453 2474
2474 2475 2453
2453 2454 2475
2475 2476 2454
2454 2455 2476
2476 2477 2455
2455 2456 2477
2477 2478 2456
2456 2457 2478
2478 2479 2457
2457 2458 2479
2479 2480 2458
2458 2459 2480
2480 2481 2459
2459 2460 2481
2481 2482 2460
2460 2461 2482
2482 2483 2461
2461 2462 2483
2483 2484 2462
2462 2463 2484
2484 2485 2463
2463 2464 2485
2485 2486 2464
2464 2465 2486
2486 2487 2465
2465 2466 2487
2487 2488 2466
2466 2467 2488
2488 2489 2467
2467 2468 2489
2489 2490 2468
2468 2469 2490
2470 2471 2491
2491 2492 2471
2471 2472 2492
2492 2493 2472
2472 2473 2493
2493 2494 2473
2473 2474 2494
2494 2495 2474
2474 2475 2495
2495 2496 2475
2475 2476 2496
2496 2497 2476
2476 2477 2497
2497 2498 2477
2477 2478 2498
2498 2499 2478
2478 2479 2499
2499 2500 2479
2479 2480 2500
2500 2501 2480
2480 2481 2501
2501 2502 2481
2481 2482 2502
2502 2503 2482
2482 2483 2503
2503 2504 2483
2483 2484 2504
2504 2505 2484
2484 2485 2505
2505 2506 2485
2485 2486 2506
2506 2507 2486
2486 2487 2507
2507 2508 2487
2487 2488 2508
2508 2509 2488
2488 2489 2509
2509 2510 2489
2489 2490 2510
2491 2492 2511
2511 2512 2492
2492 2493 2512
2512 2513 2493
2493 2494 2513
2513 2514 2494
2494 2495 2514
2514 2515 2495
2495 2496 2515
2515 2516 2496
2496 2497 2516
2516 2517 2497
2497 2498 2517
2517 2518 2498
2498 2499 2518
2518 2519 2499
2499 2500 2519
2519 2520 2500
2500 2501 2520
2520 2521 2501
2501 2502 2521
2521 2522 2502
2502 2503 2522
2522 2523 2503
2503 2504 2523
2523 2524 2504
2504 2505 2524
2524 2525 2505
2505 2506 2525
2525 2526 2506
2506 2507 2526
2526 2527 2507
2507 2508 2527
2527 2528 2508
2508 2509 2528
2528 2529 2509
2509 2510 2529
2511 2512 2530
2530 2531 2512
2512 2513 2531
2531 2532 2513
2513 2514 2532
2532 2533 2514
2514 2515 2533
2533 2534 2515
2515 2516 2534
2534 2535 2516
2516 2517 2535
2535 2536 2517
2517 2518 2536
2536 2537 2518
2518 2519 2537
2537 2538 2519
2519 2520 2538
2538 2539 2520
2520 2521 2539
2539 2540 2521
2521 2522 2540
2540 2541 2522
2522 2523 2541
2541 2542 2523
2523 2524 2542
2542 2543 2524
2524 2525 2543
2543 2544 2525
2525 2526 2544
2544 2545 2526
2526 2527 2545
2545 2546 2527
2527 2528 2546
2546 2547 2528
2528 2529 2547
2530 2531 2548
2548 2549 2531
2531 2532 2549
2549 2550 2532
2532 2533 2550
2550 2551 2533
2533 2534 2551
2551 2552 2534
2534 2535 2552
2552 2553 2535
2535 2536 2553
2553 2554 2536
2536 2537 2554
2554 2555 2537
2537 2538 2555
2555 2556 2538
2538 2539 2556
2556 2557 2539
2539 2540 2557
2557 2558 2540
2540 2541 2558
2558 2559 2541
2541 2542 2559
2559 2560 2542
2542 2543 2560
2560 2561 2543
2543 2544 2561
2561 2562 2544
2544 2545 2562
2562 2563 2545
2545 2546 2563
2563 2564 2546
2546 2547 2564
2548 2549 2565
2565 2566 2549
2549 2550 2566
2566 2567 2550
2550 2551 2567
2567 2568 2551
2551 2552 2568
2568 2569 2552
2552 2553 2569
2569 2570 2553
2553 2554 2570
2570 2571 2554
2554 2555 2571
2571 2572 2555
2555 2556 2572
2572 2573 2556
2556 2557 2573
2573 2574 2557
2557 2558 2574
2574 2575 2558
2558 2559 2575
2575 2576 2559
2559 2560 2576
2576 2577 2560
2560 2561 2577
2577 2578 2561
2561 2562 2578
2578 2579 2562
2562 2563 2579
2579 2580 2563
2563 2564 2580
2565 2566 2581
2581 2582 2566
2566 2567 2582
2582 2583 2567
2567 2568 2583
2583 2584 2568
2568 2569 2584
2584 2585 2569
2569 2570 2585
2585 2586 2570
2570 2571 2586
2586 2587 2571
2571 2572 2587
2587 2588 2572
2572 2573 2588
2588 2589 2573
2573 2574 2589
2589 2590 2574
2574 2575 2590
2590 2591 2575
2575 2576 2591
2591 2592 2576
2576 2577 2592
2592 2593 2577
2577 2578 2593
2593 2594 2578
2578 2579 2594
2594 2595 2579
2579 2580 2595
2581 2582 2596
2596 2597 2582
2582 2583 2597
2597 2598 2583
2583 2584 2598
2598 2599 2584
2584 2585 2599
2599 2600 2585
2585 2586 2600
2600 2601 2586
2586 2587 2601
2601 2602 2587
2587 2588 2602
2602 2603 2588
2588 2589 2603
2603 2604 2589
2589 2590 2604
2604 2605 2590
2590 2591 2605
2605 2606 2591
2591 2592 2606
2606 2607 2592
2592 2593 2607
2607 2608 2593
2593 2594 2608
2608 2609 2594
2594 2595 2609
2596 2597 2610
2610 2611 2597
2597 2598 2611
2611 2612 2598
2598 2599 2612
2612 2613 2599
2599 2600 2613
2613 2614 2600
2600 2601 2614
2614 2615 2601
2601 2602 2615
2615 2616 2602
2602 2603 2616
2616 2617 2603
2603 2604 2617
2617 2618 2604
2604 2605 2618
2618 2619 2605
2605 2606 2619
2619 2620 2606
2606 2607 2620
2620 2621 2607
2607 2608 2621
2621 2622 2608
2608 2609 2622
2610 2611 2623
2623 2624 2611
2611 2612 2624
2624 2625 2612
2612 2613 2625
2625 2626 2613
2613 2614 2626
2626 2627 2614
2614 2615 2627
2627 2628 2615
2615 2616 2628
2628 2629 2616
2616 2617 2629
2629 2630 2617
2617 2618 2630
2630 2631 2618
2618 2619 2631
2631 2632 2619
2619 2620 2632
2632 2633 2620
2620 2621 2633
2633 2634 2621
2621 2622 2634
2623 2624 2635
2635 2636 2624
2624 2625 2636
2636 2637 2625
2625 2626 2637
2637 2638 2626
2626 2627 2638
2638 2639 2627
2627 2628 2639
2639 2640 2628
2628 2629 2640
2640 2641 2629
2629 2630 2641
2641 2642 2630
2630 2631 2642
2642 2643 2631
2631 2632 2643
2643 2644 2632
2632 2633 2644
2644 2645 2633
2633 2634 2645
2635 2636 2646
2646 2647 2636
2636 2637 2647
2647 2648 2637
2637 2638 2648
2648 2649 2638
2638 2639 2649
2649 2650 2639
2639 2640 2650
2650 2651 2640
2640 2641 2651
2651 2652 2641
2641 2642 2652
2652 2653 2642
2642 2643 2653
2653 2654 2643
2643 2644 2654
2654 2655 2644
2644 2645 2655
2646 2647 2656
2656 2657 2647
2647 2648 2657
2657 2658 2648
2648 2649 2658
2658 2659 2649
2649 2650 2659
2659 2660 2650
2650 2651 2660
2660 2661 2651
2651 2652 2661
2661 2662 2652
2652 2653 2662
2662 2663 2653
2653 2654 2663
2663 2664 2654
2654 2655 2664
2656 2657 2665
2665 2666 2657
2657 2658 2666
2666 2667 2658
2658 2659 2667
2667 2668 2659
2659 2660 2668
2668 2669 2660
2660 2661 2669
2669 2670 2661
2661 2662 2670
2670 2671 2662
2662 2663 2671
2671 2672 2663
2663 2664 2672
2665 2666 2673
2673 2674 2666
2666 2667 2674
2674 2675 2667
2667 2668 2675
2675 2676 2668
2668 2669 2676
2676 2677 2669
2669 2670 2677
2677 2678 2670
2670 2671 2678
2678 2679 2671
2671 2672 2679
2673 2674 2680
2680 2681 2674
2674 2675 2681
2681 2682 2675
2675 2676 2682
2682 2683 2676
2676 2677 2683
2683 2684 2677
2677 2678 2684
2684 2685 2678
2678 2679 2685
2680 2681 2686
2686 2687 2681
2681 2682 2687
2687 2688 2682
2682 2683 2688
2688 2689 2683
2683 2684 2689
2689 2690 2684
2684 2685 2690
2686 2687 2691
2691 2692 2687
2687 2688 2692
2692 2693 2688
2688 2689 2693
2693 2694 2689
2689 2690 2694
2691 2692 2695
2695 2696 2692
2692 2693 2696
2696 2697 2693
2693 2694 2697
2695 2696 2698
2698 2699 2696
2696 2697 2699
2698 2699 2700
