4 0.3594775313781580 2.8350734977371026 8.1577958546200975 1.7039999340839047 10.3795931797293193 0.3594775313781580 8.5669438303570189 67.0000225316059925 2.9239891363919606 112.4492056379982614 0.1351154466352188 0.0658529093566776 0.0067677206357745 0.0070165485416188 0.0437481719063445 0.0455901900004972
8 0.0958862495571291 3.0617657429981811 8.4901207174341753 1.7514668635177038 11.9618985277600913 0.0958862495571292 9.5562945824770278 72.2874162938259701 3.0905017090218809 144.7768578578537131 0.0093037522952636 0.0194023013565771 0.0028476744630977 0.0074537962536538 0.0118098868232556 0.0119183577326689
10 0.0618708386644408 3.0902377223240376 8.5379559897650310 1.7593205023542489 12.1721042204526029 0.0618708386644406 9.6711378623123121 73.0741413911641189 3.1190957094879836 149.2996478169593217 0.0038576318882013 0.0127302791927434 0.0024342518426406 0.0077174376074113 0.0076911833935274 0.0077406494042234
16 0.0243905613997509 3.1214188537557366 8.5932072551519276 1.7690676714345863 12.4078371192882848 0.0243905613997510 9.7931675974202186 73.9965882973131386 3.1553195800893654 154.4336868181780744 0.0005967578878705 0.0051227165310225 0.0020770679577141 0.0082180312092758 0.0031130306829116 0.0031238932308677
20 0.0156442114738123 3.1286647793837585 8.6065729451601065 1.7715586648957258 12.4638981170844758 0.0156442114738122 9.8208734142155283 74.2224709390261950 3.1647450934721424 155.6631186174786592 0.0002452379080637 0.0033028522694796 0.0020165631380217 0.0083879752995624 0.0020235909958889 0.0020288987577782
24 0.0108772108346356 3.1326087184331235 8.6139451676315080 1.7729583088137824 12.4947303103797260 0.0108772108346356 9.8358383127629931 74.3475997788782053 3.1700781110008811 156.3402220174767479 0.0001184822539619 0.0023031064141364 0.0019885219110981 0.0084930667995595 0.0014215918885012 0.0014245045050590
32 0.0061259363691429 3.1365357164368195 8.6213586451942348 1.7743854425581649 12.5257290358341393 0.0061259363691429 9.8506544658772413 74.4738430933566917 3.1755462968909427 157.0213287175368180 0.0000375576197013 0.0013009099749485 0.0019645160410554 0.0086082524325470 0.0008122740797688 0.0008133670175438
36 0.0048418701323774 3.1375963115529166 8.6233739115848689 1.7747769569994645 12.5341667354467656 0.0048418701323774 9.8546411160403391 74.5082361947890206 3.1770521914581371 157.2067203735394685 0.0000234588522377 0.0010290508250544 0.0019587617918892 0.0086413921711412 0.0006453289512668 0.0006460522348612
48 0.0027250701047216 3.1393330010438496 8.6929977874107216 1.8054950433132118 12.5480925116729498 0.0027250701047216 9.8618344918947862 75.8191736865347394 3.3020356330325584 157.5141456289773600 0.0000074288154076 0.0006517029072849 0.0033210149193754 0.0129526724400188 0.0003780133306150 0.0003781752327886
52 0.0023222029072455 3.1396674395925870 8.6903719723830601 1.8040995336720198 12.5507783648035325 0.0023222029072455 9.8629507266444705 75.7673010139537695 3.2960307712348231 157.5726711037478083 0.0000053943604119 0.0005517716448199 0.0032405678423814 0.0126754206433412 0.0003214378261665 0.0003215630714660
64 0.0015333410465832 3.1403217840003785 8.6875304942687084 1.8024270844100909 12.5560489795884198 0.0015333410465832 9.8651858878332384 75.7098616246125857 3.2887852383512657 157.6877734685236589 0.0000023516331217 0.0003615004875481 0.0031358890226956 0.0123253328664171 0.0002119033652703 0.0002119642718549
72 0.0012116338022499 3.1405887183439840 8.6837391224870970 1.8005562356138636 12.5582051568494801 0.0012116338022499 9.8660915150114405 75.6363766610384261 3.2808875292117143 157.7349003104605174 0.0000014683021263 0.0002832741507146 0.0030375233861920 0.0119940587689190 0.0001672931144203 0.0001673338849097
84 0.0008902573593333 3.1408555900396005 8.6735489137718176 1.7958139376699698 12.5603644899785287 0.0008902573593333 9.8669850913745716 75.4417561776966750 3.2612102202920066 157.7821164125761584 0.0000007926554464 0.0002038782793243 0.0028087751166034 0.0112443750875613 0.0001227177563233 0.0001227424288261
96 0.0006816418945399 3.1410283358001845 8.6733102978142096 1.7956106801966678 12.5617666532970169 0.0006816418945399 9.8675977623105346 75.4364453658488827 3.2603221155617694 157.8128232241300566 0.0000004646793809 0.0001559646065237 0.0027933556680756 0.0111978792744962 0.0000940555266206 0.0000940704929546
