4 0.1903995547630175 1.4965019369224777 5.6990697957285565 1.1246359090799667 5.8046135735174893 0.1903995547630174 2.2699811439431103 32.5522724223281372 1.2670703417859110 33.7934028906380846 0.0363667885882562 0.0136025234394949 0.0022437573820226 0.0017903250954735 0.0029638962399157 0.0031666712051781
8 0.0487068628463531 1.5517898521423912 5.8038235608286630 1.1429923186777642 6.1590418937744511 0.0487068628463532 2.4169700736471116 33.7088044300703586 1.3077750000526644 37.9567345541043011 0.0023738035568616 0.0037035451803473 0.0007254553475577 0.0010284194444375 0.0006046719975259 0.0006091273874639
10 0.0312596283939279 1.5585984898864877 5.8166293901885027 1.1452024840798867 6.2033770741750756 0.0312596283939280 2.4350463151317698 33.8511547105429571 1.3127191035870924 38.4949362640668724 0.0009774963988644 0.0023946123853567 0.0005313496717254 0.0009381506806988 0.0003390982262322 0.0003397908775922
16 0.0122479245753985 1.5660172270886823 5.8305702690583043 1.1476012964620745 6.2518582477146625 0.0122479245753986 2.4547295063451839 34.0063792690042703 1.3180970132555223 39.0894298441708727 0.0001500258177335 0.0009458250654300 0.0003185595375036 0.0008415239888504 0.0000946200699438 0.0000944015229563
20 0.0078441764134574 1.5677355818100380 5.8337978129055230 1.1481556161303776 6.2631134354458462 0.0078441764134575 2.4592864441634399 34.0423553369962306 1.3193415495362886 39.2285755821052007 0.0000615342095988 0.0006068812811885 0.0002691024048078 0.0008194359260290 0.0000506206847886 0.0000504784282030
24 0.0054494235101295 1.5686700085588412 5.8355527227601485 1.1484568537855706 6.2692379873713318 0.0054494235101294 2.4617641024810304 34.0619228239674214 1.3200181662748380 39.3045303700836826 0.0000296971096805 0.0004220327251557 0.0002421836619261 0.0008074746793077 0.0000301609897498 0.0000300741244341
32 0.0030664642787599 1.5695998245621963 5.8372988410816244 1.1487564695616119 6.2753351697479403 0.0030664642787599 2.4642292728374748 34.0813966769893568 1.3206913442301962 39.3803511050479571 0.0000094033269160 0.0002377225218757 0.0002153813598648 0.0007956084505728 0.0000131948856268 0.0000131596751827
36 0.0024231335546390 1.5698508467105532 5.8377702185022740 1.1488373338502478 6.2769817117990785 0.0024231335546390 2.4648947485918784 34.0866545399395875 1.3208730655074279 39.4008689815560729 0.0000058716311592 0.0001879003900264 0.0002081428185557 0.0007924111911868 0.0000093798632382 0.0000093561916887
48 0.0013632426355345 1.5702644056524326 5.8385467937811875 1.1489705369053960 6.2796948416111116 0.0013632426355345 2.4659910770646638 34.0953173581201270 1.3211724370750018 39.4347271645274020 0.0000018584380011 0.0001057590951003 0.0001962148437719 0.0007871496026334 0.0000040538233618 0.0000040452230026
52 0.0011616168066516 1.5703430778518443 5.8386945209556105 1.1489958735852051 6.2802110297820493 0.0011616168066516 2.4661996279195129 34.0969653768584706 1.3212293854462973 39.4411770360662146 0.0000013493579232 0.0000901248178175 0.0001939454156984 0.0007861495220191 0.0000032062399012 0.0000031998039178
64 0.0007668967786131 1.5704970931138145 5.8389837227655601 1.1490454726177217 6.2812216217690064 0.0007668967786131 2.4666078988518940 34.1001917546942011 1.3213408718042516 39.4538137672803089 0.0000005881316915 0.0000595101101711 0.0001895022867754 0.0007841924936495 0.0000017414190144 0.0000017384223982
72 0.0006059586563002 1.5705598892657435 5.8391016383904670 1.1490656949982863 6.2816336896160694 0.0006059586563002 2.4667743597176450 34.1015072745347680 1.3213863284137517 39.4589703626008443 0.0000003671863442 0.0000470247314465 0.0001876905945317 0.0007833948933656 0.0000012304462217 0.0000012285166528
84 0.0004452055060707 1.5706225333066346 5.8422225057657533 1.1504071529376232 6.2820449769781801 0.0004452055060707 2.4669422097057425 34.1388130677001769 1.3245929779471364 39.4641198653672021 0.0000001982080969 0.0000352949687660 0.0002123916989365 0.0008737557974227 0.0000007797618323 0.0000007785418201
96 0.0003408661263590 1.5706632615500817 5.8423801857084943 1.1504533624361815 6.2823122089494046 0.0003408661263590 2.4670498266882226 34.1406399340704851 1.3247015240766156 39.4674674048494367 0.0000001161897770 0.0000270555179689 0.0002119243436063 0.0008753663380592 0.0000005248410128 0.0000005241077368
