4 0.0775701889775255 0.6165438026008407 3.5943646194094008 0.6948275132693953 2.4357286028675187 0.0775701889775257 0.3808815912387284 12.9248801943557936 0.4829604752519546 5.9363032954052626 0.0060208334326447 0.0019870521762421 0.0004197681904480 0.0003628985090267 0.0005949103541329 0.0006147801431046
8 0.0195737860036745 0.6253422113064284 3.6202581730547880 0.6997299667622958 2.4935764189165996 0.0195737860036745 0.3912594484696084 13.1077860457270461 0.4896777463297133 6.2186338346985286 0.0003831771917635 0.0005282334893910 0.0001157313442391 0.0001138019565032 0.0001142628625035 0.0001150859741633
10 0.0125412880382823 0.6264111749866106 3.6233856085621743 0.7003194907574689 2.5006434131202036 0.0125412880382824 0.3925245726774624 13.1299305884700761 0.4904877049591767 6.2536295251412595 0.0001572943149143 0.0003405086837522 0.0000767252663459 0.0000822021388414 0.0000658933678772 0.0000661813113361
12 0.0087145427284041 0.6269930304599245 3.6250863088645429 0.7006398456594527 2.5044936584252198 0.0087145427284042 0.3932135814845514 13.1419776024704991 0.4909280471619744 6.2727517531853936 0.0000759464516615 0.0002373859825321 0.0000553110025334 0.0000648891490823 0.0000419718735041 0.0000420932229715
16 0.0049049065629814 0.6275724066537933 3.6267786551928860 0.7009584717906937 2.5083299938075134 0.0049049065629815 0.3938999190959313 13.1539688051379411 0.4913661536044297 6.2918492716032128 0.0000240586058935 0.0001340456722074 0.0000338609938351 0.0000475725507236 0.0000206483731114 0.0000206791781868
24 0.0021809043065529 0.6279867516890723 3.6279881627871142 0.7011860703247448 2.5110751056779308 0.0021809043065529 0.3943909197274466 13.1625408644925166 0.4916791825060061 6.3055467622940542 0.0000047563802570 0.0000597398081737 0.0000184432207111 0.0000351405882066 0.0000077037431757 0.0000077081686772
32 0.0012269449926144 0.6281318718401152 3.6284121739721353 0.7012659649812774 2.5120368551621883 0.0012269449926144 0.3945629195072028 13.1655464420046613 0.4917890916311123 6.3103536687123301 0.0000015053998630 0.0000336360351326 0.0000130294637799 0.0000307824151281 0.0000038836356337 0.0000038847525597
36 0.0009694777514547 0.6281710401152487 3.6285259584273879 0.7012872497960840 2.5122964603899542 0.0009694777514547 0.3946093454322057 13.1663529014549958 0.4918183636379901 6.3116520978365935 0.0000009398898799 0.0000265834342457 0.0000115652554499 0.0000295990214713 0.0000029458219788 0.0000029464584337
48 0.0005453680502714 0.6282355606598524 3.6287160888621202 0.7013234618649608 2.5127241242258456 0.0005453680502714 0.3946858239838582 13.1677010566001140 0.4918682104017645 6.3137920909737124 0.0000002974267610 0.0000149597331019 0.0000091590883941 0.0000276753324302 0.0000015151784422 0.0000015153401572
52 0.0004646982698895 0.6282478333154358 3.6287500254510130 0.7013294004934579 2.5128054748686286 0.0004646982698895 0.3947003715015556 13.1679412474236717 0.4918763497534967 6.3141993265733500 0.0000002159447547 0.0000127476448422 0.0000086954525711 0.0000272875962380 0.0000012625597085 0.0000012626705563
64 0.0003067811780272 0.6282718579573503 3.6288242166062923 0.7013443302282760 2.5129647284735186 0.0003067811780272 0.3947288499118853 13.1684680110335997 0.4918969556731397 6.3149967190435294 0.0000000941147656 0.0000084170150468 0.0000078078033079 0.0000266041043443 0.0000007905776857 0.0000007906191538
72 0.0002423974887996 0.6282816530784607 3.6288486996510443 0.7013479621308362 2.5130296590091019 0.0002423974887996 0.3947404608863202 13.1686407390104421 0.4919018855323702 6.3153219075893308 0.0000000587565783 0.0000066507212640 0.0000074308943838 0.0000262692360257 0.0000006081292956 0.0000006081521643
84 0.0001780897737357 0.6282914366174734 3.6288772911357454 0.7013533516416783 2.5130945136322036 0.0001780897737358 0.3947520582975923 13.1688434328868258 0.4919093008965312 6.3156467676818577 0.0000000317159812 0.0000048865613975 0.0000070651172918 0.0000259750514503 0.0000004327719486 0.0000004327831605
96 0.0001363508888081 0.6282977865399514 3.6289111742110012 0.7013633629072928 2.5131366076049528 0.0001363508888081 0.3947595857849553 13.1690867458509970 0.4919233235985538 6.3158576498060492 0.0000000185915709 0.0000037420737432 0.0000068673067710 0.0000259331081442 0.0000003232059194 0.0000003232121348
128 0.0000766981031379 0.6283068617305692 3.6290076799656057 0.7013978307153255 2.5131967682507987 0.0000766981031379 0.3947703453714432 13.1697850765698377 0.4919718743506952 6.3161590931318745 0.0000000058826000 0.0000021097721590 0.0000067074680780 0.0000263384158410 0.0000001737109198 0.0000001737126240
